
Frequency	dB	Unweighted
20.586044732869844	65.2
21.189261887185914	65.3
21.49746679841394	65.3
21.810154653305165	65.3
22.12739065777668	65.3
22.449240966187475	65.3
22.77577269513385	65.4
23.107053937445478	65.4
23.44315377638505	65.5
23.784142300054445	65.5
24.130090616010463	65.5
24.481070866093134	65.5
24.837156241469714	65.6
25.1984209978975	65.6
25.56494047120865	65.6
25.936791093020236	65.6
26.69679708340074	65.6
27.47907294916184	65.7
27.878765268980047	65.7
28.284271247461966	65.7
28.695675446220072	65.7
29.11306365684382	65.7
29.536522918790062	65.7
29.966141537533712	65.7
30.402009102982383	65.7
30.844216508158908	65.8
31.29285596815558	65.8
31.74802103936409	65.8
32.20980663898519	65.8
33.153626015361866	65.8
33.63585661014871	65.8
34.125101410453844	65.8
34.62146244024586	65.8
35.12504320746613	65.8
35.635948725613716	65.8
36.15428553564419	65.8
37.21368696608603	65.8
38.30413122794313	65.8
38.86127764614443	65.8
40.000000000000206	65.7
40.58181339750116	65.7
41.1720894657399	65.7
41.77095129709678	65.7
42.37852377437204	65.7
43.62030930661056	65.7
44.25478131555359	65.6
44.89848193237519	65.6
45.55154539026795	65.6
46.88630755277036	65.6
47.56828460010916	65.5
48.260181232021196	65.5
48.962141732186545	65.5
49.674312482939705	65.5
50.39684199579528	65.4
51.129880942417586	65.4
54.17022187747612	65.3
54.95814589832399	65.3
55.75753053796041	65.2
56.56854249492426	65.2
58.226127313687975	65.1
59.073045837580466	65.1
60.804018205965114	65.0
61.68843301631817	65.0
62.58571193631152	64.9
64.41961327797075	64.8
67.27171322029778	64.7
68.25020282090806	64.6
69.2429248804921	64.6
70.25008641493265	64.5
71.27189745122783	64.5
73.36032345637442	64.4
74.42737393217246	64.3
76.60826245588666	64.2
77.72255529228926	64.2
82.34417893148023	63.9
83.541902594194	63.9
84.75704754874454	63.8
85.98986719365665	63.8
89.79696386475084	63.6
91.10309078053635	63.5
92.42821574978288	63.5
93.77261510554118	63.4
95.13656920021877	63.3
96.52036246404286	63.3
99.34862496587989	63.1
102.25976188483567	63.0
103.74716437208203	62.9
105.25620162669229	62.8
106.78718833360406	62.8
108.34044375495276	62.7
111.51506107592134	62.5
114.78270178488147	62.3
118.14609167516147	62.1
125.17142387262359	61.7
128.83922655594208	61.5
130.71323625928977	61.4
134.5434264405962	61.2
136.50040564181674	61.1
140.50017282986593	61.1
142.5437949024563	61.1
144.61714214257822	61.2
146.7206469127495	61.3
148.8547478643456	61.3
151.01989002907314	61.4
153.216524911774	61.5
155.4451105845792	61.6
157.70611178243232	61.7
160.00000000000236	61.8
162.3272535900062	61.9
164.6883578629612	62.0
167.08380518838874	62.0
171.97973438731407	62.0
169.51409509748981	62.0
174.4812372264439	62.0
177.01912526221608	62.0
179.5939277295025	61.9
187.54523021108326	61.8
190.27313840043846	61.7
193.04072492808663	61.7
195.84856692874806	61.6
198.69724993176072	61.5
201.58736798318304	61.5
204.5195237696723	61.4
207.49432874416505	61.4
210.5124032533856	61.3
213.57437666720915	61.2
216.68088750990657	61.2
219.83258359329807	61.1
223.03012215184378	61.1
226.2741699796992	61.0
232.90450925475412	60.9
236.2921833503241	60.8
239.72913230027333	60.7
246.75373206527502	60.6
253.9841683149166	60.5
257.67845311188546	60.5
261.42647251858085	60.4
265.22900812289896	60.4
269.08685288119375	60.3
273.0008112836349	60.3
276.97169952197106	60.2
281.00034565973334	60.2
285.0875898049141	60.2
289.23428428515797	60.1
293.44129382550057	60.1
297.7094957286928	60.1
302.0397800581479	60.0
306.4330498235497	60.0
310.89022116916016	59.9
315.41222356486645	59.9
320.00000000000654	59.9
324.6545071800142	59.8
329.3767157259242	59.8
334.16761037677935	59.8
339.02819019498156	59.7
343.95946877463007	59.7
354.03825052443415	59.6
364.4123631221491	59.6
369.71286299913527	59.5
375.0904604221685	59.5
386.08144985617537	59.4
391.6971338574982	59.4
397.3944998635236	59.4
403.1747359663683	59.4
409.0390475393468	59.4
414.9886574883323	59.4
421.0248065067734	59.4
433.3617750198154	59.5
439.6651671865984	59.6
452.54833995940066	59.7
459.13080713953053	59.8
472.58436670065066	59.9
486.432145647728	60.0
500.6856954904994	60.0
515.3569062237735	60.1
538.1737057623901	60.2
553.9433990439449	60.3
562.0006913194694	60.4
570.1751796098309	60.4
586.8825876510039	60.5
595.4189914573883	60.5
612.8660996471021	60.6
658.7534314518515	60.8
668.3352207535618	60.8
687.9189375492632	60.9
697.9249489057827	60.9
708.0765010488715	60.9
718.3757109180171	61.0
739.425725998274	61.0
772.1628997123541	61.1
783.3942677149998	61.1
794.7889997270506	61.2
806.34947193274	61.2
829.9773149766683	61.2
842.0496130135506	61.3
879.3303343732008	61.3
972.8642912954606	61.6
987.0149282611097	61.6
1001.3713909810035	61.7
1015.9366732596762	61.7
1030.7138124475518	61.8
1060.916032491606	61.9
1092.0032451345498	62.0
958.9165292011028	61.6
931.6180370190256	61.5
892.1204886073838	61.4
728.8247262443015	61.0
522.8529450371643	60.2
446.06024430368984	59.6
380.54627680087896	59.4
250.34284774524843	60.6
138.48584976098482	61.1
132.61450406144883	61.3
119.86456615013608	62.0
80.00000000000082	64.1
88.50956263110764	63.7
493.50746413055253	60.0
546.0016225672724	60.3
621.780442338323	60.6
630.8244471297356	60.7
649.3090143600314	60.7
678.0563803899662	60.8
818.0780950786972	61.2
866.7235500396347	61.3
945.1687334013056	61.5
1076.3474115247852	62.0
1107.8867980878947	62.1
1124.0013826389438	62.2
1140.350359219667	62.2
1156.9371371406426	62.3
1173.765175302013	62.4
1208.1591202326028	62.5
1225.73219929421	62.6
1243.5608846766518	62.7
1261.648894259477	62.8
1298.6180287200684	62.9
1317.5068629037087	63.0
1336.6704415071292	63.1
1375.8378750985323	63.3
1416.153002097749	63.5
1457.6494524886093	63.7
1478.8514519965543	63.8
1500.3618416886875	64.0
1522.1851072035295	64.1
1544.3257994247153	64.3
1566.788535430007	64.4
1589.5779994541087	64.5
1612.6989438654878	64.7
1636.156190157402	64.8
1684.099226027109	65.2
1708.5950133376978	65.4
1758.6606687464096	65.7
1784.2409772147755	66.0
1810.193359837619	66.2
1836.5232285581387	66.4
1917.833058402214	67.0
1945.7285825909298	67.3
1974.0298565222283	67.5
2002.7427819620161	67.7
2031.8733465193618	67.9
2061.4276248951132	68.1
2091.411780148677	68.3
2121.832064983222	68.4
2152.694823049581	68.6
2184.0064902691106	68.8
2248.002765277899	69.0
2280.7007184393456	69.1
2313.874274281297	69.1
2451.4643985884327	69.3
2487.1217693533167	69.3
2560.0000000000887	69.3
2597.236057440151	69.3
2635.0137258074315	69.3
2791.699795623158	69.2
2751.6757501970797	69.2
2712.225521559891	69.3
2673.340883014273	69.3
2523.2977885189675	69.3
2416.318240465218	69.2
2381.6759658295764	69.2
2215.7735961758003	68.9
2832.3060041955137	69.1
2873.502843672097	69.0
2957.7029039931244	68.8
3133.57707086003	68.3
3179.1559989082334	68.2
3225.3978877309914	68.1
3319.9092599067053	67.9
3368.198452054235	67.8
3466.8942001585724	67.6
3517.3213374928373	67.6
3620.386719675257	67.4
3726.472148076138	67.4
3835.6661168044484	67.4
3891.45716518188	67.4
4005.4855639240527	67.6
4063.746693038744	67.7
4122.855249790247	67.8
4182.823560297375	67.9
4243.664129966465	68.1
4305.389646099183	68.2
4431.5471923516225	68.5
4627.748548562617	68.9
4695.060701208099	68.9
4763.351931659176	69.0
4832.63648093046	69.0
4902.928797176889	68.9
4974.243538706657	68.7
5046.595577037959	68.4
5120.000000000202	67.9
5194.472114880326	67.3
5270.027451614888	66.6
5424.451043119808	65.4
5503.351500394186	65.0
5583.399591246343	64.8
5664.612008391055	64.7
5747.005687344222	64.8
5830.597809954497	64.6
5915.405807986278	64.2
6001.447366754812	63.7
6177.303197698925	63.1
6450.795775462017	62.7
6544.624760629676	62.7
6639.818519813445	62.7
6736.396904108505	62.7
6933.788400317181	62.9
7240.773439350552	63.4
7346.092914232631	63.5
7452.944296152315	63.6
7561.349867210557	63.6
7671.332233608935	63.6
7782.914330363799	63.6
7896.119426088994	63.7
8127.49338607753	63.6
8245.710499580537	63.5
8610.77929219841	63.4
8736.025961076528	63.4
8863.094384703289	63.4
8992.011061111683	63.4
9122.802873757471	63.3
9255.497097125279	63.0
9390.121402416245	62.7
9526.7038633184	62.3
9805.857594353829	61.0
9948.487077413367	60.2
10240.000000000457	58.5
10540.05490322983	56.9
11006.703000788428	55.0
11329.224016782166	54.2
11494.0113746885	54.0
11661.195619909053	54.0
11830.811615972614	54.1
12002.894733509682	54.5
12177.48085762842	55.1
12354.606395397908	56.0
12716.62399563306	58.4
12901.591550924093	59.6
13089.249521259411	60.8
13472.793808217073	62.5
13668.760106701786	63.2
13867.576800634426	63.8
14273.927817718419	65.2
14481.54687870117	65.8
14692.18582846533	66.0
15122.699734421185	65.2
15342.664467217943	64.2
15565.828660727671	63.1
15792.238852178061	62.2
16021.942255696367	61.7
16491.42099916115	62.2
16731.294241189662	63.0
16974.65651986603	63.3
17221.558584396902	62.5
17726.188769406665	58.1
17984.022122223458	55.3
18245.605747515034	52.6
19053.40772663689	47.6
19330.545923722028	46.5
19611.71518870775	45.0
19896.974154826825	43.4
20186.382308152035	42.9
18780.242804832582	48.9
18510.99419425065	50.5
17472.051922153143	60.7
16254.986772155136	61.7
