20.41754053319605    96.1381642503435
21.271696103680654    96.18974070443096
22.16158476049872    96.14847954116098
23.088701375899586    96.11237602329976
24.054603359217104    96.11237602329976
25.060913273071197    96.09174544166477
26.109321559016415    96.04532663298605
27.201589377216585    95.99890782430731
28.339551564915357    95.95248901562859
29.525119718672755    95.893176093428
30.76028540554509    95.85449375286238
32.04712350860284    95.78228671713993
33.387795712406025    95.69976439059997
34.78455413429267    95.63271500028625
36.2397451075797    95.54761385104192
37.7558131230321    95.47540681531945
39.335304935220755    95.35935979362263
40.98087384066766    95.25878570815206
42.695284134964425    95.15821162268148
44.48141575635194    95.05247989180216
46.34226912356119    94.9209599338791
48.28097017604247    94.81007055759103
50.300775625049305    94.69402353589422
52.405078424398596    94.56250357797116
54.59741347009644    94.42582597463935
56.88146353840472    94.26593896696818
59.261065472322855    94.12152489552325
61.74021662687741    93.97711082407832
64.32308158404656    93.82496028452027
67.01399914859948    93.66249445414473
69.81748963660228    93.50260744647356
72.7382624688343    93.32724750257614
75.78122408187045    93.1647816722006
78.95148617011905    92.97652761478133
82.25437427266023    92.80116767088391
85.6954367193094    92.60775596805588
89.28045395093432    92.41434426522785
93.01544822968188    92.22609020780857
96.90669375542633    92.03009968227617
100.96072720543297    91.84184562485689
105.18435871494255    91.63811863121137
109.58468331712196    91.43181281486147
114.16909286159797    91.20745523958095
118.94528843159615    90.98051884159607
123.92129328054261    90.75358244361118
129.105466309862    90.51117310940006
134.50651611061    90.25844848437143
140.13351559252894    90.03151208638654
145.99591722510263    89.77878746135792
152.10356891621004    89.6833710212961
158.4667305550537    89.78394510676667
165.0960912471515    90.0753520723609
172.0027872703435    90.38223197418137
179.19842078197914    90.56532838619191
186.69507930870571    90.65816600354935
194.50535605160348    90.58853779053126
202.64237104077174    90.45186018719946
211.11979317490508    90.27392142059767
219.9518631828823    90.09598265399589
229.1534175459396    89.92062271009847
238.73991342061228    89.73494747538356
248.72745460431577    89.56216635419054
259.1328185871771    89.40485816922373
269.9734847355677    89.24754998425693
281.26766365467404    89.11087238092513
293.0343277794358    88.97161595488895
305.2932432452367    88.83235952885278
318.0650030918872    88.69568192552096
331.3710618566746    88.55642549948479
345.2337716145954    88.41201142803985
359.67641952630515    88.23923030684682
374.72326695686866    88.0741856537669
390.3995902310163    87.89882570986948
406.7317230933737    87.7492539930158
423.74710094498903    87.59968227616213
441.47430693046977    87.45268938201284
459.9431199531448    87.32374824679414
479.18456469891674    87.2592776791848
499.230963752826    87.26701414729793
520.115991895886    87.35469411924663
541.8747326733899    87.46816231823908
564.5437373297198    87.57905169452714
588.1610862086588    87.64867990754523
612.7664527223487    87.70025636163271
638.4011699963469    87.73893870219831
665.1083003027471    87.81372456062516
692.9327073979832    87.94008687313946
721.9211318868514    88.08707976728877
752.1222697393335    88.23149383873368
783.5868540921291    88.38622320099611
816.3677404723028    88.53837374055416
850.519995586215    88.69826074822534
886.1009898228788    88.86072657860088
923.1704936271485    89.0360865224983
961.7907779046108    89.24754998425693
1002.0267186268667    89.42290992815435
1043.9459058129034    89.68079219859172
1087.6187570696407    89.92578035550721
1133.1186358823775    90.20429320757958
1180.5219748538495    90.47764841424319
1229.9084040989123    90.80773772040303
1281.3608850105534    91.11719644492787
1334.965849621906    91.44470692838334
1390.8133457984086    91.80058446158691
1448.9971885039758    92.1745137537211
1509.6151173953087    92.59486185453402
1572.7689610090633    93.04873465050379
1638.5648078176948    93.55418390056104
1707.1131844413123    94.11120960470575
1778.5292413149357    94.72239058564233
1852.9329461230159    95.34646568010076
1930.4492853261713    95.96538312915045
2011.2084741186934    96.48372649272957
2095.3461751694767    96.83702520322876
2183.003726513859    96.96596633844746
2274.328378979166    96.89118048002062
2369.473543542831    96.65134996851387
2468.599049038579    96.30836654883215
2571.8714106435964    95.9318584339936
2679.4641095976967    95.56050796456378
2791.557884624387    95.23299748110833
2908.3410355433416    94.94416933821847
3030.0097395843313    94.73786352186856
3156.7683809339414    94.60118591853676
3288.829894068711    94.55476710985803
3426.416121451374    94.616658854763
3569.7581861911294    94.8126493802954
3719.0968802939124    95.15305397727273
3874.68306915491    95.67913380896498
4029.2651446793225    96.29392514168767
4190.014335719232    96.95049340222121
4365.301074072764    97.56425320586216
4547.920828063181    97.87629075309137
4694.252341238661    97.42198815333754
4791.436956323481    96.69295497481109
4890.633574326469    95.99890782430731
5038.5970642048815    95.32377204030227
5239.613967526959    94.79717644406917
5458.810077375527    94.41808950652623
5687.176125099389    94.19115310854134
5925.095729553351    94.09315784577514
6172.968558057062    93.82753910722465
6431.210997772955    93.19314872194872
6700.256855170828    92.73927592597894
6980.558084754136    92.38339839277538
7259.050322132233    91.8488084461587
7492.61371472694    91.22108615958979
7676.2790276790665    90.59971268891688
7864.4465008206935    89.94456892092481
8057.226494927347    89.33265113350127
8224.034412065033    88.66318875944586
8472.848152451805    87.98650568181819
8778.110066766354    87.42851291915933
9094.370034469137    86.8569813373025
9413.252407509648    86.58104730793451
9908.04729155026    86.73319784749256
10245.912393588866    87.3226430370637
10497.068902905487    87.95684922071788
10714.388622147182    88.66318875944586
10895.537965007628    89.31137584619019
11059.129166035804    89.89999212846348
11225.17660934775    90.55243427267004
11414.961900696302    91.23324346662469
11673.009649478054    91.93431483897086
12071.060090727144    92.29056077541792
12482.684079718994    91.7843747188737
12788.670236923119    91.11977526763225
13126.587270330974    90.47087900464422
13589.385429638249    89.90850224338791
14194.86132416821    90.03331726227961
14624.319223220335    90.64699110516374
14927.084974030242    91.23891687657432
15179.458835874142    91.86441032352016
15378.69590600916    92.49084933879094
15551.55062702769    93.18111421599497
15726.348214643038    93.92811319269522
15903.110506445699    94.64674511964736
16141.887972614784    95.40319977959699
16384.250566254814    95.95162940806046
16810.213820181016    96.71753975125945
16848.53148602213    97.00593809036525
17229.411042000436    95.94217372481108
17358.27474936635    95.03442813287154
17433.889876373403    94.23069505667507
17520.710583038126    93.47424039672545
17607.96365649867    92.73669710327457
17684.66646409021    91.92823618545341
17750.677611572653    91.28997756612091
17816.93515734607    90.63753542191436
17883.44002113555    89.97563759445845
17950.193126099428    89.33265113350127
18017.19539884186    88.70857603904282
18084.447769425646    88.07031741971034
18151.951171385197    87.4462423252519
18219.70654173963    86.86471780541562
18299.0741888173    86.12717451196474
18413.056662325063    85.25725165302268
18504.753615937607    84.38732879408062
18631.583015569413    83.60250708438288
18701.128696669486    82.89333084068011
18833.98146629642    82.084302581864
18911.32716885147    81.37569367915617
18993.70761428121    80.68070096032747
19123.888246971535    80.02825881612091
19207.194638853383    79.21507005667507
19338.83848644068    78.51062165459699
19447.21792177115    77.74471131139799
19544.064994604723    77.05917427581865
19665.80234850013    76.17743181281487
19776.014166823417    75.4186132320529
19849.831639741657    74.70943698835013
19923.924649442084    74.05699484414359
19961.074801838928    73.53220442380353
