
Frequency	dB	Unweighted
20	68.44999999999999
20.3	68.44999999999999
20.6	68.44999999999999
20.9	68.44999999999999
21.2	68.44999999999999
21.5	68.44999999999999
21.8	68.44999999999999
22.1	68.44999999999999
22.4	68.44999999999999
22.7	68.44999999999999
23	68.4
23.3	68.4
23.6	68.4
23.9	68.4
24.2	68.4
24.6	68.35
25	68.3
25.4	68.3
25.8	68.3
26.2	68.3
26.6	68.3
27	68.25
27.4	68.2
27.8	68.2
28.2	68.15
28.6	68.15
29	68.15
29.4	68.15
29.8	68.05
30.2	68.05
30.6	68.05
31	68.05
31.5	67.95
32	67.95
32.5	67.95
33	67.9
33.5	67.85
34	67.85
34.5	67.8
35	67.75
35.5	67.75
36	67.7
36.5	67.7
37	67.6
37.5	67.6
38	67.6
38.6	67.5
39.2	67.5
39.8	67.4
40.4	67.4
41	67.35
41.6	67.3
42.2	67.3
42.8	67.2
43.4	67.2
44	67.15
44.6	67.1
45.2	67.05000000000001
45.9	67.0
46.6	66.94999999999999
47.3	66.94999999999999
48	66.85
48.7	66.85
49.4	66.75
50.1	66.75
50.8	66.69999999999999
51.5	66.6
52.2	66.6
53	66.5
53.8	66.5
54.6	66.4
55.4	66.4
56.2	66.30000000000001
57	66.19999999999999
57.8	66.19999999999999
58.6	66.1
59.5	66.1
60.4	66.0
61.3	65.95
62.2	65.9
63.1	65.85
64	65.75
64.9	65.75
65.8	65.65
66.8	65.55
67.8	65.5
68.8	65.45
69.8	65.35
70.8	65.3
71.8	65.25
72.8	65.15
73.9	65.1
75	65.05
76.1	64.95
77.2	64.85
78.3	64.85
79.4	64.75
83	64.55
84.2	64.45
85.4	64.35
86.6	64.25
87.9	64.25
89.2	64.15
90.5	64.05
91.8	63.95
93.1	63.849999999999994
94.5	63.8
97.3	63.6
98.7	63.55
102	63.3
104	63.2
108	62.95
110	62.849999999999994
112	62.650000000000006
114	62.55
116	62.4
120	62.15
122	62.0
124	61.8
126	61.7
128	61.55
130	61.45
132	61.3
136	61.15
138	61.05
140	61.05
142	61.05
144	61.05
148	61.099999999999994
150	61.2
152	61.3
156	61.4
158	61.45
162	61.6
164	61.6
166	61.650000000000006
170	61.7
173	61.7
176	61.7
179	61.65
182	61.599999999999994
185	61.55
188	61.5
191	61.45
194	61.35
197	61.3
200	61.2
203	61.15
206	61.05
209	61.0
212	61.0
215	60.900000000000006
218	60.85
221	60.8
224	60.75
227	60.7
233	60.6
236	60.5
239	60.45
243	60.349999999999994
247	60.25
251	60.150000000000006
255	60.05
259	60.05
263	59.95
267	59.849999999999994
271	59.75
275	59.650000000000006
279	59.55
283	59.5
287	59.4
291	59.349999999999994
295	59.25
303	59.150000000000006
307	59.05
312	59.0
317	58.95
322	58.9
327	58.8
332	58.75
337	58.650000000000006
342	58.55
347	58.55
352	58.45
362	58.3
367	58.2
372	58.1
377	58.05
383	57.95
389	57.849999999999994
395	57.75
401	57.650000000000006
413	57.55
419	57.55
425	57.45
431	57.5
437	57.5
443	57.5
449	57.55
456	57.6
463	57.7
470	57.85
477	57.900000000000006
484	58.0
491	58.099999999999994
505	58.25
512	58.25
519	58.35
527	58.4
535	58.4
543	58.5
551	58.5
559	58.55
567	58.6
575	58.65
601	58.85
610	58.95
619	58.95
646	59.15
665	59.2
675	59.3
685	59.35
695	59.35
715	59.5
725	59.5
747	59.650000000000006
758	59.650000000000006
769	59.75
780	59.849999999999994
791	59.9
803	60.0
815	60.05
827	60.1
839	60.2
863	60.4
876	60.5
889	60.6
902	60.7
915	60.8
928	60.9
942	61.0
956	61.1
970	61.25
984	61.349999999999994
998	61.5
1010	61.650000000000006
1030	61.849999999999994
1050	61.95
1070	62.150000000000006
1090	62.349999999999994
1110	62.55
1130	62.75
1150	62.95
1170	63.150000000000006
1190	63.3
1210	63.45
1230	63.650000000000006
1250	63.849999999999994
1270	64.0
1310	64.35
1330	64.44999999999999
1370	64.65
1390	64.69999999999999
1410	64.75
1430	64.75
1450	64.75
1470	64.75
1490	64.75
1510	64.8
1530	64.85
1570	65.05
1590	65.2
1610	65.35
1630	65.5
1690	66.05
1710	66.25
1730	66.45
1760	66.75
1790	67.0
1820	67.35
1850	67.65
1910	68.2
1940	68.45
2000	68.95
2030	69.2
2060	69.45
2090	69.7
2120	69.9
2150	70.15
2180	70.3
2210	70.5
2240	70.6
2270	70.7
2300	70.8
2330	70.8
2360	70.8
2390	70.75
2420	70.7
2460	70.55
2500	70.4
2540	70.2
2580	70.0
2660	69.5
2740	69.15
2860	68.80000000000001
2900	68.65
2940	68.55000000000001
2980	68.4
3020	68.3
3060	68.25
3100	68.15
3150	68.05000000000001
3200	67.94999999999999
3250	67.80000000000001
3300	67.69999999999999
3350	67.6
3400	67.55
3450	67.5
3500	67.4
3550	67.35
3600	67.35
3650	67.30000000000001
3700	67.3
3750	67.3
3800	67.3
3920	67.35
3980	67.3
4040	67.25
4100	67.15
4160	66.94999999999999
4220	66.85
4280	66.8
4340	66.8
4400	66.9
4460	67.0
4520	67.2
4590	67.35
4660	67.44999999999999
4730	67.55
4800	67.6
4870	67.6
4940	67.69999999999999
5010	67.75
5150	67.9
5220	67.94999999999999
5380	67.85
5460	67.75
5540	67.65
5700	67.5
5780	67.5
5860	67.4
5950	67.30000000000001
6040	67.19999999999999
6220	67.05
6310	67.0
6400	67.0
6490	67.05
6580	67.1
6680	67.30000000000001
6780	67.5
6880	67.69999999999999
6980	67.9
7080	68.1
7180	68.19999999999999
7280	68.25
7390	68.2
7500	68.1
7610	68.05000000000001
7720	67.9
7940	67.1
8060	66.45
8180	65.7
8300	64.95
8420	64.2
8540	63.5
8660	62.95
8790	62.349999999999994
8920	61.8
9050	61.4
9180	61.0
9310	60.75
9450	60.55
9590	60.55
9730	60.7
10010	61.650000000000006
10160	62.55
10310	63.75
10610	66.75
10760	67.75
10920	67.94999999999999
11240	66.1
11740	63.15
11910	62.599999999999994
12080	62.3
12260	62.25
12620	62.55
12800	62.849999999999994
13180	64.05
13560	65.6
14160	66.65
14370	66.5
14580	66.3
14790	66.0
15010	65.5
15230	64.85
15670	62.849999999999994
15900	61.349999999999994
16130	59.7
16360	58.099999999999994
16600	56.5
16840	54.9
17080	53.45
17580	49.95
17840	47.15
18100	43.3
18360	38.55
18630	34.85
18900	35.6
19170	39.25
19450	42.55
19730	45.45
20000	47.05
