20    73.42596736004784
20.3    73.38079155800949
20.6    73.33614952659171
20.9    73.29190191640663
21.2    73.24794121554413
21.5    73.20419133672279
21.8    73.16057346730847
22.1    73.11698350456376
22.4    73.07329230930956
22.7    73.02937559921632
23    72.98515771715498
23.3    72.9406471210924
23.6    72.89594619970639
23.9    72.85121501339222
24.2    72.80661425423366
24.6    72.74753378656752
25    72.68895264910515
25.4    72.63074429467642
25.8    72.57266303524058
26.2    72.5144526692762
26.6    72.45591976277962
27    72.39696008662266
27.4    72.33757492210535
27.8    72.27787846181911
28.2    72.21809668769527
28.6    72.15853536361433
29    72.09951432599298
29.4    72.0412945816274
29.8    71.98403683241527
30.2    71.92781574605414
30.6    71.87263797077358
31    71.81842964475877
31.5    71.75171590396357
32    71.68553558749596
32.5    71.61911395534688
33    71.55192115012925
33.5    71.48391186493771
34    71.41540110323706
34.5    71.34671633326346
35    71.27797523879093
35.5    71.20914766577195
36    71.14022638646432
36.5    71.07127510502652
37    71.00235164188182
37.5    70.93346445614463
38    70.86465208616005
38.6    70.78238201544343
39.2    70.70074860839404
39.8    70.61993578394056
40.4    70.53990756212455
41    70.46047642173232
41.6    70.3814435691042
42.2    70.30269913489266
42.8    70.22424371155299
43.4    70.14612226681226
44    70.06832909679511
44.6    69.99078510322786
45.2    69.91341828066406
45.9    69.82341031112102
46.6    69.7338341513152
47.3    69.64491290722268
48    69.55696693055881
48.7    69.47052889379859
49.4    69.38638218629038
50.1    69.30542043890047
50.8    69.22838025322325
51.5    69.1557097834584
52.2    69.08759659016204
53    69.01527286031066
53.8    68.94845576566617
54.6    68.886594500968
55.4    68.8290867431707
56.2    68.77514041236103
57    68.72389428790035
57.8    68.67493465447178
58.6    68.62858014305769
59.5    68.58028260974964
60.4    68.53664123197358
61.3    68.49768925410272
62.2    68.46264499616609
63.1    68.42989176909023
64    68.39761880275306
64.9    68.36453307044316
65.8    68.32994548263127
66.8    68.28926211502045
67.8    68.24583693598743
68.8    68.1993894043326
69.8    68.14949432870742
70.8    68.09581027712196
71.8    68.03836325172793
72.8    67.97742007492093
73.9    67.90669413439008
75    67.83210611236123
76.1    67.75354052485113
77.2    67.67136911363724
78.3    67.58627146870973
79.4    67.49898925307193
80.6    67.40224349023322
81.8    67.30495414111186
83    67.20793345208573
84.2    67.11160914688801
85.4    67.01613768754372
86.6    66.92152162922332
87.9    66.81985863993262
89.2    66.7188165660169
90.5    66.61810753243506
91.8    66.51754898517157
93.1    66.41716764669759
94.5    66.30956436349402
95.9    66.20307772333683
97.3    66.09854911113001
98.7    65.99695821784704
100    65.90604624500257
102    65.77363955187042
104    65.65038411735068
106    65.53478195360748
108    65.42385453085959
110    65.31407739299249
112    65.20225119241303
114    65.08634698085073
116    64.96598939843794
118    64.84209896106334
120    64.71599921096129
122    64.58866709648629
124    64.46030465377424
126    64.33038579493873
128    64.19815284605984
130    64.06319548267089
132    63.92589021751078
134    63.78782394126659
136    63.65215431382196
138    63.523659056211976
140    63.40852133762272
142    63.314059712608376
144    63.24815402462402
146    63.21840013750628
148    63.23094212452308
150    63.28935125754333
152    63.393600444014595
154    63.53960041374246
156    63.719643051656426
158    63.923371470184165
160    64.13899284163267
162    64.35458862310679
164    64.55934111246583
166    64.74432515887747
168    64.90291031335889
170    65.03098025194912
173    65.16326526912007
176    65.22735883541768
179    65.23256687419274
182    65.19121130203273
185    65.11610321259714
188    65.0187062682767
191    64.90828745919819
194    64.79162400601135
197    64.67341498046318
200    64.55681318669468
203    64.44372987684433
206    64.33521334564932
209    64.23180411061253
212    64.13372947103973
215    64.04099803161915
218    63.9534136778461
221    63.87059010150473
224    63.79199661932677
227    63.71710731122079
230    63.6454690396631
233    63.576746502124195
236    63.51074956991647
239    63.44743498159549
243    63.367317837255825
247    63.29230989980458
251    63.22246785023041
255    63.157498127389914
259    63.09671248119249
263    63.039196766315385
267    62.983846703214816
271    62.92938994366815
275    62.87451523638457
279    62.81809248007201
283    62.75935292740018
287    62.698048551753324
291    62.6344432205639
295    62.569109362425365
299    62.50262213352896
303    62.43538751797675
307    62.36785350239564
312    62.28377546320435
317    62.20071631747324
322    62.119053251618794
327    62.038950423960614
332    61.96028866361721
337    61.88262705663341
342    61.805328925870924
347    61.72801669837832
352    61.65086077219778
357    61.57455059561856
362    61.500379957673516
367    61.43000847942579
372    61.36518256027574
377    61.30773300099723
383    61.25162513130702
389    61.213732373108805
395    61.19848284622525
401    61.20946015330578
407    61.24764307150347
413    61.312009489368805
419    61.40029515905972
425    61.50923080466271
431    61.63497740964672
437    61.773275203620955
443    61.91957359402885
449    62.06883198645461
456    62.239618186986874
463    62.39938285712188
470    62.54196913764519
477    62.663564043486275
484    62.763106035401115
491    62.84157041646489
498    62.900993641284984
505    62.944282352142146
512    62.97497882363595
519    62.996826019597236
527    63.01545888949559
535    63.031473380221705
543    63.04806111778953
551    63.06723813186895
559    63.08993895339265
567    63.11610279061982
575    63.14502317776783
583    63.175714165581944
592    63.21116040815581
601    63.24659910055866
610    63.281489255465296
619    63.31573854284129
628    63.34966480951908
637    63.38364097795509
646    63.417794872383325
655    63.45195856164942
665    63.48955295727597
675    63.52632663743904
685    63.561956237954334
695    63.59645059311188
705    63.630137505047784
715    63.66342881183077
725    63.69670641076911
736    63.73379292227709
747    63.77194748416049
758    63.811608425933464
769    63.85287825888882
780    63.89565851140848
791    63.939841845927624
803    63.989565046922976
815    64.04083697535489
827    64.09374093994617
839    64.14856390020994
851    64.20569821680593
863    64.2655404406475
876    64.33376242801853
889    64.40567034343871
902    64.48116567595258
915    64.56006683809147
928    64.64218179675996
942    64.73401692250246
956    64.82912942576658
970    64.92719785670752
984    65.02784054197453
998    65.13057302161562
1010    65.21990422795228
1020    65.2949749755062
1030    65.37037359833303
1050    65.5212431082524
1070    65.6708619035389
1090    65.81779565652884
1110    65.96101891785162
1130    66.09993104249065
1150    66.2345358294136
1170    66.36521244791314
1190    66.49238371339848
1210    66.61652549081734
1230    66.73804766733653
1250    66.85752982280114
1270    66.97552737514503
1290    67.0924960569875
1310    67.20871193181634
1330    67.32430769039112
1350    67.43941321489373
1370    67.55398738476117
1390    67.66787404247938
1410    67.78090167593632
1430    67.89282732498407
1450    68.0033239099858
1470    68.11216546026083
1490    68.2192607188362
1510    68.32461155341953
1530    68.42826323566032
1550    68.53031653372685
1570    68.63089993984559
1590    68.73004721751248
1610    68.82787723591382
1630    68.92450472502686
1650    69.02003131343876
1670    69.11465829960426
1690    69.20856470335727
1710    69.30180890965988
1730    69.39440542302005
1760    69.53221005604851
1790    69.6689518544622
1820    69.80475676873004
1850    69.93968870627151
1880    70.0739015035975
1910    70.2073366884955
1940    70.33979723369477
1970    70.47119937059375
2000    70.60169584691292
2030    70.73142929240382
2060    70.86035291280712
2090    70.98848220795716
2120    71.11599482806636
2150    71.24310690334926
2180    71.3699720780686
2210    71.49652762474477
2240    71.62268286425405
2270    71.7482955320736
2300    71.87300484481922
2330    71.99618456948144
2360    72.11715151038766
2390    72.23519351904294
2420    72.34983724173847
2460    72.49640424179631
2500    72.63477177247512
2540    72.76405302154738
2580    72.8838319473349
2620    72.99382661991804
2660    73.09413856326628
2700    73.18512824401294
2740    73.26685765467886
2780    73.3395806266453
2820    73.40351975886004
2860    73.45898958668798
2900    73.50582367312796
2940    73.54388156995421
2980    73.57396279671275
3020    73.5966956710334
3060    73.61223700127817
3100    73.620759341157
3150    73.62203235885563
3200    73.61344713911734
3250    73.59551699785555
3300    73.56883113365959
3350    73.53404018042826
3400    73.49214224208441
3450    73.44397625416725
3500    73.38996136625974
3550    73.33048559553092
3600    73.26602702251407
3650    73.19707202536607
3700    73.12397817015611
3750    73.04691346631469
3800    72.96609578318474
3860    72.86457913033237
3920    72.75816254144118
3980    72.64689200939269
4040    72.52975377620561
4100    72.40582762966474
4160    72.2742228110022
4220    72.13475277287523
4280    71.9876863951038
4340    71.83326949751876
4400    71.67288103282982
4460    71.50878873492512
4520    71.3432313102328
4590    71.1512330625127
4660    70.96412924209632
4730    70.7857317054548
4800    70.61768648558018
4870    70.45878695922383
4940    70.30618024431007
5010    70.15607073617113
5080    70.00616818014717
5150    69.8553474958265
5220    69.70428701624171
5300    69.53384151745806
5380    69.37008176038592
5460    69.21830821999751
5540    69.08270934598673
5620    68.96556655840779
5700    68.869659335165
5780    68.79902969429466
5860    68.75162891176036
5950    68.72373546927128
6040    68.72200654980107
6130    68.74792712453876
6220    68.80314746404234
6310    68.88727089884615
6400    68.99602298588131
6490    69.1284423930569
6580    69.28052355180128
6680    69.46528138937498
6780    69.65891776990378
6880    69.85139585295597
6980    70.03216388532742
7080    70.18893746912391
7180    70.30783324465341
7280    70.37821910328111
7390    70.39346400343472
7500    70.33506035047205
7610    70.18519022263669
7720    69.92724604558539
7830    69.55819566529343
7940    69.08739468159823
8060    68.48494655166849
8180    67.84171546396445
8300    67.20658953836163
8420    66.61269341742047
8540    66.08115993531824
8660    65.6161899099516
8790    65.18462186739359
8920    64.83295883256565
9050    64.55001840337505
9180    64.34279824467853
9310    64.2060541708118
9450    64.13088035550604
9590    64.13035590146336
9730    64.20102351978242
9870    64.33602724003424
10010    64.53489760800923
10160    64.8156574313995
10310    65.1643425734331
10460    65.58199873687616
10610    66.06530254263586
10760    66.62824019318815
10920    67.30837638483328
11080    67.99841234755438
11240    68.5598535888051
11400    68.84699342833646
11570    68.68257864125215
11740    68.21440533387371
11910    67.52603751161269
12080    66.81219521179918
12260    66.1370887558218
12440    65.5554332910815
12620    65.1001720623613
12800    64.74912259300027
12990    64.4825489698369
13180    64.2315571097584
13370    63.97866491582495
13560    63.65410141182076
13760    63.173209309623914
13960    62.50496387297099
14160    61.63826659716416
14370    60.61472385003899
14580    59.45780914087712
14790    58.235456692726046
15010    56.92674743209822
15230    55.63581002602493
15450    54.416515202548496
15670    53.32199968308892
15900    52.356795149310564
16130    51.604791359649454
16360    51.13385611630469
16600    50.97159660946424
16840    51.129599471009065
17080    51.76260163902659
17330    52.648603633097935
17580    51.72456626812165
17840    49.227387339433434
18100    49.60517244235318
18360    50.26858845922318
18630    49.16525903291024
18900    45.87552732796803
19170    40.40871405031821
19450    34.023825649861124
19730    31.32190961584883
20000    31.177366625846354
