20    71.0875747513665
20.3    71.03716797346536
20.6    70.9876790645758
20.9    70.939318331695
21.2    70.89220838021195
21.5    70.84621926350255
21.8    70.80094670408577
22.1    70.75586661727166
22.4    70.71056262536166
22.7    70.66493697672144
23    70.61931316224198
23.3    70.57434127459308
23.6    70.53075022461735
23.9    70.48905520514406
24.2    70.44937254164654
24.6    70.39906696584629
25    70.35057493443841
25.4    70.30273042648872
25.8    70.2548988052414
26.2    70.2069602092024
26.6    70.15897762177048
27    70.11092443596442
27.4    70.06268619306647
27.8    70.0142104596689
28.2    69.96557930811171
28.6    69.91692022490074
29    69.8682513471486
29.4    69.81941022537842
29.8    69.77015040171015
30.2    69.72033541654343
30.6    69.67002723807667
31    69.61943455920627
31.5    69.55610278665748
32    69.49281683353455
32.5    69.42949750510421
33    69.36600921557516
33.5    69.30229914744305
34    69.23841368976896
34.5    69.17446206131316
35    69.11060392722857
35.5    69.04701997194684
36    68.98388879094063
36.5    68.92137612718608
37    68.85963632704306
37.5    68.7988063303736
38    68.73897039102309
38.6    68.6684737708644
39.2    68.59924358259758
39.8    68.5309508020847
40.4    68.46317299756203
41    68.39555400070057
41.6    68.32798049188558
42.2    68.2605796241169
42.8    68.19353644396418
43.4    68.12691572570122
44    68.06062316815209
44.6    67.99452791738203
45.2    67.92863122082451
45.9    67.85230509488886
46.6    67.77709849171511
47.3    67.70329571354563
48    67.63058636588826
48.7    67.5582491032496
49.4    67.48563868152972
50.1    67.41252582277109
50.8    67.33913509757286
51.5    67.26608580100715
52.2    67.19425736847246
53    67.11476918408306
53.8    67.03905797185729
54.6    66.9679714510355
55.4    66.90175120977207
56.2    66.839596315851
57    66.78018089067857
57.8    66.72234767810079
58.6    66.66507288666969
59.5    66.60005268918513
60.4    66.53334019740609
61.3    66.46437342057973
62.2    66.393079880174
63.1    66.31972326411665
64    66.24489521312208
64.9    66.16945691062708
65.8    66.09420097529747
66.8    66.01138612382705
67.8    65.92965410185147
68.8    65.84920907662146
69.8    65.7703884340396
70.8    65.69339190804754
71.8    65.61833799551448
72.8    65.54523566715179
73.9    65.46668287536814
75    65.38931128196664
76.1    65.31226797450657
77.2    65.23482120819118
78.3    65.15646399693415
79.4    65.07703254223435
80.6    64.98911222995031
81.8    64.89984777132707
83    64.80938381593569
84.2    64.7180203971379
85.4    64.6259706840357
86.6    64.53325635991368
87.9    64.4321101348967
89.2    64.33036247375239
90.5    64.2281774642831
91.8    64.12559847367604
93.1    64.02240004884518
94.5    63.91007062886547
95.9    63.7959256755003
97.3    63.67968155821426
98.7    63.56143834320959
100    63.44986394186819
102    63.27492351548737
104    63.09632753387061
106    62.915354138525196
108    62.73466277457871
110    62.55898072137413
112    62.39565016452825
114    62.25373504845757
116    62.14240191095227
118    62.06894746887408
120    62.03751834633549
122    62.048143591062775
124    62.09647905217679
126    62.17530100233156
128    62.27753380209568
130    62.397921003996814
132    62.53331239223944
134    62.682015982621564
136    62.84266124930861
138    63.013309415538686
140    63.19046165792826
142    63.3687651906223
144    63.5412259266667
146    63.70048426125166
148    63.840094722396145
150    63.95524471070256
152    64.04314316242814
154    64.10321275428095
156    64.13656894624003
158    64.14555181053242
160    64.13357000656983
162    64.10488736617982
164    64.06387956849937
166    64.01423071307129
168    63.958632456309566
170    63.89896018162105
173    63.80479498572382
176    63.70813877387758
179    63.611455081687375
182    63.51654243088312
185    63.42468325997548
188    63.33627429826048
191    63.25104616833214
194    63.16866058374636
197    63.08894041727015
200    63.011879598604054
203    62.93752815705747
206    62.86592697610419
209    62.797076765033616
212    62.731048839781394
215    62.66793972230868
218    62.607762754995846
221    62.55027426435099
224    62.49497963590879
227    62.44133646107675
230    62.38899632830186
233    62.33763838315454
236    62.28690742202642
239    62.23669338659636
243    62.17075000791038
247    62.10618709279957
251    62.0431000928701
255    61.98118736721885
259    61.92004808466976
263    61.85958507699661
267    61.799967428223226
271    61.74139875056551
275    61.68403353169124
279    61.627922686283384
283    61.57302902337611
287    61.519410370995544
291    61.46727989115257
295    61.41683314642917
299    61.368033515212844
303    61.32064029291732
307    61.274414968387745
312    61.21796739511875
317    61.16261427048024
322    61.10790638850946
327    61.05344244846769
332    60.998972500975654
337    60.944368207193115
342    60.88949262919412
347    60.83412556182712
352    60.77810065825612
357    60.72147853946047
362    60.66445758400499
367    60.60734933883638
372    60.55070267285381
377    60.49525057173574
383    60.4313343275538
389    60.37167797734995
395    60.31844432687472
401    60.27453614381879
407    60.243442247036946
413    60.22924823960568
419    60.23609358245792
425    60.2674860666629
431    60.32548097300558
437    60.41019089987887
443    60.51941420762974
449    60.64830046917919
456    60.81421991279338
463    60.9849097032163
470    61.14841370972857
477    61.294843719368615
484    61.41771554576895
491    61.51472829683793
498    61.58759823065964
505    61.64098117287769
512    61.68134553387907
519    61.71536473756666
527    61.753627340971235
535    61.79683734764254
543    61.848407246025175
551    61.909720863150625
559    61.980634619532296
567    62.059756782760296
575    62.14486010497476
583    62.23321312990777
592    62.33276975114208
601    62.42867775815359
610    62.518130928947095
619    62.5997171169056
628    62.673099596307075
637    62.73871924384794
646    62.797469811237576
655    62.85045292891168
665    62.90393479214656
675    62.953135796470505
685    62.999301010675424
695    63.04360906366554
705    63.08726435415171
715    63.131279195644325
725    63.17632283221592
736    63.22770316974021
747    63.281723159557544
758    63.33881403317188
769    63.39899680033683
780    63.46216146538998
791    63.52826522877264
803    63.60376053765039
815    63.68284511590896
827    63.76571915737187
839    63.85291372125806
851    63.94543998313815
863    64.04463546372928
876    64.16113615355407
889    64.2878569380354
902    64.42453243012653
915    64.56981850332548
928    64.72132484753848
942    64.88803494890709
956    65.05465711086742
970    65.21787157204423
984    65.37558031390412
998    65.52663567245736
1010    65.65042858277677
1020    65.74973691017746
1030    65.84590770365689
1050    66.03039095086551
1070    66.20670562463769
1090    66.37748087890009
1110    66.54417335004484
1130    66.70793408163067
1150    66.86993817119968
1170    67.03077251737213
1190    67.19082219436868
1210    67.35019471048238
1230    67.50881026115209
1250    67.66692867571095
1270    67.82508543833904
1290    67.98300860502614
1310    68.14010035738289
1330    68.29614522315092
1350    68.45132480776769
1370    68.60573642370215
1390    68.75919609177228
1410    68.91166316763008
1430    69.06331976914942
1450    69.21393023936207
1470    69.36259932893232
1490    69.50872865128551
1510    69.65312468089184
1530    69.79670316380917
1550    69.93946554943875
1570    70.08070259223958
1590    70.2195236991847
1610    70.35612600214381
1630    70.49105585281947
1650    70.62445277498757
1670    70.75603243660342
1690    70.88485927541055
1710    71.00987991504994
1730    71.13098868657886
1760    71.30648725286619
1790    71.47484223530638
1820    71.63447245348013
1850    71.78158166700847
1880    71.9155185396304
1910    72.03972433450991
1940    72.1546518998029
1970    72.25913980478263
2000    72.35126765565366
2030    72.42933410920975
2060    72.4949176449757
2090    72.55008551972615
2120    72.59552302484173
2150    72.63192442046508
2180    72.6594785711508
2210    72.67638681995616
2240    72.68180333723805
2270    72.67809204805502
2300    72.66699086313582
2330    72.64932944589357
2360    72.62590838498963
2390    72.59795151191281
2420    72.56596731199544
2460    72.5152521858137
2500    72.45555478490333
2540    72.39169147947541
2580    72.32531985375077
2620    72.25634797977511
2660    72.18650594055123
2700    72.11791576918606
2740    72.05128339519545
2780    71.98567306914907
2820    71.92157882113855
2860    71.86047404395615
2900    71.80288604166694
2940    71.74892791048434
2980    71.69826783594826
3020    71.6512058326095
3060    71.60903954751696
3100    71.57307873226281
3150    71.53417093739272
3200    71.496338684239
3250    71.46664824711732
3300    71.44843386041032
3350    71.44062002691493
3400    71.4428423352513
3450    71.45552869910466
3500    71.48149175142436
3550    71.52271571375137
3600    71.58057965740738
3650    71.6546045931889
3700    71.74050816224003
3750    71.8388989364682
3800    71.95505705462261
3860    72.11630267787052
3920    72.2976527371872
3980    72.4927747061583
4040    72.69465688968565
4100    72.89588844111191
4160    73.0879101963395
4220    73.26091913141921
4280    73.40593434586509
4340    73.51357870542495
4400    73.57627633452728
4460    73.58834396090504
4520    73.54443754327056
4590    73.42242317748602
4660    73.22928653666588
4730    72.96956505270734
4800    72.65653782378175
4870    72.3070182346119
4940    71.93603654474046
5010    71.56841786614413
5080    71.234292283825
5150    70.97148059093897
5220    70.81402380014308
5300    70.77015439053267
5380    70.81365886633573
5460    70.84162751421351
5540    70.76820736426109
5620    70.56878820096422
5700    70.28877061534652
5780    69.98588614379067
5860    69.70936023910598
5950    69.45641691664767
6040    69.27448681087455
6130    69.16736175566996
6220    69.13328470446493
6310    69.170017925911
6400    69.26712996714025
6490    69.42641903382439
6580    69.64000159940713
6680    69.92354620614145
6780    70.24151475357384
6880    70.57209364775937
6980    70.88283040369231
7080    71.13386025762009
7180    71.27999757675533
7280    71.28214109793036
7390    71.083889655693
7500    70.66647537243944
7610    70.07671959024691
7720    69.37798715575745
7830    68.63186748591914
7940    67.88316046311604
8060    67.10311377003953
8180    66.39018556804494
8300    65.7565232696441
8420    65.20772228208571
8540    64.74921218077317
8660    64.38172244533291
8790    64.0829405233413
8920    63.88858270160351
9050    63.78953685509784
9180    63.806050798271485
9310    63.93934820728518
9450    64.22167237068741
9590    64.66024108639425
9730    65.26627825006368
9870    66.03532329817716
10010    66.92745956480923
10160    67.89084278469309
10310    68.65116507871309
10460    69.07291301999734
10610    69.26505296366128
10760    69.37810523120743
10920    69.4549929752591
11080    69.41734353344506
11240    69.13774172328456
11400    68.64836232849619
11570    67.96228102907017
11740    67.27492550213988
11910    66.75179737299038
12080    66.35662857722282
12260    66.19830906586873
12440    66.22253319984776
12620    66.41499808635416
12800    66.66506644803965
12990    66.86272572414401
13180    67.00695886303478
13370    66.93863489793495
13560    66.74912720434233
13760    66.5162153592178
13960    66.32140158463206
14160    66.1878655540686
14370    66.05509150129737
14580    65.85800379672978
14790    65.55644602239909
15010    65.15598032420642
15230    64.81743814488689
15450    64.60805942711212
15670    64.45333633661068
15900    63.7670554425163
16130    62.1099331673294
16360    60.02422137425478
16600    57.86784110292885
16840    55.78195076262104
17080    53.91175973767193
17330    51.66874301531463
17580    49.395624504944124
17840    48.23663141278298
18100    48.288128637208516
18360    47.67620473994559
18630    46.567033020005894
18900    46.05052218464546
19170    46.074851816700736
19450    45.38536535173553
19730    42.99442764445195
20000    42.69714160512612
