20    69.41419400105909
20.3    69.3824060773494
20.6    69.35093500624706
20.9    69.31956563747248
21.2    69.28806285894942
21.5    69.25622424683341
21.8    69.22392628850578
22.1    69.19115287249657
22.4    69.15798597603451
22.7    69.1245592756782
23    69.09100175277865
23.3    69.05738382419165
23.6    69.02368962701135
23.9    68.98982570487021
24.2    68.9556626190259
24.6    68.90945834366747
25    68.86239888063794
25.4    68.81454432161989
25.8    68.76609962784781
26.2    68.7173212519355
26.6    68.66843008525187
27    68.61957257611783
27.4    68.57081853750392
27.8    68.52217674927816
28.2    68.47361840287822
28.6    68.42510704249258
29    68.37662031547086
29.4    68.3281578694289
29.8    68.27972924827924
30.2    68.23134400838819
30.6    68.18301230656861
31    68.13476350730352
31.5    68.07468364847249
32    68.01507099774707
32.5    67.95614579887123
33    67.89802522266663
33.5    67.84068695146087
34    67.78402732695633
34.5    67.72794475757027
35    67.67237210724007
35.5    67.61727002039385
36    67.56262233910581
36.5    67.50844843508088
37    67.45479359901975
37.5    67.40168054715102
38    67.34905509502119
38.6    67.28634748924361
39.2    67.22383038803824
39.8    67.16125184849425
40.4    67.0984871630102
41    67.03552628688935
41.6    66.97242660204518
42.2    66.90927712066184
42.8    66.84620122011594
43.4    66.7833656696568
44    66.72096281942314
44.6    66.65916882997178
45.2    66.59811726962675
45.9    66.52795682555185
46.6    66.45905815469021
47.3    66.39150993905558
48    66.32535526434641
48.7    66.26057895821938
49.4    66.19711241081171
50.1    66.13485205612082
50.8    66.07367762963827
51.5    66.01345793920798
52.2    65.9540438314815
53    65.88689437445635
53.8    65.82023855956862
54.6    65.75375004180694
55.4    65.68716646203964
56.2    65.62033651020866
57    65.55323817315502
57.8    65.4859766626347
58.6    65.4187554224857
59.5    65.34351884035544
60.4    65.26912988354638
61.3    65.19602953667766
62.2    65.12454155200766
63.1    65.054833231646
64    64.98690596363019
64.9    64.92061287895757
65.8    64.85574130559921
66.8    64.7850506537738
67.8    64.71543613701644
68.8    64.64637481652574
69.8    64.57732809540273
70.8    64.50794138974507
71.8    64.43816067411424
72.8    64.36819464120614
73.9    64.29151762263214
75    64.21582326362153
76.1    64.14171765948444
77.2    64.06952041967178
78.3    63.99919490024576
79.4    63.93035156897703
80.6    63.8561756465968
81.8    63.782002992601015
83    63.70687563149096
84.2    63.63006881646376
85.4    63.55127869370439
86.6    63.47072681017653
87.9    63.38235624639667
89.2    63.294317436399034
90.5    63.208515272346304
91.8    63.1271178669921
93.1    63.052316003877394
94.5    62.98128097182795
95.9    62.92166728792
97.3    62.87401149926642
98.7    62.83754898591707
100    62.811925594794985
102    62.78256785981194
104    62.7583352926635
106    62.734174765302356
108    62.709388727268006
110    62.687180802477215
112    62.67307211999341
114    62.6731266830505
116    62.69235719533178
118    62.73365668167983
120    62.79755669474699
122    62.88240421392625
124    62.98476632161393
126    63.09975905407963
128    63.22130679595465
130    63.342491604416395
132    63.45622101001803
134    63.5561687070771
136    63.637648890125035
138    63.69808708465217
140    63.73701341967247
142    63.75568692633394
144    63.756513277578605
146    63.742413524641485
148    63.71628605994036
150    63.680675087575906
152    63.63763540760648
154    63.58875632053653
156    63.53528348415314
158    63.478242054315686
160    63.4185157811624
162    63.3569128933687
164    63.2942147587639
166    63.23117453119062
168    63.16850613143775
170    63.10690558845225
173    63.018051971027305
176    62.9355374227647
179    62.86149624026144
182    62.79772806298824
185    62.74555603897534
188    62.705631740052766
191    62.67781672285969
194    62.66111327312262
197    62.65365603879222
200    62.652805274868356
203    62.65539956289322
206    62.65814859715283
209    62.65805317878048
212    62.6527578543557
215    62.640784888155736
218    62.62159787266528
221    62.59549833440031
224    62.56341139406829
227    62.52660261919797
230    62.48642015681823
233    62.4441495662131
236    62.40091917325896
239    62.35760465987444
243    62.30073209390173
247    62.245614898991704
251    62.192560847768625
255    62.141424140656945
259    62.09174886851815
263    62.0429776470689
267    61.99462636387021
271    61.94635600131189
275    61.897999425015314
279    61.849591868019985
283    61.80133120530732
287    61.75344424217401
291    61.70605570913477
295    61.659149952875076
299    61.61261201052153
303    61.56629089260639
307    61.520069605752965
312    61.46236550591492
317    61.404697694562515
322    61.346950692870294
327    61.28893406024048
332    61.230393017235706
337    61.17107406462959
342    61.11083202999987
347    61.04969927622697
352    60.98798874857542
357    60.926402069680236
362    60.86617325754767
367    60.80923319355841
372    60.758355755642924
377    60.717216309851096
383    60.68710752800672
389    60.6863133311888
395    60.723442996028034
401    60.805282158783065
407    60.934877127955346
413    61.110101616037824
419    61.323257631744006
425    61.561893737392595
431    61.8106934243646
437    62.05416202878881
443    62.27937070667778
449    62.477495557896205
456    62.66871371345271
463    62.816607914157146
470    62.92551955483697
477    63.00248977428775
484    63.055522945416996
491    63.09247255002186
498    63.12046054603336
505    63.14555093316057
512    63.17252389327267
519    63.2047147088066
527    63.25012817810306
535    63.30501968487981
543    63.36781908102846
551    63.4358867209619
559    63.506248039238294
567    63.576137853727616
575    63.64335175471794
583    63.70638323383175
592    63.771321628430734
601    63.82970758882771
610    63.881997550561906
619    63.92918454801321
628    63.972500279386125
637    64.0130613581423
646    64.051714796047
655    64.08899338453553
665    64.12914198214456
675    64.16814843578673
685    64.20619087160925
695    64.24356299278168
705    64.280794164034
715    64.31857909666358
725    64.35764351965568
736    64.40282205380454
747    64.45081682859617
758    64.50175643048445
769    64.55534158279104
780    64.61099600423124
791    64.66811856897681
803    64.73160119415388
815    64.79604044720455
827    64.86151679767121
839    64.92841052916528
851    64.99718727510799
863    65.06817336152187
876    65.14767336567624
889    65.2297707617151
902    65.31424341624735
915    65.4008218074886
928    65.48925434424171
942    65.5863461708424
956    65.68504925606214
970    65.78492149451338
984    65.88558097958095
998    65.98671587542162
1010    66.07351980464918
1020    66.1457582674787
1030    66.21776486820403
1050    66.36061343651278
1070    66.50129601061573
1090    66.63932517310673
1110    66.77437038941315
1130    66.90642209185704
1150    67.0356766650257
1170    67.16249421297152
1190    67.28739640150246
1210    67.41082070316085
1230    67.53306513074239
1250    67.65431642256559
1270    67.77456556754825
1290    67.89355267013377
1310    68.01087619026242
1330    68.12619104718306
1350    68.2392521502602
1370    68.34990432939045
1390    68.458188763441
1410    68.56427945527004
1430    68.66846347417791
1450    68.77100514016689
1470    68.8721294791437
1490    68.97203778320109
1510    69.07086967040973
1530    69.16869748716425
1550    69.26550383542244
1570    69.36111655011584
1590    69.45516279954452
1610    69.54712746865864
1630    69.63665354658937
1650    69.72376998828571
1670    69.8093369561269
1690    69.89518399812697
1710    69.98386632926444
1730    70.07796088016944
1760    70.23159371448776
1790    70.39660791119255
1820    70.56252706311871
1850    70.71910792530221
1880    70.86225969734757
1910    70.99356007518878
1940    71.11665505222952
1970    71.23472803382457
2000    71.34969280497677
2030    71.46251080646374
2060    71.57371627313196
2090    71.68381565882802
2120    71.79371956520009
2150    71.90419294130989
2180    72.01455677781055
2210    72.1208965362948
2240    72.21521791865365
2270    72.28790000774592
2300    72.33494547993539
2330    72.36467279728757
2360    72.3927996148069
2390    72.42331740291928
2420    72.42775103159478
2460    72.28526295098125
2500    71.86392875472603
2540    71.24954340447977
2580    70.75038871559178
2620    70.58920212137104
2660    70.7027423402269
2700    70.9061524648861
2740    71.07989774142658
2780    71.19367556201883
2820    71.25919054947755
2860    71.2969023941877
2900    71.32741233348906
2940    71.3668758052417
2980    71.41616038993234
3020    71.4605040825229
3060    71.48747506526212
3100    71.49991977555061
3150    71.51494561320823
3200    71.54959144557372
3250    71.60045675041056
3300    71.63843082640821
3350    71.66024636020992
3400    71.71500143716395
3450    71.83402868473006
3500    71.97295513729978
3550    72.01672460985077
3600    71.84533992861239
3650    71.50298745820082
3700    71.28844500750638
3750    71.43523337918629
3800    71.86480076264118
3860    72.37736236085618
3920    72.40632652549752
3980    71.5814334289037
4040    70.08009497842706
4100    68.47384610410593
4160    67.08885892400659
4220    66.4048129585367
4280    66.58004775372287
4340    67.08130077973888
4400    67.50703767805419
4460    67.86189267066669
4520    68.18370145837896
4590    68.47788988946124
4660    68.72850518258227
4730    69.01030172664409
4800    69.24029124390442
4870    69.35575768502628
4940    69.44612001288189
5010    69.53200804383381
5080    69.59665618518659
5150    69.71930119131693
5220    69.91836603003912
5300    70.08759456262354
5380    70.0654869062011
5460    69.9616879657161
5540    70.0403995453338
5620    70.34237441207874
5700    70.6656895522714
5780    70.8368733261434
5860    70.875452394363
5950    71.02280070658928
6040    71.5003317520089
6130    72.21472141041059
6220    72.95619799291613
6310    73.59817752813666
6400    74.03554296738136
6490    74.17982064712434
6580    74.226212976644
6680    74.58595967596042
6780    75.04450899561408
6880    74.98907746944332
6980    74.6492093533107
7080    74.78902865768514
7180    75.5081215915757
7280    76.23803607020213
7390    76.60720469053587
7500    76.34444433523578
7610    75.26456959938051
7720    73.5944131565686
7830    72.05550807347547
7940    71.03090959542601
8060    70.2358665594846
8180    69.53638878789754
8300    69.15256246155377
8420    69.16981127040421
8540    69.34976453376794
8660    69.40651464391237
8790    69.27146617946482
8920    69.3523337388705
9050    69.69607938789557
9180    70.04571210842646
9310    70.37638335784479
9450    70.63021955883636
9590    70.64294730737996
9730    70.60838565815908
9870    70.83320880778324
10010    71.30904138968602
10160    71.91294745571865
10310    72.53114027245712
10460    73.24591809444095
10610    74.20207251102843
10760    75.34626146755174
10920    76.62164631376568
11080    78.00069331538269
11240    79.40709372904143
11400    80.49289555233412
11570    81.02119459503754
11740    80.78270115993256
11910    79.80641806610203
12080    78.40814828729467
12260    76.92442618422368
12440    75.6746206887758
12620    74.50349232070513
12800    73.19439483432234
12990    71.87319875665548
13180    70.87360853355644
13370    70.03720262414691
13560    69.17067198426389
13760    68.33643176691308
13960    67.98045752370516
14160    68.1712723722975
14370    68.37654137701958
14580    68.0238809859807
14790    67.09662756237063
15010    65.84930990544709
15230    64.6842784367864
15450    63.72147284306922
15670    62.95542794565543
15900    62.455704606349144
16130    62.35830228046903
16360    62.5938658094032
16600    62.915890156909505
16840    62.98443461556356
17080    62.686483065005696
17330    62.00161253223732
17580    60.96111611751283
17840    59.73264276248145
18100    58.64978465242214
18360    57.91820649072114
18630    57.246489646596075
18900    55.1814114438116
19170    50.17485593573828
19450    41.81487029737998
19730    32.1058125054538
20000    26.041860798170717
