20    69.39524808403891
20.3    69.39248218111243
20.6    69.38915697111968
20.9    69.38455917492448
21.2    69.37812508233401
21.5    69.36966435329731
21.8    69.35936751254323
22.1    69.34765144586831
22.4    69.33495534173423
22.7    69.32160466346419
23    69.30778110502644
23.3    69.29356419066002
23.6    69.27899373963282
23.9    69.26410570498444
24.2    69.24892467156933
24.6    69.2281924484418
25    69.20674825555497
25.4    69.18441594523364
25.8    69.1611833326206
26.2    69.13730821867543
26.6    69.11325456407488
27    69.089508329595
27.4    69.06640955028075
27.8    69.04409017853476
28.2    69.02250100036488
28.6    69.00144680849469
29    68.9805905626252
29.4    68.95947540752135
29.8    68.93761328473718
30.2    68.91463563371877
30.6    68.89042469951292
31    68.86513768390125
31.5    68.83253593106453
32    68.79949372209762
32.5    68.76652451318783
33    68.73389383583557
33.5    68.70169164878281
34    68.66991514935852
34.5    68.63852787710914
35    68.60748293675915
35.5    68.57669960653746
36    68.54603372786956
36.5    68.51531174490634
37    68.48441114772655
37.5    68.45329657647908
38    68.4219857969073
38.6    68.38419884826973
39.2    68.34626822154854
39.8    68.30838368648307
40.4    68.2707875145849
41    68.23365767437971
41.6    68.19707439558024
42.2    68.16104080126959
42.8    68.12547807096149
43.4    68.09024959621665
44    68.05523631573053
44.6    68.02035173607966
45.2    67.98547975420371
45.9    67.94456801294257
46.6    67.90306003310614
47.3    67.86052787109293
48    67.8166194915927
48.7    67.77144258533338
49.4    67.72573295441006
50.1    67.68040296052322
50.8    67.63591139005754
51.5    67.5921187580426
52.2    67.54863796426855
53    67.49902100626093
53.8    67.4495189524165
54.6    67.40043412280241
55.4    67.35217900531852
56.2    67.30509990880333
57    67.259340565728
57.8    67.21478696123219
58.6    67.17106749270032
59.5    67.1222895987182
60.4    67.07349206840644
61.3    67.02443408913828
62.2    66.97497596771352
63.1    66.92526233015982
64    66.87558458402842
64.9    66.8259914461378
65.8    66.77637332899364
66.8    66.72103494623192
67.8    66.6649469199408
68.8    66.60724425793576
69.8    66.54741192198368
70.8    66.48563033123509
71.8    66.42262273656976
72.8    66.35942590512099
73.9    66.29082706331775
75    66.22398564741061
76.1    66.15935199394886
77.2    66.09671812427833
78.3    66.03490565132417
79.4    65.97224695827735
80.6    65.90146800095066
81.8    65.82760867983535
83    65.75085374332356
84.2    65.67172130121075
85.4    65.59081510537013
86.6    65.50873664890585
87.9    65.41899275847578
89.2    65.32860612068927
90.5    65.23759483163246
91.8    65.14583679979961
93.1    65.05313962680648
94.5    64.95211881267484
95.9    64.85001471825464
97.3    64.74749728099434
98.7    64.6458212694838
100    64.55329788924291
102    64.41432128496653
104    64.27625141907403
106    64.13647666321407
108    63.99491968817169
110    63.852252772547104
112    63.71039470971638
114    63.57315155538056
116    63.446906805484744
118    63.34019125838361
120    63.2647362483809
122    63.232504295668164
124    63.24908072732083
126    63.31425649642
128    63.424382404126035
130    63.572278019418036
132    63.74728853871634
134    63.93652043822523
136    64.12687437698101
138    64.30654500622171
140    64.4661538396101
142    64.59948880736229
144    64.70414949413492
146    64.78136779302488
148    64.83429002542798
150    64.86642983800523
152    64.88095463787604
154    64.88029664195903
156    64.8661468579223
158    64.83991301246074
160    64.80319630889691
162    64.75794022910435
164    64.7062578911003
166    64.65003326658803
168    64.59072372781273
170    64.52950300000957
173    64.43663079597599
176    64.34574367307731
179    64.2587250363404
182    64.17588706140297
185    64.09682023094578
188    64.02072598047877
191    63.94693328412264
194    63.87512590968946
197    63.80517367214601
200    63.73704633763336
203    63.67081478349763
206    63.60680890399988
209    63.54571174064844
212    63.48809722746845
215    63.4338978023437
218    63.382542511153986
221    63.333360281709574
224    63.2855194211608
227    63.2379634784762
230    63.189869093944836
233    63.1409970696087
236    63.091430320631986
239    63.04121296072259
243    62.97330876640805
247    62.90508279405242
251    62.83802471129967
255    62.773761655114
259    62.71337829388305
263    62.657301763764124
267    62.60496642532334
271    62.554650636895815
275    62.50441925990616
279    62.452985720212425
283    62.399743355391884
287    62.34487260820186
291    62.28876955884261
295    62.23146009275501
299    62.17276300284413
303    62.11233189448895
307    62.04996036510944
312    61.96985442100272
317    61.88856953323303
322    61.80649329258678
327    61.723246816692594
332    61.638730208674374
337    61.55329302931659
342    61.46694960919781
347    61.37982509287164
352    61.29231935410936
357    61.20469507000614
362    61.117422699062615
367    61.031581947286234
372    60.949290153964206
377    60.87396563962007
383    60.798684943374795
389    60.746906722849346
395    60.72642529809683
401    60.744517657362934
407    60.80565627703331
413    60.91021358587547
419    61.05418855700278
425    61.229022166521695
431    61.42211806195191
437    61.619476968184614
443    61.809140348227736
449    61.98218316800016
456    62.15522891537278
463    62.293225183436476
470    62.396566341713005
477    62.46892305113177
484    62.51571429930044
491    62.5431271499791
498    62.55749209924117
505    62.56480980264821
512    62.57036229263879
519    62.57839110260775
527    62.59400247769116
535    62.61742216845208
543    62.64745444164523
551    62.68230225317026
559    62.72014479112659
567    62.759655036804745
575    62.80052313357432
583    62.842329841815584
592    62.88795252781766
601    62.92888571130566
610    62.96420446488605
619    62.994270169856065
628    63.020175784487165
637    63.04373936589588
646    63.06688568423079
655    63.09138294659794
665    63.1215976826829
675    63.155334785960235
685    63.19150567688831
695    63.22813776734325
705    63.264066640013496
715    63.29924402981556
725    63.33392321345289
736    63.37168980679188
747    63.409442614643694
758    63.447559618200145
769    63.48635821350845
780    63.526007842378704
791    63.5665584254131
803    63.612109604223846
815    63.65946989737926
827    63.70896733054815
839    63.76082628485151
851    63.81530636727125
863    63.87255575533513
876    63.93770466310371
889    64.00614465841646
902    64.0779901239059
915    64.15323190649704
928    64.23180329492966
942    64.3199771681451
956    64.41149611338959
970    64.50579864511764
984    64.60221383280106
998    64.70009144224923
1010    64.78483673253743
1020    64.8558946647392
1030    64.9271828635535
1050    65.06960456784543
1070    65.2105300613321
1090    65.34944095439272
1110    65.48660930451811
1130    65.62281813934715
1150    65.75867822983594
1170    65.89454559453402
1190    66.03066572464371
1210    66.16717159521319
1230    66.30422075368378
1250    66.44195867634807
1270    66.5805744628517
1290    66.72026714783199
1310    66.8611678732641
1330    67.00326312649673
1350    67.14636168777047
1370    67.29013293478715
1390    67.43438625079742
1410    67.57936434299798
1430    67.72554783174246
1450    67.87310574282637
1470    68.02197007214218
1490    68.17214946417215
1510    68.32383581191081
1530    68.4772344738843
1550    68.63240568308615
1570    68.78939215522558
1590    68.94831232273668
1610    69.10910163693714
1630    69.27150586867788
1650    69.43533449193903
1670    69.60060547236061
1690    69.76751096177219
1710    69.93616245298404
1730    70.10638935480438
1760    70.36411911257733
1790    70.62402393080816
1820    70.88488455633406
1850    71.14566425330659
1880    71.40568140852609
1910    71.6642125267378
1940    71.92040291540144
1970    72.17330102679598
2000    72.42167344732374
2030    72.66351433735372
2060    72.89599967868668
2090    73.11622723977581
2120    73.32147069184619
2150    73.50929817834637
2180    73.67794580835127
2210    73.82586313268922
2240    73.95148604278407
2270    74.05353375977637
2300    74.13118102194039
2330    74.18421051757227
2360    74.21299695585893
2390    74.21832543113376
2420    74.20113093317121
2460    74.14542784378371
2500    74.05703703579293
2540    73.94125955706164
2580    73.80276700958471
2620    73.64546056653256
2660    73.4730794862679
2700    73.28980169412313
2740    73.10197696518611
2780    72.91812103996776
2820    72.74389762662682
2860    72.57832609957129
2900    72.41761800483116
2940    72.26046182660718
2980    72.10838414578053
3020    71.9636787307534
3060    71.82798287191721
3100    71.70224928060179
3150    71.5602736531498
3200    71.43623367938855
3250    71.33101401317394
3300    71.24523333854823
3350    71.17946155679624
3400    71.1343227191665
3450    71.11061454361138
3500    71.10861074604097
3550    71.12820702830173
3600    71.169976747954
3650    71.23464229159255
3700    71.32280084567164
3750    71.43552041469513
3800    71.57364077124842
3860    71.77358130830629
3920    72.01241301827946
3980    72.29211967345802
4040    72.61427240450783
4100    72.98068707640275
4160    73.39280923363182
4220    73.85161912354356
4280    74.35720932755589
4340    74.90687345569154
4400    75.4920398515932
4460    76.09557818572574
4520    76.69011998064312
4590    77.320067615798
4660    77.81016265959127
4730    78.08738238921367
4800    78.10011259692538
4870    77.84088300942777
4940    77.35070186438718
5010    76.69852223380539
5080    75.95586231397294
5150    75.18160909693933
5220    74.41666894193793
5300    73.58512181378782
5380    72.81615223201729
5460    72.1164330696357
5540    71.48789526943077
5620    70.9301156226824
5700    70.44062790184343
5780    70.01620068885371
5860    69.65458266294122
5950    69.32011836611676
6040    69.05807403759975
6130    68.86732684831054
6220    68.74783891627908
6310    68.69789812620616
6400    68.71513811731523
6490    68.79724005887202
6580    68.94105041691327
6680    69.16587896882427
6780    69.4436445938737
6880    69.74878501286162
6980    70.0454474919959
7080    70.28662563085915
7180    70.4159309205487
7280    70.37684262290045
7390    70.09478571149373
7500    69.56210845747866
7610    68.8234755263547
7720    67.94900146364273
7830    67.01074747779376
7940    66.06849856875647
8060    65.08457017642735
8180    64.17517298212661
8300    63.35309926021901
8420    62.62016086050612
8540    61.97213086228996
8660    61.40626473449618
8790    60.88618797721894
8920    60.4620064822797
9050    60.13249594288471
9180    59.89836912607283
9310    59.761237535134285
9450    59.724214928099485
9590    59.80443485006382
9730    60.00835722805492
9870    60.34537837364506
10010    60.82562572250143
10160    61.50770604713358
10310    62.36204416083142
10460    63.359594418398196
10610    64.43353327177071
10760    65.46606064072984
10920    66.26746271175534
11080    66.44468857077725
11240    65.8873409424348
11400    64.78428905385869
11570    63.38382365328344
11740    62.049354769515105
11910    60.91382727317953
12080    59.9954384672087
12260    59.21900459484554
12440    58.57490169664577
12620    57.98819648942569
12800    57.39717042731323
12990    56.74340434842725
13180    56.112160131850914
13370    55.64587248285892
13560    55.525779147433354
13760    55.89002004836277
13960    56.56904421967076
14160    56.92621650562572
14370    56.24939001654444
14580    54.5711307410914
14790    52.70403596328142
15010    51.33180649044591
15230    50.72737037087403
15450    50.473342248530706
15670    50.08027822471661
15900    49.42814649760905
16130    48.86043888892085
16360    48.84264579131141
16600    49.28874266097202
16840    49.536877200671036
17080    49.22033681916891
17330    48.06288843644757
17580    45.949887885655016
17840    42.74251310229694
18100    38.73896840045243
18360    34.40355426899131
18630    30.47080411045731
18900    29.49146327428867
19170    30.770990382211604
19450    29.440202249760233
19730    24.853833051573382
20000    21.33613882541747
