20    70.15616182562175
20.3    70.1627425449595
20.6    70.16906516899472
20.9    70.17493512234324
21.2    70.18015742724177
21.5    70.18457769068793
21.8    70.1880901794315
22.1    70.19063549630528
22.4    70.19220472517364
22.7    70.19283168303345
23    70.19257806809921
23.3    70.19151826629906
23.6    70.18973038570101
23.9    70.1872879918784
24.2    70.18425550265555
24.6    70.17938311965412
25    70.17364481007448
25.4    70.1670955816302
25.8    70.15974539781692
26.2    70.15156520531269
26.6    70.14250486926309
27    70.13252117602855
27.4    70.12161199508077
27.8    70.10982279514522
28.2    70.09722511167632
28.6    70.08389734536507
29    70.0699067055267
29.4    70.05529878644245
29.8    70.04010503159347
30.2    70.02435014833826
30.6    70.00805636648673
31    69.99124311579638
31.5    69.9695224898091
32    69.94705624421336
32.5    69.92391310655462
33    69.90018760370924
33.5    69.8759678218361
34    69.85129957212604
34.5    69.8261788991555
35    69.80056877635229
35.5    69.77444051658051
36    69.74779372835525
36.5    69.72065675280362
37    69.69307576386308
37.5    69.66510496866364
38    69.63680523000264
38.6    69.60249840179807
39.2    69.56788551596348
39.8    69.53299849275166
40.4    69.49783831522734
41    69.46239706851978
41.6    69.42665465281647
42.2    69.39056708271725
42.8    69.35407386772951
43.4    69.31712891727304
44    69.27972663355878
44.6    69.24189762906602
45.2    69.20368795326084
45.9    69.15871247548714
46.6    69.1134629129196
47.3    69.0681609112759
48    69.02302704791205
48.7    68.97819193794021
49.4    68.93367138948557
50.1    68.88942167901607
50.8    68.84539625496248
51.5    68.80158266943847
52.2    68.75799457575337
53    68.70844666409491
53.8    68.65909574083443
54.6    68.60982469432551
55.4    68.56061274814616
56.2    68.51157251458181
57    68.46294796088976
57.8    68.41501795524727
58.6    68.3678556878744
59.5    68.31542927865772
60.4    68.26316412778002
61.3    68.21057689654046
62.2    68.1573139770222
63.1    68.10317360675296
64    68.04807877416212
64.9    67.99201278580443
65.8    67.93500148138614
66.8    67.87065370240208
67.8    67.80542303632043
68.8    67.7394695369315
69.8    67.67291629494125
70.8    67.60591404731619
71.8    67.53860466759755
72.8    67.47100944918188
73.9    67.3963026503322
75    67.32132150779117
76.1    67.24622162529597
77.2    67.17111718582326
78.3    67.09610478866463
79.4    67.02112847351009
80.6    66.93913652494605
81.8    66.85666918743334
83    66.7736087678407
84.2    66.69010276879035
85.4    66.60661294648172
86.6    66.52383466257646
87.9    66.43581270757109
89.2    66.35024124055016
90.5    66.2676124985309
91.8    66.18823654434996
93.1    66.11227183822368
94.5    66.03426115194347
95.9    65.95983797304515
97.3    65.88819231672221
98.7    65.8182201036773
100    65.75355480040557
102    65.65246353358737
104    65.54767798244404
106    65.43929157310038
108    65.3299499945621
110    65.22313170394922
112    65.121925682245
114    65.0288714006744
116    64.94540260750432
118    64.87123008106184
120    64.80460318718832
122    64.74311606422415
124    64.68467872594067
126    64.62757462596383
128    64.57000893787648
130    64.50964925429642
132    64.443603637125
134    64.36884753219229
136    64.2831826038237
138    64.18654667213566
140    64.08143842860527
142    63.97262772467235
144    63.86629708322141
146    63.7691834247002
148    63.68774461042587
150    63.62742241943248
152    63.59201059566237
154    63.58315841486314
156    63.60037788058726
158    63.64135591386769
160    63.70235456406062
162    63.778614151612686
164    63.8647535960328
166    63.95516436430229
168    64.04434185250095
170    64.1272014735561
173    64.23053105363246
176    64.30000035213646
179    64.3309004499169
182    64.32376454256547
185    64.28299217223181
188    64.21514327023839
191    64.12752393795432
194    64.02692967425381
197    63.9188654279659
200    63.8074135780808
203    63.695488464217576
206    63.585124291139806
209    63.4776935227459
212    63.374093177310144
215    63.2749184953424
218    63.180556323238264
221    63.091226702414566
224    63.00693394752548
227    62.92746192392029
230    62.85233485377604
233    62.7808545443732
236    62.712160327308055
239    62.64529006323568
243    62.557330033756365
247    62.469003144528024
251    62.37896947459633
255    62.28657894419835
259    62.19186808946064
263    62.09536717948784
267    61.99783739524796
271    61.90008333994666
275    61.802814990163824
279    61.70658160082634
283    61.61178263096681
287    61.518704174303934
291    61.42752940025824
295    61.3383756396864
299    61.25135159349821
303    61.16653478319312
307    61.08383611699299
312    60.98295266893703
317    60.88397874158417
322    60.78593165218292
327    60.68786933842034
332    60.58906399705725
337    60.489152417682085
342    60.38809552821381
347    60.2860650878019
352    60.18342311425006
357    60.08088738590473
362    59.97982598720842
367    59.88253118752841
372    59.79244807331314
377    59.714223839286966
383    59.64404184960568
389    59.609834333187
395    59.62151422480629
401    59.68645484683071
407    59.80687568750459
413    59.97893958861378
419    60.192844063725126
425    60.43407728779516
431    60.6858098359956
437    60.93162489490512
443    61.15797069720493
449    61.355621841705215
456    61.54388325770317
463    61.685682242860885
470    61.784500892566456
477    61.846509474189496
484    61.87891767073572
491    61.889001143501105
498    61.883660046827515
505    61.86909563827055
512    61.85067766834179
519    61.83278514771034
527    61.81711649393783
535    61.809476050520104
543    61.81132179524205
551    61.822755154856964
559    61.84282566697634
567    61.8698686681458
575    61.901825925358594
583    61.936559583175026
592    61.97636473519861
601    62.01436465001961
610    62.0485982868792
619    62.078258836827686
628    62.103730940412206
637    62.12639757381758
646    62.14801497517616
655    62.17000995716372
665    62.19594679248351
675    62.224073942144045
685    62.254734252559444
695    62.28805480266655
705    62.323917812615065
715    62.36190236527833
725    62.40145320259343
736    62.44625824218548
747    62.49224134173407
758    62.539556180520705
769    62.58837940779793
780    62.63877888841849
791    62.69077050025877
803    62.74930020429349
815    62.809688871747476
827    62.871963123637336
839    62.93623827234342
851    63.002704562529544
863    63.07160889809042
876    63.14927288342986
889    63.23028179679764
902    63.314778017546466
915    63.402846168489674
928    63.494483828992145
942    63.59712108509363
956    63.703685229492464
970    63.81383543946798
984    63.92712927696934
998    64.0429793676369
1010    64.14376376731306
1020    64.22837950257355
1030    64.31322390471996
1050    64.48250255246332
1070    64.6498593041708
1090    64.81433350837841
1110    64.97553554077709
1130    65.13388605092484
1150    65.29062331474549
1170    65.44639872405133
1190    65.60163300589082
1210    65.757006583879
1230    65.9132563916448
1250    66.07082975795336
1270    66.22992184444978
1290    66.39043502208678
1310    66.55198911907416
1330    66.71414794199711
1350    66.87655834769804
1370    67.03898426531555
1390    67.20135153679033
1410    67.36376419018399
1430    67.52642888136461
1450    67.68959314861101
1470    67.85351363383788
1490    68.018389395932
1510    68.18438702745986
1530    68.3516630707052
1550    68.5203601382811
1570    68.69054432558619
1590    68.86214449611023
1610    69.03522897182556
1630    69.21014815177807
1650    69.38716329637076
1670    69.5660420935541
1690    69.7463283803252
1710    69.92726244913214
1730    70.10769601763658
1760    70.37359845733334
1790    70.62719938912
1820    70.86175401221655
1850    71.07493047374516
1880    71.27243862741298
1910    71.46675792069261
1940    71.6703644735727
1970    71.8891552707776
2000    72.12077783929959
2030    72.35700587267732
2060    72.58749872142539
2090    72.80223808817803
2120    72.99140684400999
2150    73.14524057038253
2180    73.25327963414188
2210    73.30125790572353
2240    73.27766297171299
2270    73.17265082184984
2300    72.99215658620388
2330    72.76237016002452
2360    72.5243453487636
2390    72.3198265741758
2420    72.17878969603038
2460    72.11559114193241
2500    72.19094052619144
2540    72.36742468707503
2580    72.57834928351144
2620    72.75239790742033
2660    72.82477523654998
2700    72.74098738150508
2740    72.4697064598754
2780    72.05401870607017
2820    71.61030336237954
2860    71.25663038389149
2900    71.04051024846507
2940    70.92867059653065
2980    70.86943896086055
3020    70.83225121742475
3060    70.8038882832725
3100    70.77540435933692
3150    70.71964957521432
3200    70.60558728734432
3250    70.40497989132535
3300    70.15048505640391
3350    69.9376816156526
3400    69.83014355830883
3450    69.80937893558011
3500    69.827439863703
3550    69.85566854146536
3600    69.88861636043607
3650    69.9304682524412
3700    69.98498729526139
3750    70.04879082304774
3800    70.10597306892633
3860    70.12719418161998
3920    70.07106081157403
3980    69.98507086039814
4040    69.91560800034831
4100    69.83983263146692
4160    69.70479645892723
4220    69.51624107430402
4280    69.34310505203513
4340    69.24410638697748
4400    69.22041504502879
4460    69.23406347313814
4520    69.25497044935395
4590    69.28667776791252
4660    69.32255056388577
4730    69.3101992102348
4800    69.19388892261108
4870    69.03555741478249
4940    68.96783378444064
5010    68.91567795330779
5080    68.71074788438058
5150    68.41583497887777
5220    68.32400145071665
5300    68.5679996508221
5380    68.862333230253
5460    68.89514451696976
5540    68.55066614765907
5620    67.95895273897119
5700    67.5816899756283
5780    67.79731130686338
5860    68.24739213504094
5950    68.71934842275952
6040    69.10365166628043
6130    69.41624622451482
6220    69.63234474665036
6310    69.67294686970436
6400    69.52927784872969
6490    69.33172266292424
6580    69.28360747791771
6680    69.48014135528679
6780    69.80450864588167
6880    70.0943970326852
6980    70.36612454121658
7080    70.67522140549261
7180    70.99544245567499
7280    71.2536684356582
7390    71.48083374711078
7500    71.88302462535783
7610    72.56952469063002
7720    73.09396493673233
7830    72.9980550197663
7940    72.18956840772697
8060    70.73980911227126
8180    69.2500339312716
8300    68.17221207833978
8420    67.56078781971117
8540    67.17221951852767
8660    66.84332616903981
8790    66.5134124078916
8920    66.10631567044041
9050    65.5684479602948
9180    65.16001576601806
9310    65.31938419836786
9450    66.05276673438146
9590    66.82419044676166
9730    67.35247533374653
9870    67.69569249305229
10010    67.98566136372462
10160    68.32548012356844
10310    68.70239485264487
10460    69.0052846370728
10610    69.04940984485339
10760    68.71098301590007
10920    67.88083261732285
11080    66.49344020578009
11240    64.65640546805935
11400    62.90598941534181
11570    62.06905153134713
11740    62.181416360093266
11910    62.888723781128746
12080    63.612364653146585
12260    64.25280191776469
12440    64.84493566386429
12620    65.3368840470573
12800    65.76546009894375
12990    66.3338122271254
13180    66.96352927277104
13370    67.74852936663616
13560    68.51303832244476
13760    69.17955413121518
13960    69.63591359517008
14160    69.78633124454097
14370    69.6580235851059
14580    68.99669029408345
14790    67.89527604884276
15010    66.33982380933129
15230    64.49112185273077
15450    62.503138070205246
15670    60.92983562701219
15900    60.50432704047323
16130    60.88113868407601
16360    61.17445006412798
16600    60.87562518824342
16840    59.75115027229448
17080    57.793757553212785
17330    55.170569378380556
17580    52.30497999814884
17840    49.35906125454891
18100    46.78157026630428
18360    45.25920148713813
18630    45.35533010756619
18900    45.4461721826527
19170    42.96080372554933
19450    37.81179406443118
19730    31.991263778661434
20000    31.386956018929638
