20    56.57214412624845
20.3    56.667830491386205
20.6    56.76191906831718
20.9    56.85422482762989
21.2    56.94458611073405
21.5    57.03290347809802
21.8    57.119144045938796
22.1    57.20332781582839
22.4    57.285501553236145
22.7    57.365718061115054
23    57.44403227406542
23.3    57.52050521465157
23.6    57.59520168690925
23.9    57.66818345059916
24.2    57.73950084853141
24.6    57.83206560340015
25    57.921816503535936
25.4    58.00884685999119
25.8    58.09328760695544
26.2    58.175287749127996
26.6    58.25497106237684
27    58.33240423475553
27.4    58.40760351540966
27.8    58.48058320125334
28.2    58.55140448728503
28.6    58.620180889440675
29    58.68704460799569
29.4    58.75209840743831
29.8    58.81540003209976
30.2    58.876980250659216
30.6    58.936870444579014
31    58.99512074927382
31.5    59.06573282894607
32    59.1340354126268
32.5    59.20016568586503
33    59.264251705093244
33.5    59.32640335500609
34    59.38668851686759
34.5    59.445115925332885
35    59.50165569928572
35.5    59.55627709960183
36    59.608963079368415
36.5    59.659714492989025
37    59.70856146075225
37.5    59.755586189050774
38    59.80092365583768
38.6    59.85332054084586
39.2    59.90374688028537
39.8    59.95235769789036
40.4    59.99923402292522
41    60.04441272710595
41.6    60.08791557663379
42.2    60.129778824764145
42.8    60.170066679553344
43.4    60.20884859059903
44    60.24617453466575
44.6    60.2820771604724
45.2    60.31658375700637
45.9    60.355102184726036
46.6    60.39176053464985
47.3    60.42660642162622
48    60.45978571987453
48.7    60.49151339445977
49.4    60.5219711939523
50.1    60.55126146694558
50.8    60.57945118481077
51.5    60.60661140111682
52.2    60.63279661609978
53    60.661537283515926
53.8    60.68894599577591
54.6    60.71487731732081
55.4    60.73919746243274
56.2    60.76189110725657
57    60.78297530051286
57.8    60.80240478316985
58.6    60.82022530557134
59.5    60.83869657828669
60.4    60.85601886775652
61.3    60.87258278338278
62.2    60.888401385905716
63.1    60.90304361313699
64    60.91605658869173
64.9    60.92743439390561
65.8    60.93753995723742
66.8    60.947856580697405
67.8    60.95785273426022
68.8    60.967791373007714
69.8    60.97702617163994
70.8    60.98446113637796
71.8    60.98947436927773
72.8    60.99205373443764
73.9    60.992377687995855
75    60.99046314866697
76.1    60.986709462925795
77.2    60.98147946786035
78.3    60.975044227197095
79.4    60.967618565568
80.6    60.95873569392607
81.8    60.94963090649005
83    60.94106662575962
84.2    60.933448289318314
85.4    60.92649964779372
86.6    60.919712234863624
87.9    60.912313523812976
89.2    60.90497667180906
90.5    60.89773932405742
91.8    60.89036229533765
93.1    60.88250110267679
94.5    60.873046806674985
95.9    60.861995534343336
97.3    60.848830845068676
98.7    60.83328289432134
100    60.81670335420927
102    60.78745469732111
104    60.754209435057945
106    60.71773177733934
108    60.678949242835856
110    60.639077044876444
112    60.59978949906873
114    60.56276353400375
116    60.52918706490577
118    60.49967115857002
120    60.47412168854716
122    60.451351258947795
124    60.429357458816796
126    60.406404676534024
128    60.381200494351724
130    60.352823370766586
132    60.320589836093845
134    60.28395468100052
136    60.24246602564386
138    60.195795644311374
140    60.143841751206764
142    60.0868187998538
144    60.02522279007168
146    59.959926179734275
148    59.89206912618092
150    59.822742156902066
152    59.752787662397324
154    59.682728826685064
156    59.61283277334891
158    59.54340735065696
160    59.47521688218919
162    59.40972265520315
164    59.349045889461436
166    59.29574525640218
168    59.25240814840581
170    59.22120878123648
173    59.199513574871716
176    59.2067312699844
179    59.236307966155685
182    59.27804234947254
185    59.32189550597215
188    59.361238781041536
191    59.39405247749316
194    59.42226639840388
197    59.44949583813829
200    59.47864086984703
203    59.51036231588001
206    59.54272212378518
209    59.5721088919541
212    59.594887209858
215    59.60859503128231
218    59.61222990750941
221    59.60594128075028
224    59.59051026652858
227    59.56692862635943
230    59.53612229642064
233    59.498785530493976
236    59.455430823933625
239    59.406492410230705
243    59.33330066928302
247    59.25212876546155
251    59.164523755069084
255    59.07246372298302
259    58.978152177404425
263    58.883782405156865
267    58.791331870490566
271    58.70236232959278
275    58.617728477382144
279    58.53737910327162
283    58.46042925997897
287    58.385403391217885
291    58.31050603450225
295    58.233996785632385
299    58.15457642954729
303    58.0715383335353
307    57.98474518034908
312    57.87154948363927
317    57.754306548331385
322    57.63435911471137
327    57.51279114412628
332    57.39016720820389
337    57.26656547188209
342    57.141706279366886
347    57.01518772386717
352    56.88678820536259
357    56.7566118000759
362    56.625138961392125
367    56.49343266093557
372    56.36343775707552
377    56.23821154876722
383    56.10029567500352
389    55.98443023919174
395    55.900282090804716
401    55.856742605083724
407    55.86005344962775
413    55.91205773146799
419    56.00945204653502
425    56.144209246703696
431    56.30492834787846
437    56.47872058491495
443    56.65315119876162
449    56.81788633943455
456    56.98838490272048
463    57.13004267809043
470    57.241939616582926
477    57.32680014525259
484    57.38956957645649
491    57.436262594647644
498    57.47296552251325
505    57.50514645677485
512    57.53733619971568
519    57.57297273878439
527    57.62070757859027
535    57.67725186419101
543    57.742507123509114
551    57.81542869379952
559    57.89431904331246
567    57.97710177245125
575    58.06150214445831
583    58.14502891033665
592    58.23473845139533
601    58.31678323805782
610    58.38884387398339
619    58.44983790628771
628    58.49991606252658
637    58.54019241716212
646    58.57244562887266
655    58.59878344719133
665    58.62345942231194
675    58.64530141329619
685    58.665838437966286
695    58.686210754307844
705    58.707298729105716
715    58.72960975482859
725    58.752946696820985
736    58.778428116737246
747    58.80191221469269
758    58.82337276675256
769    58.84530311531649
780    58.870714217972036
791    58.901911534800945
803    58.94485257526978
815    58.99959755612566
827    59.068028573577934
839    59.14994396545363
851    59.242690603284316
863    59.342391719358915
876    59.45427702488503
889    59.56756013605076
902    59.681038535227685
915    59.794530801838235
928    59.90813639016696
942    60.029961577582206
956    60.14926275474146
970    60.263562932249464
984    60.37212006869264
998    60.47764095281255
1010    60.5693243474635
1020    60.64877567792297
1030    60.73213473900763
1050    60.91139163526026
1070    61.10499050662665
1090    61.30858541453203
1110    61.5185387729731
1130    61.733094855599944
1150    61.95184298030977
1170    62.17451249292074
1190    62.40075868657864
1210    62.63008726828821
1230    62.861468580638416
1250    63.09333772059088
1270    63.32390930081539
1290    63.55154387223469
1310    63.77525563460643
1330    63.99508433668568
1350    64.21190616572999
1370    64.4268624450543
1390    64.64108204050916
1410    64.85561045734204
1430    65.07127999110041
1450    65.28850513018045
1470    65.50726130487541
1490    65.72743353613207
1510    65.94921089656532
1530    66.17329388370803
1550    66.40070730309179
1570    66.63241213372419
1590    66.8691214934188
1610    67.11122802204918
1630    67.35884436781298
1650    67.61208284530025
1670    67.87129744383905
1690    68.13707207573637
1710    68.41008146045417
1730    68.69071859974076
1760    69.12478965951297
1790    69.57111302539113
1820    70.02476026699304
1850    70.48074823097592
1880    70.9346962625105
1910    71.38302314604758
1940    71.82254181910474
1970    72.25030835739696
2000    72.66351337368667
2030    73.05915064281785
2060    73.4342988002189
2090    73.78659200454004
2120    74.11430511864273
2150    74.41583287356472
2180    74.68942736019719
2210    74.93318204194742
2240    75.1451315952828
2270    75.32324131838837
2300    75.4655809523012
2330    75.5702381050522
2360    75.6352431556931
2390    75.65883792756559
2420    75.63980825475639
2460    75.54870349782992
2500    75.38877770386598
2540    75.16918612897123
2580    74.8999284084613
2620    74.59149337725495
2660    74.2538597331532
2700    73.89618798556495
2740    73.52660279863242
2780    73.15204308076015
2820    72.77814645759355
2860    72.40940425893533
2900    72.04931505943694
2940    71.70060352185462
2980    71.3651105601596
3020    71.04365160192054
3060    70.73634153709715
3100    70.443323194545
3150    70.09810906892469
3200    69.77720058609958
3250    69.48046160351659
3300    69.20762965435866
3350    68.95860979414786
3400    68.73406945560399
3450    68.53561318053727
3500    68.36518499239118
3550    68.22408511027945
3600    68.1114664026814
3650    68.02483105709831
3700    67.961577846747
3750    67.9197737572378
3800    67.89815939108539
3860    67.89771593650323
3920    67.92387693087879
3980    67.97506360198284
4040    68.04898655548332
4100    68.14334730568511
4160    68.25579560117134
4220    68.3847758853061
4280    68.53044554159689
4340    68.69394266238893
4400    68.87746702656898
4460    69.08350183480582
4520    69.31215225031526
4590    69.6024784776059
4660    69.90713945455734
4730    70.20951666212983
4800    70.49023672196665
4870    70.7297078560579
4940    70.907734914353
5010    71.0031004106526
5080    70.99290130734067
5150    70.85492774731586
5220    70.57647744440523
5300    70.09953738855737
5380    69.5106573757884
5460    68.89462469540571
5540    68.33063890596756
5620    67.86636532953675
5700    67.51266648198657
5780    67.2546818501564
5860    67.06667107868557
5950    66.90739606467187
6040    66.77643946502732
6130    66.65852204761666
6220    66.54862628548764
6310    66.44833023612507
6400    66.36221636173653
6490    66.29501913195273
6580    66.2504588082821
6680    66.23038125900496
6780    66.24402409932631
6880    66.29376912242
6980    66.38085540229241
7080    66.50426798277957
7180    66.6578179772865
7280    66.82794447365717
7390    67.00746882601734
7500    67.14056443563325
7610    67.18833626995999
7720    67.12082986205104
7830    66.91965939404764
7940    66.58007734513211
8060    66.05959511681175
8180    65.40092199628286
8300    64.63066660896885
8420    63.78533721462756
8540    62.90382758404164
8660    62.02141775030303
8790    61.09771530943053
8920    60.2316959622797
9050    59.43647221510892
9180    58.71655220783097
9310    58.074247583447715
9450    57.472589518751946
9590    56.96458650377956
9730    56.548063901316326
9870    56.220749620512336
10010    55.98224974457492
10160    55.82588089621619
10310    55.77300700662234
10460    55.826969687059304
10610    55.994914609961825
10760    56.28266409535627
10920    56.72549364734017
11080    57.314373164391796
11240    58.04744832584797
11400    58.897197276323396
11570    59.84297760105879
11740    60.679778810235504
11910    61.264707464997755
12080    61.58782483021531
12260    61.7813272968061
12440    61.946698670106585
12620    62.02776717291522
12800    61.83816240439838
12990    61.247094938868806
13180    60.42260277484213
13370    59.661621584006554
13560    59.15928564508917
13760    58.94709489238411
13960    58.94441552741155
14160    58.90800520075439
14370    58.588424025081295
14580    57.95829137182538
14790    57.2133868172998
15010    56.486632063065066
15230    55.72598266041169
15450    54.65452275951197
15670    53.15998884969157
15900    51.3570970232821
16130    49.656837555641665
16360    48.4245058750908
16600    47.644359731093964
16840    47.0123894620222
17080    46.56074772542465
17330    46.50806670328938
17580    46.92163141197959
17840    47.64628320884013
18100    47.904721554554044
18360    46.880948082058666
18630    44.589066762988026
18900    41.94220743048084
19170    40.66765382457294
19450    41.907288415205386
19730    43.74673025313885
20000    44.454649803134245
