20    69.35377856199632
20.3    69.37035440631144
20.6    69.38657490556656
20.9    69.40223395841727
21.2    69.41703518243207
21.5    69.43067157702912
21.8    69.44290216339047
22.1    69.45361486228664
22.4    69.46286417273856
22.7    69.47086176110614
23    69.47794136711207
23.3    69.48450448302287
23.6    69.49096390725703
23.9    69.49768353805985
24.2    69.5049311941892
24.6    69.5156272703241
25    69.52744040644674
25.4    69.53997764216771
25.8    69.55258737495842
26.2    69.56453429108636
26.6    69.5751940191527
27    69.58418190319901
27.4    69.59135293316062
27.8    69.5967114228086
28.2    69.60032210150737
28.6    69.60230536392942
29    69.60290097066154
29.4    69.60251329165182
29.8    69.60163563542844
30.2    69.6006255969593
30.6    69.59953789320544
31    69.59814515020551
31.5    69.59556678670495
32    69.5919897174836
32.5    69.58787155873043
33    69.58360113581871
33.5    69.57882614158217
34    69.57255932276229
34.5    69.56400894454808
35    69.55326110350407
35.5    69.54121523391225
36    69.52898748555029
36.5    69.51741509238215
37    69.50695611541207
37.5    69.49777278305874
38    69.48973546592124
38.6    69.48098139723064
39.2    69.4723313099563
39.8    69.46319339980502
40.4    69.45335587227513
41    69.44264035778627
41.6    69.43059263895219
42.2    69.41662607749451
42.8    69.40032939260715
43.4    69.3815442332208
44    69.3603310688436
44.6    69.33699792196099
45.2    69.31209133155754
45.9    69.28186435454234
46.6    69.25111669953321
47.3    69.22052311355421
48    69.1908764042029
48.7    69.16313321484311
49.4    69.13842375558771
50.1    69.11790409740357
50.8    69.10231903771758
51.5    69.09179247369241
52.2    69.08572507574405
53    69.08151535203163
53.8    69.07468550184518
54.6    69.0595218861807
55.4    69.03292288242645
56.2    68.99443365600361
57    68.9460627940986
57.8    68.89196448446455
58.6    68.83672122132707
59.5    68.77686556993805
60.4    68.71968959628896
61.3    68.66214399208877
62.2    68.60062565618097
63.1    68.53361607789634
64    68.46169284698803
64.9    68.38654235455198
65.8    68.31016130112651
66.8    68.22631861407703
67.8    68.14619039353752
68.8    68.07202345074973
69.8    68.00590311634664
70.8    67.95000375993818
71.8    67.90582511360329
72.8    67.87368358249928
73.9    67.85090016350517
75    67.83798822164654
76.1    67.8297059976583
77.2    67.82042532557675
78.3    67.80613651135549
79.4    67.7845858560992
80.6    67.75139030640004
81.8    67.7071695873289
83    67.65194691967199
84.2    67.5875288896033
85.4    67.51722955168492
86.6    67.44534005942896
87.9    67.37204256857467
89.2    67.31115898698928
90.5    67.27040781861443
91.8    67.25642580874482
93.1    67.27291240672608
94.5    67.32402286911696
95.9    67.40368418575379
97.3    67.50209366856222
98.7    67.60837983791427
100    67.70485268955959
102    67.83447046180845
104    67.93166517349515
106    67.99411656132361
108    68.02484668269936
110    68.02837030174378
112    68.00813155787581
114    67.96736925237202
116    67.9098651837508
118    67.84032194200421
120    67.76388616818261
122    67.68569804007353
124    67.6091603547511
126    67.5355336745008
128    67.46457553949651
130    67.3950425922344
132    67.32550151747313
134    67.25501314242007
136    67.18343979059817
138    67.11128401290738
140    67.03936407050486
142    66.96837507704439
144    66.89877464946858
146    66.83087387437524
148    66.76489645716599
150    66.70093106829364
152    66.63884971738187
154    66.57833053033427
156    66.51892277540497
158    66.46007566312176
160    66.40114013990485
162    66.34144231300522
164    66.28047196902921
166    66.2179215273532
168    66.15369434501585
170    66.08786699915068
173    65.98635940672611
176    65.8815553316565
179    65.7735027067603
182    65.66267452769588
185    65.54999686059014
188    65.43630233643823
191    65.3221242994749
194    65.20771796237648
197    65.09311708822008
200    64.9781838913781
203    64.86285822404827
206    64.74722391960233
209    64.63148986672857
212    64.51564221625961
215    64.39952412469711
218    64.28304006653798
221    64.16625539322011
224    64.04934266881774
227    63.93245693423958
230    63.81571876611925
233    63.69904240849715
236    63.582182268210516
239    63.46493591561029
243    63.30782524270445
247    63.14967028995957
251    62.990504396913785
255    62.83050131715415
259    62.669674065979336
263    62.50809111371024
267    62.3460827517482
271    62.18405293329681
275    62.022374983923896
279    61.86134641052631
283    61.70108418582449
287    61.541671194602074
291    61.38327881385557
295    61.226169099108475
299    61.0706285198722
303    60.91689031334525
307    60.765183608302664
312    60.57876864846021
317    60.39586570451154
322    60.215642161511575
327    60.037141611396244
332    59.85976714691613
337    59.683586662259046
342    59.50961023414283
347    59.33947274440392
352    59.1750113024481
357    59.018484534031984
362    58.87290507911896
367    58.74179330918915
372    58.62848401157609
377    58.53553738435216
383    58.45266609519055
389    58.40096126425257
395    58.37817593257445
401    58.379654839089156
407    58.39812602178705
413    58.425584073828865
419    58.455373087024384
425    58.48337291447679
431    58.50779426664712
437    58.52858558195007
443    58.54685347072076
449    58.56472644729008
456    58.588739140951674
463    58.62004977604432
470    58.66242374447256
477    58.71894061685057
484    58.791346357055275
491    58.880012360430825
498    58.98453189019302
505    59.104063828220745
512    59.237304993112275
519    59.38261353416897
527    59.560935647031656
535    59.74922878676125
543    59.94379169628101
551    60.140572083115515
559    60.33576291410348
567    60.526419358556296
575    60.71062762027657
583    60.88720708013567
592    61.075999797811036
601    61.25436691073661
610    61.423160889121164
619    61.5838370837686
628    61.73791831743833
637    61.88667570682111
646    62.031080572449596
655    62.17149650016358
665    62.32243636949799
675    62.46711523806479
685    62.60452853230774
695    62.733868865594395
705    62.85465412107828
715    62.96674968517826
725    63.07052292883285
736    63.17614409872445
747    63.274435338590415
758    63.36725237582058
769    63.4562596638965
780    63.54256296344876
791    63.62673686338586
803    63.71640599640317
815    63.80387480529001
827    63.889149229823175
839    63.972361308203084
851    64.05375273043413
863    64.13365037039844
876    64.21886216323529
889    64.30291047642251
902    64.38581853767855
915    64.46769139447707
928    64.54883760338797
942    64.63585326665645
956    64.72304193054777
970    64.81095658367732
984    64.89991171028151
998    64.98994801114853
1010    65.06776929935427
1020    65.13280263656222
1030    65.1977585340334
1050    65.32671539791778
1070    65.45350671648802
1090    65.57737662062203
1110    65.69801969262991
1130    65.8160695098523
1150    65.93249760741328
1170    66.04802632310998
1190    66.1635542857081
1210    66.27989804725165
1230    66.39739886347428
1250    66.51551763269467
1270    66.63316508705546
1290    66.74952421925344
1310    66.86399939282818
1330    66.97606017341869
1350    67.08542133767517
1370    67.19209850654039
1390    67.2962232841727
1410    67.39803768444577
1430    67.49793358196472
1450    67.59643359107892
1470    67.69430465232648
1490    67.79227891706958
1510    67.89074825349802
1530    67.98994541437169
1550    68.09013641926198
1570    68.1915905601791
1590    68.29450508928637
1610    68.39903997278724
1630    68.50527545642319
1650    68.61313976702739
1670    68.72232898800868
1690    68.83232907801782
1710    68.942855266907
1730    69.05384115333304
1760    69.22117792722302
1790    69.38952419418533
1820    69.55835637578622
1850    69.72660404934567
1880    69.8939393649931
1910    70.06000685502082
1940    70.22386736561015
1970    70.38458040596495
2000    70.54151289079599
2030    70.69393859206812
2060    70.84055761884518
2090    70.97961905155253
2120    71.10946008015081
2150    71.22904156534992
2180    71.33776900811343
2210    71.43456386324749
2240    71.51902410871728
2270    71.5900094542931
2300    71.64661139208621
2330    71.68807690681088
2360    71.71372068646554
2390    71.72342008636579
2420    71.71766934981108
2460    71.68633585543762
2500    71.62884608347221
2540    71.54598728195475
2580    71.43977822551707
2620    71.31338642355789
2660    71.17060194265912
2700    71.01578768442928
2740    70.8522203016804
2780    70.68265015110885
2820    70.50920973439064
2860    70.33341424868738
2900    70.15607467889049
2940    69.977810059192
2980    69.79974883458924
3020    69.62294382847904
3060    69.44851327707201
3100    69.27806615180135
3150    69.07368374467367
3200    68.88150991540408
3250    68.70088285173323
3300    68.53045769916238
3350    68.36931585341499
3400    68.21690302373909
3450    68.07355793649947
3500    67.94111622029735
3550    67.82109035316456
3600    67.71330118193438
3650    67.61711558895507
3700    67.53227607914128
3750    67.45850899873207
3800    67.39569923929358
3860    67.33437015191163
3920    67.29041976118961
3980    67.26231307350874
4040    67.2509814120256
4100    67.25797444903678
4160    67.2843207001925
4220    67.33119298773947
4280    67.39909344941947
4340    67.48962047407322
4400    67.60396411741931
4460    67.74234145749546
4520    67.90635293641762
4590    68.13158625930107
4660    68.39229370420284
4730    68.68978321211569
4800    69.02245730533055
4870    69.38929397013975
4940    69.79267931094714
5010    70.23189825376102
5080    70.70521784779939
5150    71.21326693589234
5220    71.75597186653138
5300    72.41588506589954
5380    73.10966745784299
5460    73.81792339219805
5540    74.51191712673814
5620    75.15677985336427
5700    75.70572977980999
5780    76.09002719958255
5860    76.28635577746303
5950    76.28409761770105
6040    76.06442603957538
6130    75.66813855548583
6220    75.16199847676548
6310    74.60947657805877
6400    74.0623635564428
6490    73.5568023807592
6580    73.10856111300612
6680    72.68465726728974
6780    72.34500290655913
6880    72.09104035223825
6980    71.92246159582933
7080    71.84101861011098
7180    71.84768809509467
7280    71.9398081009118
7390    72.1299130482333
7500    72.39732560833724
7610    72.71393328169867
7720    73.02743449029325
7830    73.27451252913909
7940    73.39051110185657
8060    73.28586548521999
8180    72.88770702953184
8300    72.2113476438634
8420    71.31361860851104
8540    70.27671183585775
8660    69.18740734038346
8790    68.02198775552566
8920    66.92346849037938
9050    65.90550675076116
9180    64.99168000154222
9310    64.19175894169669
9450    63.47480583225884
9590    62.939127098130925
9730    62.62435817072044
9870    62.555425299018
10010    62.72088156284684
10160    63.09365622856863
10310    63.58995864958192
10460    64.16409136315318
10610    64.80868740017706
10760    65.55376753148975
10920    66.46750406997874
11080    67.47719173824167
11240    68.5309148414063
11400    69.48624384952066
11570    70.11134042064208
11740    70.25471980774878
11910    69.59898950268119
12080    68.58289914471432
12260    67.12576696290013
12440    65.6017946399685
12620    64.21914123690647
12800    63.05413470611527
12990    62.144901865548995
13180    61.33221297528989
13370    60.83401999865035
13560    60.58910355210394
13760    60.58387953591228
13960    60.86881736854374
14160    61.492536424902056
14370    62.37597568661086
14580    63.50671130935531
14790    64.55025720890681
15010    65.00394637437631
15230    64.29728122872187
15450    62.662033691920826
15670    60.619951137783445
15900    58.46474474303756
16130    56.5646289595729
16360    55.188356281304664
16600    54.24079421384941
16840    53.49996353113899
17080    53.028707388330055
17330    52.92496612192545
17580    53.246459401071654
17840    54.08047050940884
18100    55.34526500537153
18360    56.50914071293981
18630    56.68002295816717
18900    55.348267432882345
19170    52.64151662816098
19450    48.5712655618792
19730    44.79565189150094
20000    44.428146585662034
