20    70.88086883259366
20.3    70.88871054197237
20.6    70.89624682578051
20.9    70.90323192760397
21.2    70.90941382413288
21.5    70.91459906277026
21.8    70.91871058146873
22.1    70.92181469025081
22.4    70.92411157131227
22.7    70.92589767972177
23    70.92749281444503
23.3    70.92916141638094
23.6    70.93104936623214
23.9    70.93315720598957
24.2    70.93535844847611
24.6    70.93809231934083
25    70.94017644348233
25.4    70.94134129095619
25.8    70.94157086822668
26.2    70.94104789261296
26.6    70.94002641120463
27    70.9387140829673
27.4    70.93721145425518
27.8    70.93550151213329
28.2    70.93348564608775
28.6    70.931023540605
29    70.92797501296765
29.4    70.92423249310133
29.8    70.91973954292857
30.2    70.91449789139946
30.6    70.90857720442122
31    70.90212257844263
31.5    70.89363306853271
32    70.88510916227465
32.5    70.87686539150437
33    70.86887285759286
33.5    70.8607361833268
34    70.85192191426844
34.5    70.8420799541676
35    70.83119686786435
35.5    70.81951430334561
36    70.8073475957575
36.5    70.79496260135029
37    70.78253513665152
37.5    70.77011952597275
38    70.75760405792923
38.6    70.74207633965838
39.2    70.72552193842623
39.8    70.70771882121377
40.4    70.68880719379911
41    70.66907527339058
41.6    70.6487330377705
42.2    70.62787105493776
42.8    70.60652610114843
43.4    70.58472208350544
44    70.56248357220696
44.6    70.53985209590797
45.2    70.51687572578842
45.9    70.48966157786572
46.6    70.46199133687824
47.3    70.43382718609256
48    70.40509833537729
48.7    70.37573082989822
49.4    70.34577880499323
50.1    70.31546741992875
50.8    70.28506190095737
51.5    70.2547251980514
52.2    70.22445036868834
53    70.18968503798688
53.8    70.1543668022893
54.6    70.11824366801446
55.4    70.0812608037642
56.2    70.04346084427364
57    70.00494699737052
57.8    69.96588157178442
58.6    69.9264419328446
59.5    69.88177407821988
60.4    69.8368300046152
61.3    69.79157136114479
62.2    69.74593608202196
63.1    69.69989677107395
64    69.65349561412191
64.9    69.6067584433261
65.8    69.55964198950895
66.8    69.50676848266758
67.8    69.45333449302784
68.8    69.39946348252826
69.8    69.3453061355577
70.8    69.29092623929267
71.8    69.23633989238827
72.8    69.18155947833534
73.9    69.12108249768413
75    69.06034633628369
76.1    68.99927392789786
77.2    68.93778179934006
78.3    68.87582362973845
79.4    68.81341953875713
80.6    68.74490897919438
81.8    68.67600054125732
83    68.60668293683956
84.2    68.53689629016384
85.4    68.46656126730358
86.6    68.39562387389971
87.9    68.31808754366938
89.2    68.23985226713862
90.5    68.16094789180215
91.8    68.08141944839662
93.1    68.00128274128072
94.5    67.91418685198681
95.9    67.82602431832919
97.3    67.73654578989093
98.7    67.64550110724502
100    67.55927891378298
102    67.42281426000065
104    67.28129158479457
106    67.13548080704692
108    66.98787701795546
110    66.8427606855459
112    66.70637146247762
114    66.58691436024463
116    66.49342077334938
118    66.43259216955019
120    66.40519368756284
122    66.4048275149425
124    66.4199752067347
126    66.43802228659521
128    66.44883139699148
130    66.44612052661253
132    66.42630711259599
134    66.38753261893125
136    66.32968531271514
138    66.25479616477763
140    66.16660823379743
142    66.06939094902978
144    65.96684228796468
146    65.86138554610326
148    65.75410367752504
150    65.6453207629435
152    65.5354839655692
154    65.42593732668382
156    65.31927930648885
158    65.21920410129883
160    65.1299466643315
162    65.05552354778817
164    64.99890838769792
166    64.96130927001064
168    64.94175390979306
170    64.93712606278098
173    64.94749517417057
176    64.96256864287932
179    64.96810864547382
182    64.95791980146694
185    64.93468522473634
188    64.90668439181158
191    64.88218317863995
194    64.86383075514784
197    64.8460158999236
200    64.81696808615824
203    64.76418065893878
206    64.67961543237848
209    64.56187772945415
212    64.41525514522803
215    64.24701706220365
218    64.06475846748755
221    63.874769176593276
224    63.681381473623986
227    63.487013454505046
230    63.292673820953624
233    63.09872004990212
236    62.90560717974661
239    62.71455553461915
243    62.4674578616793
247    62.23775254626994
251    62.03835172345944
255    61.885506908947
259    61.79769618671885
263    61.79314180317248
267    61.8853119213903
271    62.0773791600968
275    62.358476526328786
279    62.70358711032111
283    63.0773718759342
287    63.44105421675549
291    63.760014276634244
295    64.0096545052845
299    64.17792589463804
303    64.26446298601974
307    64.27768162842693
312    64.21186941203518
317    64.08170771266657
322    63.91250672892218
327    63.7228175449104
332    63.52424066281556
337    63.323050313978555
342    63.1222431720466
347    62.923183452067306
352    62.726584447521425
357    62.53303374202869
362    62.34331196462911
367    62.158340991326476
372    61.97910915769634
377    61.806843118797175
383    61.61173975481448
389    61.43334619090805
395    61.277638098453494
401    61.151908142483926
407    61.063641802943906
413    61.01881812418469
419    61.020223983687984
425    61.066506792187205
431    61.15214919949227
437    61.26846633494449
443    61.40546931673436
449    61.55364886066906
456    61.72964524109655
463    61.89848290058979
470    62.051085665910044
477    62.18025420335195
484    62.280805998207825
491    62.350373732747684
498    62.39008930188989
505    62.404442313218844
512    62.40037074861385
519    62.38573591432757
527    62.36524717163788
535    62.348278690469535
543    62.3390614755076
551    62.33846546258454
559    62.345069411937416
567    62.356294147344876
575    62.36955030100721
583    62.382843113216495
592    62.39630577821579
601    62.40716258669587
610    62.41445587654155
619    62.417533916099416
628    62.4164638265199
637    62.412113342536166
646    62.405731617792824
655    62.3985275644468
665    62.39052124505371
675    62.383036801633125
685    62.376483231436694
695    62.37163267840418
705    62.36934132724964
715    62.37025179592568
725    62.37482094004601
736    62.38418848758607
747    62.39773119377317
758    62.414916275999296
769    62.43542380598859
780    62.45925343561308
791    62.48659247520219
803    62.5203125427045
815    62.557589664778845
827    62.59817760489709
839    62.64216202503636
851    62.68922134037983
863    62.73804176324902
876    62.79027368124095
889    62.838835224252534
902    62.88287939079069
915    62.92749738459396
928    62.98620468704232
942    63.08503569244389
956    63.227118408814974
970    63.390834228899806
984    63.548201769167875
998    63.689654844252786
1010    63.8009786345696
1020    63.890571619907085
1030    63.979755942291256
1050    64.15800731115053
1070    64.33141586562827
1090    64.49942623248614
1110    64.66495346387556
1130    64.83064413192477
1150    64.99618415469368
1170    65.15805939943743
1190    65.30988184570788
1210    65.44179817089028
1230    65.54389449332598
1250    65.61129127802735
1270    65.64923017468917
1290    65.67521350939778
1310    65.71329149616363
1330    65.78342603674258
1350    65.8942565901655
1370    66.0424359170829
1390    66.21737069250376
1410    66.40639386179555
1430    66.59850585793717
1450    66.78656354837588
1470    66.96775720973244
1490    67.1430866326198
1510    67.31617544696343
1530    67.49155708178739
1550    67.67261016983412
1570    67.8603415468529
1590    68.05362964137072
1610    68.24977076031328
1630    68.44561941212653
1650    68.63855957421355
1670    68.82711773368445
1690    69.01106793528423
1710    69.1911434988292
1730    69.36866361482105
1760    69.6338109953755
1790    69.90189966456515
1820    70.17444177135829
1850    70.45284713087437
1880    70.73872625787152
1910    71.03245583056142
1940    71.3327063577772
1970    71.63782493578171
2000    71.9467765356327
2030    72.2584629068721
2060    72.57183854842282
2090    72.88649343060885
2120    73.20200817118952
2150    73.51557495368995
2180    73.82016809502473
2210    74.10560266911467
2240    74.3603784234119
2270    74.57313237674668
2300    74.73571212881905
2330    74.84493622879208
2360    74.9019717636588
2390    74.91100803304295
2420    74.87798580845791
2460    74.77984086096586
2500    74.63227864417729
2540    74.44057755216951
2580    74.20521373650203
2620    73.92864862314352
2660    73.61401517016466
2700    73.26327747165293
2740    72.88123773012724
2780    72.47867993540729
2820    72.06903478135281
2860    71.6607747005165
2900    71.2557552005128
2940    70.85508548150018
2980    70.46219321565272
3020    70.08139125909682
3060    69.71476227614377
3100    69.36188839803074
3150    68.93829261458421
3200    68.53051006694957
3250    68.13538148269139
3300    67.75183838977938
3350    67.37857844337475
3400    67.01469185784983
3450    66.6605494968599
3500    66.31844066204233
3550    65.99273856895638
3600    65.68622093956583
3650    65.39707257981799
3700    65.12277084806233
3750    64.86307316549319
3800    64.61890933706808
3860    64.34550886662929
3920    64.08967961945204
3980    63.8494485175152
4040    63.623834657908006
4100    63.41222293259613
4160    63.21494529711179
4220    63.033494206672415
4280    62.86940070090867
4340    62.72192943519579
4400    62.58873750123928
4460    62.46771992609959
4520    62.35732548462326
4590    62.24141850545584
4660    62.14054891812529
4730    62.055435459834214
4800    61.98558938651678
4870    61.930472585945715
4940    61.8915401107446
5010    61.87075605293314
5080    61.867118865967626
5150    61.87969125084814
5220    61.9091698131452
5300    61.96209841686379
5380    62.03509476174844
5460    62.132679301623355
5540    62.25532536871585
5620    62.40143861697064
5700    62.57208953784732
5780    62.767997041901864
5860    62.98928072316995
5950    63.26829733227757
6040    63.57675801832961
6130    63.91175909530821
6220    64.27398543978316
6310    64.66628799882665
6400    65.0864810702547
6490    65.52792670272692
6580    65.98314872471373
6680    66.48960785040734
6780    66.96787146803607
6880    67.38365914177783
6980    67.70601655171708
7080    67.9063490196801
7180    67.95903095624446
7280    67.85519258351746
7390    67.57274452997899
7500    67.14371641333439
7610    66.60573899485445
7720    66.00095763117992
7830    65.36298544472167
7940    64.71520784769903
8060    64.01880737583895
8180    63.34736596936159
8300    62.70970774020353
8420    62.11114861634316
8540    61.55232794823499
8660    61.03399228796477
8790    60.52459895479021
8920    60.07463432680767
9050    59.68474965734772
9180    59.356347115835405
9310    59.08628171215047
9450    58.85411855601842
9590    58.68073462373382
9730    58.56514207866762
9870    58.50201408094085
10010    58.49193300445619
10160    58.54245058200757
10310    58.657156060507184
10460    58.83841119117443
10610    59.09300523562999
10760    59.42945594988416
10920    59.88606874862909
11080    60.449038127051736
11240    61.128322155711444
11400    61.93889100076011
11570    62.94977556138821
11740    64.090551570505
11910    65.27391287170677
12080    66.3267894821663
12260    67.09576240533065
12440    67.41688819200384
12620    67.30024730890244
12800    66.74148458348864
12990    65.70256890211225
13180    64.38710030197461
13370    63.04665137464958
13560    61.85062564247457
13760    60.81170793910522
13960    59.99927299002106
14160    59.398313272742755
14370    58.97772285399979
14580    58.76118131680513
14790    58.7522950332841
15010    58.98358805603861
15230    59.49060415231958
15450    60.30711890097556
15670    61.35686479758756
15900    62.29339042926236
16130    62.488787040849886
16360    61.929102811058584
16600    61.23568407044766
16840    60.942975538017365
17080    61.02318829898639
17330    61.14017856103334
17580    60.720530084225715
17840    59.6426654602245
18100    58.54691214291273
18360    57.71437994638078
18630    56.25715824308042
18900    53.20592808908479
19170    49.058102739072986
19450    46.003968753020395
19730    45.601075000554566
20000    46.02654534111677
