20    68.44335213716488
20.3    68.43864673788552
20.6    68.43407042458071
20.9    68.42970132710397
21.2    68.42559811341923
21.5    68.42176731795809
21.8    68.41815177155388
22.1    68.41465143941969
22.4    68.41114566489736
22.7    68.40750954827384
23    68.40361074729945
23.3    68.39929479180566
23.6    68.39438088766155
23.9    68.38869118408329
24.2    68.38210648902773
24.6    68.37195782944757
25    68.36060628550345
25.4    68.34873450748626
25.8    68.33709165572694
26.2    68.32615636729767
26.6    68.31591566117694
27    68.30589944802412
27.4    68.2954588950177
27.8    68.28410898073777
28.2    68.2717434373919
28.6    68.25862521376351
29    68.24517765786986
29.4    68.23171889437378
29.8    68.21830319275031
30.2    68.20481219912426
30.6    68.19117545969694
31    68.17755341667859
31.5    68.16116651796534
32    68.14624297295666
32.5    68.1329552995673
33    68.12057414034555
33.5    68.10787957324482
34    68.09385504309729
34.5    68.07812079015892
35    68.06093202437694
35.5    68.04291308979029
36    68.02474971152776
36.5    68.00695298945564
37    67.98976265574638
37.5    67.97319213016993
38    67.95715814437136
38.6    67.93853176393236
39.2    67.92048870137774
39.8    67.90285530734057
40.4    67.8853422002496
41    67.86763895249575
41.6    67.84957750537228
42.2    67.83117471978304
42.8    67.81251109834125
43.4    67.79361008228871
44    67.77445780438634
44.6    67.75512016184602
45.2    67.73577339783446
45.9    67.71344622890896
46.6    67.69154165873424
47.3    67.67007425764373
48    67.6489518962013
48.7    67.62808425936238
49.4    67.60754900702588
50.1    67.5875912791009
50.8    67.56835149156956
51.5    67.54973666025805
52.2    67.53158069484894
53    67.5112388608351
53.8    67.49112853427636
54.6    67.47094497239895
55.4    67.45031493378946
56.2    67.42890603909402
57    67.40670885805096
57.8    67.3841378282886
58.6    67.36173987288674
59.5    67.33717897777532
60.4    67.31338160910585
61.3    67.29017947331323
62.2    67.26729542182399
63.1    67.24447924948473
64    67.2216364904219
64.9    67.19875893799383
65.8    67.17592878201594
66.8    67.15086562987815
67.8    67.12624064169833
68.8    67.10205779558277
69.8    67.07844088058098
70.8    67.05554968035375
71.8    67.03343922415324
72.8    67.01203524415644
73.9    66.98908895482214
75    66.96643515538554
76.1    66.9436960317265
77.2    66.9205420846427
78.3    66.89674541017456
79.4    66.8722260968822
80.6    66.84476176123023
81.8    66.8168272508434
83    66.78879784084901
84.2    66.76107703592751
85.4    66.73399029246119
86.6    66.70770281295725
87.9    66.68014331321417
89.2    66.65342491350842
90.5    66.62733626089157
91.8    66.60162585298686
93.1    66.57608352266689
94.5    66.54863778839673
95.9    66.5212914179526
97.3    66.49425825451569
98.7    66.46783252608856
100    66.44416156980206
102    66.4100386084637
104    66.37909171770139
106    66.35086062145265
108    66.32434857865292
110    66.29878632342778
112    66.2734149005387
114    66.24723862195447
116    66.21915292708778
118    66.18844707302972
120    66.15508459165983
122    66.11970298926835
124    66.08299527302854
126    66.04521178231701
128    66.00644260692556
130    65.96677951937514
132    65.92633841065933
134    65.88524904610233
136    65.84365329552234
138    65.80163681579339
140    65.75915708110692
142    65.71600274611933
144    65.67182570141959
146    65.62635172367459
148    65.57956832338141
150    65.53169714532353
152    65.48302031664048
154    65.43375893355721
156    65.38404838553487
158    65.33393972957282
160    65.28329078279143
162    65.2316586047054
164    65.17846594446561
166    65.12331809141081
168    65.06604365348072
170    65.00682044199647
173    64.91624968345053
176    64.82817922499288
179    64.74944320994805
182    64.6882887249109
185    64.65353478179732
188    64.65355890450516
191    64.69500097125216
194    64.78090087571431
197    64.90935178487719
200    65.07309180105369
203    65.26020844521872
206    65.45588255019608
209    65.64500522574822
212    65.81480498629989
215    65.95652774531403
218    66.06580449090706
221    66.1419787348656
224    66.18746459411965
227    66.20648663912465
230    66.20403511089998
233    66.18504250271108
236    66.15384734720838
239    66.11396889799964
243    66.05186603122625
247    65.98366054864364
251    65.91241748271173
255    65.8399950012074
259    65.7672680326757
263    65.69440312215522
267    65.6211911546273
271    65.54728544227335
275    65.47231103698425
279    65.39591727902052
283    65.31787481473863
287    65.23809801406514
291    65.1566139335084
295    65.073549951933
299    64.98916199546213
303    64.9038774330972
307    64.81822722981408
312    64.71142908147723
317    64.60564239198871
322    64.50143583879904
327    64.39919958360552
332    64.29901259756039
337    64.20055076404243
342    64.10317326936828
347    64.00602424782632
352    63.90810841767867
357    63.808462337725814
362    63.70633871928025
367    63.601377005224606
372    63.49377324198491
377    63.384514186106465
383    63.25406726876112
389    63.12922027289496
395    63.016464556000926
401    62.923121309165005
407    62.856269488298864
413    62.82164741378381
419    62.822610855423754
425    62.85943804543486
431    62.92899695939167
437    63.02493006303931
443    63.13849422671357
449    63.25978233464197
456    63.398353619582124
463    63.521834748332644
470    63.621593319649534
477    63.69378388886897
484    63.74054657214002
491    63.77022622735629
498    63.793191728473104
505    63.81628597407843
512    63.84141710868854
519    63.867441378926756
527    63.895585370650636
535    63.91951818512088
543    63.93796581598045
551    63.95114368616636
559    63.96052686922562
567    63.96834348480916
575    63.97697831945254
583    63.98837834477021
592    64.00567497021976
601    64.0273179611499
610    64.05152970563731
619    64.07582834974727
628    64.0980228840128
637    64.11680337014833
646    64.13179580764216
655    64.14321689041475
665    64.15232462867002
675    64.15854252709204
685    64.16302692774774
695    64.1670949305433
705    64.17203785912072
715    64.17900664294459
725    64.18891860518042
736    64.20400557694471
747    64.22408310991892
758    64.24951144776372
769    64.28021033029273
780    64.31562084223515
791    64.35495968246529
803    64.40157472693848
815    64.45155904375576
827    64.50464113587356
839    64.5606403202193
851    64.61949544040877
863    64.68136613514514
876    64.75212422739826
889    64.82696252968763
902    64.90591920873842
915    64.98898712675793
928    65.07607955427719
942    65.17419725482226
956    65.2765503816444
970    65.3828700172763
984    65.49287571035816
998    65.60621772215558
1010    65.70560005083806
1020    65.78957918241281
1030    65.87422148310034
1050    66.04427418792406
1070    66.21409582969011
1090    66.3829525253361
1110    66.55032467846203
1130    66.7150057303616
1150    66.87549274547837
1170    67.031134004459
1190    67.18199591506311
1210    67.32757057328067
1230    67.4670954364472
1250    67.60088566730965
1270    67.72980558034624
1290    67.85481415041005
1310    67.97680078815213
1330    68.09606154430614
1350    68.21230229183561
1370    68.3250211977762
1390    68.4338527926493
1410    68.53859156487766
1430    68.63894107946487
1450    68.7343308300967
1470    68.82449119117057
1490    68.90956028063404
1510    68.98981022994852
1530    69.06560282958938
1550    69.13744951700956
1570    69.20598972533921
1590    69.27186144517435
1610    69.33556868745937
1630    69.39729627016911
1650    69.45700465772083
1670    69.51483176331719
1690    69.57136130411854
1710    69.62730114183996
1730    69.68296985050945
1760    69.76570226446461
1790    69.84715558838718
1820    69.92756739206035
1850    70.00736170007696
1880    70.08701280749118
1910    70.16705493928382
1940    70.24776347250963
1970    70.32933550294105
2000    70.4121979069236
2030    70.49681347245182
2060    70.5833420409781
2090    70.67161002252257
2120    70.76150581945649
2150    70.85285645165914
2180    70.94538698592007
2210    71.03854211997302
2240    71.13182182177482
2270    71.22468098685002
2300    71.31639735411966
2330    71.40653211879398
2360    71.49482834345778
2390    71.58097555139346
2420    71.66436396756319
2460    71.77007968870589
2500    71.86875074683667
2540    71.95903894949626
2580    72.03912419706936
2620    72.10713287884323
2660    72.16130453810435
2700    72.20049494634355
2740    72.22360704935583
2780    72.23048824670599
2820    72.22082259266799
2860    72.1945677239689
2900    72.15198205860159
2940    72.09528938202493
2980    72.02881897623449
3020    71.9554310733663
3060    71.87652964912282
3100    71.79322366074251
3150    71.68416926824031
3200    71.5708581315122
3250    71.45289435783008
3300    71.32959993567391
3350    71.2000222963826
3400    71.0653187650542
3450    70.92685833360724
3500    70.78519332070883
3550    70.64086818872376
3600    70.49438866484333
3650    70.34853683282103
3700    70.21080090193111
3750    70.09299756719844
3800    70.0086628398235
3860    69.96699543732281
3920    70.00488269244133
3980    70.11274223370373
4040    70.27450029759193
4100    70.46723646159508
4160    70.68181097046352
4220    70.91548327372229
4280    71.16273512067164
4340    71.41807425822785
4400    71.67655899323628
4460    71.93294357172638
4520    72.17975701419569
4590    72.44185711096372
4660    72.66019766300334
4730    72.81848263210755
4800    72.9092433894836
4870    72.92669486784332
4940    72.86170973641893
5010    72.71595214779452
5080    72.49453297485144
5150    72.19515521080001
5220    71.8256845725801
5300    71.33947592658863
5380    70.81458446618309
5460    70.27961712618328
5540    69.75602392015921
5620    69.25763829293024
5700    68.79510766897349
5780    68.38016340341878
5860    68.0130138092168
5950    67.65705933924379
6040    67.36465365551622
6130    67.14171236967012
6220    66.99306123959425
6310    66.92648051714359
6400    66.9395816595354
6490    67.02408767358536
6580    67.15476239225386
6680    67.36007533269567
6780    67.63926461797101
6880    67.98190640475968
6980    68.36029787333922
7080    68.7256249966147
7180    69.02386100449908
7280    69.21502243659533
7390    69.28133736075446
7500    69.16802421627364
7610    68.85799469277775
7720    68.40212736340317
7830    67.8804218104763
7940    67.34944275238973
8060    66.80679201085135
8180    66.34111716254415
8300    65.97543423350302
8420    65.72401848499433
8540    65.59786565389112
8660    65.59768870153061
8790    65.73098776596593
8920    65.98586226095495
9050    66.29707366272098
9180    66.5863356676852
9310    66.75003538301931
9450    66.6699081253264
9590    66.22110868497762
9730    65.31122265968736
9870    63.81730729475201
10010    61.68486633958878
10160    58.97947554723505
10310    56.431441747396036
10460    54.51537795140007
10610    53.24898751381308
10760    52.4886203872709
10920    52.01061727905703
11080    51.7691468431543
11240    51.75017380748158
11400    51.92406649332656
11570    52.36131619365679
11740    53.01252837466576
11910    53.99718091530632
12080    55.1507176412001
12260    56.55058201646894
12440    57.78251229782042
12620    58.20569799498506
12800    57.6385209915138
12990    56.19831451251204
13180    54.722264343485634
13370    53.549346129744606
13560    52.80757623703899
13760    52.53088889747674
13960    52.785854753444205
14160    53.5353461560787
14370    54.48559289557372
14580    55.37491106692775
14790    55.99800038272794
15010    56.27725840654868
15230    56.18070131959041
15450    56.08512192564013
15670    55.954106059816056
15900    55.01611301313134
16130    53.094215325723745
16360    51.05659379684214
16600    49.56529398164912
16840    48.231338142627024
17080    46.12018736955608
17330    42.98575485704267
17580    39.64543722813757
17840    36.619023930431005
18100    34.266913897375275
18360    32.63131570976224
18630    31.6263796931082
18900    31.099226697538292
19170    30.796552323565066
19450    30.473116068296815
19730    29.97578768211907
20000    29.91886121633511
