20.501607293400667    6.305465332294604
21.068564964232646    6.351057709594297
21.65120145457936    6.368154851081684
22.249950351274578    6.425145322706301
22.813338144406288    6.487834841493381
23.49757999534519    6.5448253131179985
24.147389204627885    6.584718643255231
24.815168435017103    6.624611973392463
25.501414634930867    6.6645053035296975
26.206638495549587    6.71009768082939
26.931364830862584    6.778486246778932
27.67613296822453    6.789884341103855
28.441497149712465    6.846874812728474
29.228026944582055    6.915263378678016
30.03630767313004    6.915263378678016
30.866940842278296    6.966554803140172
31.72054459320371    6.983651944627557
32.59775416134687    6.983651944627557
33.499222349142066    7.000749086114942
34.425620011820236    7.017846227602329
35.3776365566465    7.052040510577099
36.35598045596375    7.046341463414636
37.361379774424066    6.989350991790019
38.39458271080042    6.9950500389524795
39.45635815478174    6.983651944627557
40.54749625916579    6.977952897465094
41.66880902787563    6.915263378678016
42.82113092023728    6.886768142865707
44.005319471968235    6.80698148259124
45.22225593333901    6.744291963804162
46.472845924982565    6.670204350692158
47.75802011183975    6.5961167375801555
49.078734895742144    6.487834841493381
50.43597312714788    6.356756756756759
51.83074483655998    6.248474860669985
53.26408798617155    6.13449391742075
54.73706924229727    5.980619644034281
56.25078476916579    5.838143464972736
57.8063610446641    5.701366333073652
59.40495569864056    5.581686342661955
61.047758374390746    5.427812069275486
62.735991613966995    5.245442560076709
64.47091176797066    5.0630730508779305
66.25380993050392    4.9319949661413105
68.08601289997716    4.818014022892076
69.96888416648673    4.652741655180682
71.90382492649793    4.510265476119137
73.89227512558841    4.344993108407744
75.93571453002792    4.219614070833586
78.03566382799174    4.099934080421889
80.19368576122753    3.9688559956852654
82.41138628801757    3.8491760052735664
84.69041577830191    3.7351950620243315
87.0324702418519    3.6041169772877133
89.3986385119829    3.495835081200937
91.91267393472023    3.433145562413859
94.45445491746015    3.347659854976932
97.0665270829896    3.2678731947024637
99.7508342850125    3.1823874872655367
102.50937413315313    3.091202732666151
105.34419947953886    2.9943189309042992
108.25741994649228    2.8860370348175266
111.25120349647285    2.772056091568288
114.32777804543106    2.6466770539941287
117.48943312078215    2.4985018277701236
120.73852156522658    2.3959189788458133
124.07746128769189    2.2534427997842634
127.50873706269203    2.088170432072875
131.03490237945059    1.9228980643614797
134.6585813421561    1.740528555162701
138.38247062277196    1.6322466590759284
142.20934146784532    1.4384790555522287
146.14204176081773    1.2276143105411421
150.1834981413626    1.0509438485048257
154.33671818333644    0.919865763768204
158.6047926329548    0.8970695751183584
162.9908977088684    0.8970695751183584
167.4982974658414    0.9597590939054399
172.13034622380036    1.045244801342367
176.89049106405187    1.1535266974291396
181.7822743945367    1.2504104991909912
186.8093365860185    1.3017019236531482
191.97541868118032    1.307400970815607
196.83640065007415    1.30056211422065
202.74012689392438    1.2447114520285254
208.3467638996461    1.1763228860789852
214.10844854687625    1.1022352729669826
220.02946857015294    1.0224486126925143
226.11423027832845    0.99395337688021
232.3672618336557    0.9483609995805153
238.7932166215628    0.8970695751183584
245.39687671360895    0.8970695751183584
252.1831564262137    0.9027686222808171
259.1571059777926    0.9597590939054399
266.32391524703564    0.9654581410678986
273.6889176351126    0.9654581410678986
281.2575940346882    0.9654581410678986
289.03557690869644    0.9654581410678986
297.02865448191096    0.9654581410678986
305.2427750484301    0.9540600467429741
313.6840513982826    0.8742733864685128
322.3587653664482    0.81728291484389
331.2733725076778    0.7488943488943498
340.4345069005926    0.6862048301072718
349.848986084638    0.6349134056451149
359.5238161335641    0.5836219811829615
369.4661968692112    0.5323305567208045
379.68352721947815    0.469641037933723
390.18341072446157    0.3955534248217205
400.9736611948638    0.32146581170971444
412.06230852688    0.23598010427278737
423.45760467789194    0.16189249116078486
435.1680298074157    0.08780487804878234
447.2022985878723    0.04221250074908767
459.56936668987913    0.09350392521124462
472.2784374468872    0.18468867981063042
485.338968704124    0.2701743872475575
498.7606798569397    0.38415533049679595
512.5535590837937    0.48673817942110986
526.727870779264    0.5836219811829615
541.2941631926118    0.6577095942949605
556.2632762775851    0.7090010187571174
571.646349759303    0.7716905375441989
587.454831424224    0.8286810091688146
603.7004856393685    0.857176244981126
620.3954021071327    0.8628752921435883
637.5520048622128    0.857176244981126
655.1830615173313    0.8001857733565068
673.3016927646482    0.7887876790315858
691.9213821399272    0.775489902319169
711.0559860567221    0.7887876790315858
730.7197441180533    0.7374962545694288
750.9272897132452    0.7260981602445042
771.6936609078117    0.7260981602445042
793.0343116344955    0.720399113082042
814.9651231937854    0.7033019715946587
837.5024160724747    0.6577095942949605
860.6629620890521    0.5950200755078825
884.4639968749652    0.4810391322586476
908.9232327010454    0.3670581890094091
934.0588716586375    0.26447534008509876
959.8896192052454    0.18468867981063042
986.4346980847721    0.1504943968358603
1013.7138626327152    0.15619344399832613
1041.747413476962    0.20178582129801725
1070.5562126451257    0.2872715287349443
1100.161699089661    0.4012524719841828
1130.5859046423266    0.52093246239588
1161.8514704098352    0.6748067357823473
1193.9816636229464    0.8286810091688146
1227.0003949514717    0.9711571882303609
1260.9322362981527    1.1991190747288343
1295.8024390845776    1.4726733385269988
1331.6369530428224    1.7177323665128554
1368.4624455267187    2.0083837717984068
1406.3063213572073    2.23634565829688
1441.915201482695    2.66149457661653
1478.4257289410114    3.0627074968538395
1519.3105627875902    3.4502427039012424
1561.3260382389085    3.88337028824834
1604.5034224010872    4.151225504884044
1648.8748470502776    4.288002636783128
1694.4733325445352    4.544459759093909
1741.3328123969054    4.7952178342422265
1789.488158528117    5.04407622700306
1838.9752072175654    5.325229220351174
1889.8307857720076    5.541793012524721
1942.0927399317052    5.792551087673042
1995.7999620345227    6.031911068496438
2050.992419958826    6.259872954994908
2107.7111868668353    6.493533888655843
2165.9984717704506    6.698699586504468
2225.897650942414    6.903865284353092
2287.4533001960635    7.097632887876792
2350.7112280578267    7.302798585725418
2415.7185098570053    7.496566189249119
2482.5235227583667    7.696032839935281
2551.1759817634556    7.906897584946368
2621.726976707581    8.106364235632531
2694.2290102798415    8.29443279199377
2768.736037094659    8.425510876730392
2845.3035038437165    8.51099658416732
2923.988390558361    8.579385150116861
3004.8492530129975    8.579385150116861
3087.9462663012146    8.48250134835501
3173.341269616878    8.340025169293465
3261.097812273715    8.123461377119916
3351.2812009974396    7.861305207646675
3443.9585485258053    7.5364595193863515
3539.19882355256    7.183118595313719
3637.072902052669    6.778486246778932
3737.6536200267947    6.356756756756759
3841.0158277044975    5.980619644034281
3947.2364452462743    5.63297776712411
4056.394519986121    5.273937795889019
4168.571285256966    4.937694013303773
4283.850220843016    4.624246419368372
4402.317115103737    4.367789297057593
4524.060128815959    4.162623599208967
4649.169860781357    4.025846467309885
4777.739415248407    3.91756457122311
4909.864471198688    3.9118655240606497
5045.6433535494225    3.9973512314975768
5185.177106324892    4.105633127584349
5328.569567851538    4.265206448133279
5475.9274480323575    4.493168334631752
5627.360407758425    4.715431173967762
5782.981140516384    4.892101636004076
5942.905456252726    5.0231797207407
6107.252367557402    5.1314616168274725
6276.144178230601    5.10486606340265
6449.7065742989735    5.034577815065623
6628.068717548648    4.960490201953618
6811.363341645045    4.829412117216998
6999.7268509106    4.7325283154551485
7193.29942183434    4.738227362617609
7392.225107388411    4.7952178342422265
7596.651944229629    4.829412117216998
7806.732062865394    4.818014022892076
8022.621800866395    4.675537843830529
8244.481819209885    4.367789297057593
8434.044776615385    3.931812189129264
8569.326274615985    3.5186312698507862
8687.007599167866    3.1310960628033797
8806.305024414753    2.6637741954815155
8906.970069328296    2.264840894109188
9008.785818338434    1.8203152154371693
9074.55785568861    1.3894672499550573
9194.996023503925    0.9654581410678986
9278.986884225138    0.5038353209084931
9427.82119550437    -0.06264996704021186
9470.782103501218    -0.43650746089770465
9600.842991226264    -0.8810331395697233
9732.689986405914    -1.3939473841912857
9866.347617396794    -1.849871157188229
10020.046532937215    -2.3308707377000033
10231.810146328851    -2.7138467070174386
10490.88833963153    -3.0865643914424403
10781.006550017437    -3.303128183615989
11079.147777451322    -3.3259243722658347
11385.533892881855    -3.115059627254748
11700.392902944177    -2.727524420207345
12023.959119638212    -2.3741834961347124
12356.473334698954    -2.117726373823931
12703.95750426355    -2.132543896446336
13049.342405647485    -2.4539701564091807
13349.382116190336    -2.8386558398753508
13625.311773395444    -3.2951495175885412
13906.94485380491    -3.6764157727572346
14162.168677179745    -4.0696500269671
14422.076433704706    -4.5141757056391185
14753.679015971451    -4.921657577755138
15092.90603935605    -5.360484209264698
15334.995213917622    -5.736621321987176
15545.588496392615    -6.1355546233595
15759.0738261102    -6.625672679331217
15939.216107135342    -7.036004075028465
16158.107068185884    -7.437786899982022
16417.28199396986    -7.833870677773117
16592.370710253093    -8.34678492239468
16693.25851423869    -8.768514412416849
16832.981630408554    -9.224438185413796
16948.16996984471    -9.69176005273566
17025.399772541503    -10.147683825732607
17141.904832137894    -10.677695211841552
17220.0174502193    -11.0880266075388
17298.48601363833    -11.532552286210823
17390.484710619596    -12.096757955294542
17536.04363270779    -12.746449331815185
17615.95227135409    -13.327752142386288
17696.22503948498    -13.755180679570927
17763.398364251636    -14.285192065679873
17857.869608855428    -14.832300593276202
17898.510933905076    -15.167404566428957
18020.990705945733    -15.73844909210763
18116.831906265274    -16.359645232815964
18185.60181796492    -17.00363756217415
18254.63277424339    -17.556445136932943
18337.81589607694    -18.08075747587943
18421.37806863382    -18.646102954395637
18505.32101918099    -19.30035356864626
18731.04368927708    -19.64229639839396
19118.211456241195    -19.910151615029662
19513.381920879965    -19.89305447354228
