20    67.54499554940892
20.3    67.5612997935425
20.6    67.57731785907227
20.9    67.59302106015528
21.2    67.60839787528319
21.5    67.62343225475101
21.8    67.63806124721228
22.1    67.65214849247367
22.4    67.66549288112651
22.7    67.67789673164407
23    67.68925668338258
23.3    67.69962718054143
23.6    67.70922566358631
23.9    67.71837683165728
24.2    67.72741646391634
24.6    67.7397140169119
25    67.75250858939475
25.4    67.76573169663065
25.8    67.77911743895908
26.2    67.79230665403085
26.6    67.80487912417257
27    67.81639656288192
27.4    67.82654653313321
27.8    67.83532631333821
28.2    67.84312734127768
28.6    67.85060547111956
29    67.85838044173788
29.4    67.86675942137141
29.8    67.87567286433767
30.2    67.88487802574105
30.6    67.89416242763448
31    67.90339094203449
31.5    67.91456523839145
32    67.92475476853448
32.5    67.9334120797935
33    67.94074930815397
33.5    67.94785151619013
34    67.95580579384588
34.5    67.96465660267714
35    67.97336365404998
35.5    67.98078026140671
36    67.9865298897508
36.5    67.99096701273598
37    67.99454921094343
37.5    67.9974685194637
38    67.99983470549202
38.6    68.00237156800551
39.2    68.00516702977333
39.8    68.00846181674444
40.4    68.01201242573904
41    68.01532898751502
41.6    68.01796394436408
42.2    68.01962945339332
42.8    68.0201955440951
43.4    68.01964608558455
44    68.01802782778793
44.6    68.01539505541302
45.2    68.01173804595099
45.9    68.00607770876746
46.6    67.9990088642542
47.3    67.99120128210942
48    67.98359471270169
48.7    67.97657951104284
49.4    67.96978784089592
50.1    67.96263253567821
50.8    67.95482612839493
51.5    67.94640010299898
52.2    67.93753884110183
53    67.92715276624372
53.8    67.91656744194569
54.6    67.90524610481134
55.4    67.89224546637644
56.2    67.87709316880306
57    67.86014799576995
57.8    67.84214046906081
58.6    67.82364487199015
59.5    67.80275683531582
60.4    67.78229357871663
61.3    67.76287797095105
62.2    67.74527920373157
63.1    67.73036271574955
64    67.71874964040197
64.9    67.71033398738547
65.8    67.70443224179519
66.8    67.69997822238895
67.8    67.69659096622543
68.8    67.69261687841912
69.8    67.68636587571783
70.8    67.6765034531279
71.8    67.66242871146027
72.8    67.64429404054289
73.9    67.62038514083389
75    67.59346104550487
76.1    67.56487430074623
77.2    67.53588708569535
78.3    67.507468309964
79.4    67.48017893113636
80.6    67.45188825095627
81.8    67.42506231603396
83    67.39950024706971
84.2    67.37491253076963
85.4    67.35097708386868
86.6    67.32734873523262
87.9    67.30167119216844
89.2    67.27557710723337
90.5    67.24878963528582
91.8    67.22090990618
93.1    67.19142445097759
94.5    67.15739223987885
95.9    67.12090173694787
97.3    67.08247885938104
98.7    67.04323347823282
100    67.007281889182
102    66.95531297167147
104    66.9097502404834
106    66.87186620355368
108    66.84099186939588
110    66.81440866930245
112    66.78804365844306
114    66.75770923371655
116    66.72037915751272
118    66.67525511045676
120    66.62391269538185
122    66.56974416993614
124    66.51701252218676
126    66.47006364611352
128    66.43267440593159
130    66.40778317107855
132    66.39731129924621
134    66.40208761245
136    66.42149390117915
138    66.45340260630266
140    66.49438867347155
142    66.54009021885145
144    66.58564046546589
146    66.62632228188285
148    66.65819658554045
150    66.678596700145
152    66.68645675587186
154    66.68240376145309
156    66.66850437535392
158    66.6478523580696
160    66.62408627045687
162    66.60082449528777
164    66.58104297828984
166    66.56666009745148
168    66.5583838588887
170    66.55574441983012
173    66.55882520554457
176    66.56352784440631
179    66.56247182891508
182    66.5504648092594
185    66.52531740064791
188    66.48740229465342
191    66.43865291408645
194    66.38151613504881
197    66.31828623356363
200    66.25095809132819
203    66.18135534265122
206    66.11119624438936
209    66.04199950122333
212    65.97502932192921
215    65.91127472774589
218    65.85139777220743
221    65.79573839506801
224    65.74430605348469
227    65.69679656501573
230    65.65262111708435
233    65.61098891216449
236    65.57100066681386
239    65.53171425130002
243    65.47874383761825
247    65.42316520883334
251    65.36350836656777
255    65.29921343494418
259    65.23064911604723
263    65.15898818842709
267    65.08575528029476
271    65.0123222115179
275    64.93964984988872
279    64.8681426629933
283    64.79761175666376
287    64.72741145535662
291    64.65673289203463
295    64.58487464738168
299    64.51141205530399
303    64.43624203898045
307    64.35947598016267
312    64.26165745822094
317    64.16248006659579
322    64.06296746113856
327    63.964548179429684
332    63.86937597592255
337    63.78066318708798
342    63.70280288569124
347    63.641134045730624
352    63.601333854522125
357    63.588699568064726
362    63.60737528764703
367    63.65938543563399
372    63.74383258546939
377    63.85660510741555
383    64.01906944308593
389    64.19591430480206
395    64.37025186247551
401    64.5271903134479
407    64.65629081092247
413    64.75203970080744
419    64.81356718539794
425    64.84385013850266
431    64.84865268778242
437    64.8353902509784
443    64.81187494719063
449    64.78510342655608
456    64.7564884735753
463    64.73490303216442
470    64.72182439794963
477    64.71700529039202
484    64.71974310553797
491    64.72947428642844
498    64.74582098048361
505    64.76835950199977
512    64.79635775119496
519    64.82880847868384
527    64.86993545667093
535    64.91391237753635
543    64.95932362400643
551    65.00471364667582
559    65.048373050962
567    65.08829804430074
575    65.12248298848708
583    65.14935933631193
592    65.16985845108685
601    65.18025500138594
610    65.18216762692165
619    65.17813310915949
628    65.17075140450265
637    65.16195936035186
646    65.15274790826147
655    65.14317829328591
665    65.13141325550859
675    65.11740457053739
685    65.1003536327643
695    65.08022612586811
705    65.05779445450231
715    65.0342236633974
725    65.01075074013477
736    64.98645201609187
747    64.964966551766
758    64.94701521245261
769    64.93274308478766
780    64.92199794555953
791    64.91456804632037
803    64.90989748170281
815    64.90822730983692
827    64.90890508915211
839    64.91139360777127
851    64.9153468209625
863    64.92080860036145
876    64.92869080666787
889    64.93885771953926
902    64.95157208234721
915    64.96725991453093
928    64.98654104247535
942    65.01206663131018
956    65.04306539924539
970    65.07972888136814
984    65.12195358097011
998    65.16935646616994
1010    65.2135660188919
1020    65.25244937577352
1030    65.29274344956897
1050    65.375788560912
1070    65.45937611571675
1090    65.54127153722916
1110    65.6203508619504
1130    65.69637552864587
1150    65.76972141665289
1170    65.84118964514599
1190    65.91210166585915
1210    65.98387789767446
1230    66.05757858673358
1250    66.13354441076294
1270    66.21140797816665
1290    66.29008633338955
1310    66.36823170201887
1330    66.44461853702714
1350    66.5183246309181
1370    66.58897910383584
1390    66.65685599688896
1410    66.72256671446215
1430    66.78665841265052
1450    66.8495533323124
1470    66.9118240726398
1490    66.97421459733211
1510    67.03731358501489
1530    67.10142225706721
1550    67.16662436690419
1570    67.23289762162585
1590    67.30015558287677
1610    67.36834079197547
1630    67.43757550297153
1650    67.50815254451608
1670    67.580372311965
1690    67.65445797550927
1710    67.73062510776128
1730    67.80914584107884
1760    67.93204669490437
1790    68.06191800227109
1820    68.19946933615094
1850    68.34568213464661
1880    68.50200694109543
1910    68.66898754437072
1940    68.84620141552809
1970    69.0328583127309
2000    69.22818301300818
2030    69.43195955222487
2060    69.64453948578542
2090    69.86682846404372
2120    70.09953378223429
2150    70.3422528118873
2180    70.59350830773845
2210    70.8518040451336
2240    71.11567768366663
2270    71.38512250080589
2300    71.66123684012372
2330    71.9453674547269
2360    72.23812738722742
2390    72.53937694456909
2420    72.84802297230425
2460    73.2690104765444
2500    73.6976352485438
2540    74.13001122747735
2580    74.56009063031772
2620    74.97982584643496
2660    75.38029971717279
2700    75.75199562224091
2740    76.08403378120926
2780    76.36691753982348
2820    76.59236621928346
2860    76.75391761802231
2900    76.84247449579473
2940    76.851621940591
2980    76.78776143554445
3020    76.65986460402272
3060    76.47424114917024
3100    76.23900864337665
3150    75.8921668304335
3200    75.50476677420806
3250    75.09484903157687
3300    74.6781643499964
3350    74.26726089370422
3400    73.87025317627268
3450    73.4926990203127
3500    73.13753419345771
3550    72.80646776433667
3600    72.50085701288037
3650    72.2217615364295
3700    71.9694559260754
3750    71.74452631921707
3800    71.54684789760941
3860    71.34239952769998
3920    71.17386250671342
3980    71.0382674423774
4040    70.93828947076318
4100    70.87384062872371
4160    70.84397587577017
4220    70.84795498915494
4280    70.88421584352803
4340    70.95304189639339
4400    71.0532770834069
4460    71.18202352722962
4520    71.33699212330667
4590    71.5448070267972
4660    71.7723358353125
4730    72.01162860667593
4800    72.25278232063965
4870    72.48151988353354
4940    72.67825644409731
5010    72.8271883538944
5080    72.91807619648581
5150    72.93668759210402
5220    72.87534372200724
5300    72.70695819061494
5380    72.44274190663003
5460    72.09844593085515
5540    71.69744390027971
5620    71.26319386123978
5700    70.81677600148097
5780    70.37854406774714
5860    69.96234143662437
5950    69.5304890695571
6040    69.14562498853623
6130    68.81682592736283
6220    68.55016588651884
6310    68.34942685968545
6400    68.21209415456053
6490    68.14183241090505
6580    68.13302034169682
6680    68.18746144825886
6780    68.29854184638312
6880    68.44653442460535
6980    68.60991627828068
7080    68.75340243645104
7180    68.83297672048556
7280    68.80443425150804
7390    68.60127533099634
7500    68.2003077920705
7610    67.62666346912687
7720    66.94711769953096
7830    66.21824148507483
7940    65.46463905831531
8060    64.6332917302091
8180    63.81910315008478
8300    63.04819134188224
8420    62.34231467775632
8540    61.71900510750596
8660    61.18377644378742
8790    60.70532851453685
8920    60.33949007013945
9050    60.06307531437187
9180    59.86869910954046
9310    59.74694063591579
9450    59.72967457181578
9590    59.88787538827177
9730    60.23406539421391
9870    60.752050623881246
10010    61.44474169498955
10160    62.39108627187254
10310    63.566844041374324
10460    64.98292938156786
10610    66.59641882721743
10760    68.26786280472301
10920    69.71828831604952
11080    70.37622016209787
11240    70.10460480462416
11400    69.3533865456788
11570    68.55750330658107
11740    68.00792647781924
11910    67.91111246000264
12080    67.94625512797947
12260    67.74989310192612
12440    66.88803136914996
12620    64.91768329767581
12800    62.3659067512491
12990    59.627489433804385
13180    56.968926405850524
13370    54.60139755310283
13560    52.37857864507731
13760    50.65894627099691
13960    50.91416168016101
14160    52.742164535116814
14370    55.15843965076933
14580    57.113734909221364
14790    57.617923983583076
15010    56.918900117723084
15230    55.725289925531754
15450    55.29187002247276
15670    55.82268075715871
15900    56.62438387544212
16130    56.45803257218601
16360    55.11435924976861
16600    53.317670318202744
16840    51.74926712252285
17080    50.261184288373556
17330    48.40484698658389
17580    46.07109870257634
17840    43.349111612215246
18100    40.70035278177619
18360    38.37348491499412
18630    36.11662574031595
18900    33.20726955099678
19170    30.28131713244992
19450    29.21873071406964
19730    29.303584184926923
20000    29.329662463205786
