20    68.16572566708531
20.3    68.13823614742716
20.6    68.11100628254198
20.9    68.08386304444136
21.2    68.05665191636304
21.5    68.02926315681842
21.8    68.0016356318875
22.1    67.97375912755639
22.4    67.94565991337122
22.7    67.9173902070498
23    67.88901028404541
23.3    67.86056715761285
23.6    67.83208205721897
23.9    67.80355192344942
24.2    67.77495838406776
24.6    67.73669852978216
25    67.69825937925691
25.4    67.65964890701747
25.8    67.62089828208809
26.2    67.58203087484964
26.6    67.5430506017448
27    67.50395605284163
27.4    67.46475446297883
27.8    67.42546464047527
28.2    67.3861150553205
28.6    67.34672966111205
29    67.30731334002581
29.4    67.26785175787356
29.8    67.22832280211392
30.2    67.18870879123415
30.6    67.14901034584135
31    67.1092537640678
31.5    67.05955008391658
32    67.00994716906008
32.5    66.96056054753866
33    66.91148000979015
33.5    66.8627674918911
34    66.81446073122613
34.5    66.766564804572
35    66.71904321462564
35.5    66.67182037043764
36    66.62479901806807
36.5    66.57787649384844
37    66.53096570576707
37.5    66.4840083296826
38    66.43697599670729
38.6    66.3804312363846
39.2    66.32379561661863
39.8    66.26713286515692
40.4    66.21053060640884
41    66.15407381732629
41.6    66.0978307502941
42.2    66.0418494395838
42.8    65.98614934215233
43.4    65.93071085066342
44    65.87549295194287
44.6    65.82046745505734
45.2    65.76563036291493
45.9    65.70189852741709
46.6    65.6384276732863
47.3    65.57520459376293
48    65.51222990621696
48.7    65.4495355002017
49.4    65.38718406398999
50.1    65.3252497576815
50.8    65.26378206043482
51.5    65.20278808661092
52.2    65.14224552579256
53    65.07354869788934
53.8    65.00526900890108
54.6    64.9372770184648
55.4    64.86952195294313
56.2    64.8020344417868
57    64.73483161218701
57.8    64.6678949336895
58.6    64.60122470048057
59.5    64.52658949088838
60.4    64.45241643791331
61.3    64.37876556232341
62.2    64.30568657412874
63.1    64.23321520808751
64    64.16137000617903
64.9    64.09016851113543
65.8    64.01962963961084
66.8    63.942027914238096
67.8    63.86519459278661
68.8    63.78904025117117
69.8    63.71344613653058
70.8    63.63828027879844
71.8    63.5634159219054
72.8    63.48875922443854
73.9    63.406841713617155
75    63.32518944850203
76.1    63.24388007685036
77.2    63.16292663579813
78.3    63.082240080340625
79.4    63.00169292912945
80.6    62.91393177733548
81.8    62.82635324827902
83    62.73903355695534
84.2    62.65199554204715
85.4    62.5652347943003
86.6    62.47875386199695
87.9    62.385386391367184
89.2    62.2923431066115
90.5    62.19960902955904
91.8    62.10716867961074
93.1    62.014994158736684
94.5    61.916000140531835
95.9    61.8172971169482
97.3    61.7188973896898
98.7    61.62074500702349
100    61.52970707221596
102    61.389482640962555
104    61.24844191716255
106    61.105786202063314
108    60.96066101682147
110    60.81205005448052
112    60.65892149880079
114    60.50079705742537
116    60.338223790866465
118    60.172763009713734
120    60.007247891593465
122    59.8463428182955
124    59.69621271496932
126    59.56405621636145
128    59.45765275115262
130    59.38415385989399
132    59.34844987153258
134    59.35145997207752
136    59.38934929714533
138    59.4539901044349
140    59.534625907359185
142    59.62045427259943
144    59.70300949122762
146    59.777350073773846
148    59.84201417571022
150    59.89808001205604
152    59.94786541318208
154    59.99368573817981
156    60.036956170925066
158    60.07778088510336
160    60.114991900022765
162    60.14651735304595
164    60.16996366164764
166    60.18323892585447
168    60.18483531490016
170    60.17396948996469
173    60.13458897409002
176    60.07026421256974
179    59.98602488102864
182    59.88801879027213
185    59.78246113829736
188    59.67484075049745
191    59.569459771232374
194    59.469054856075644
197    59.37483754491022
200    59.28674944942834
203    59.203820284265376
206    59.12463197737996
209    59.047858458961315
212    58.97260675578344
215    58.89834382240555
218    58.82478891465773
221    58.75188341568427
224    58.6796024605825
227    58.60790997257634
230    58.537145068674285
233    58.46819123854517
236    58.402124069729254
239    58.339866210656
243    58.26383789699773
247    58.19628273009746
251    58.13652843382755
255    58.08251950690356
259    58.03169806706836
263    57.98194130066571
267    57.93157323086436
271    57.87934658810208
275    57.82475120506238
279    57.768251385052096
283    57.71101228884776
287    57.654457887701646
291    57.599946103907385
295    57.548475815637005
299    57.5005533261718
303    57.45632976827663
307    57.4159011561109
312    57.37080043553186
317    57.331634213084456
322    57.29795868917573
327    57.26910369785463
332    57.24419114601022
337    57.22200774294437
342    57.200973036418944
347    57.17934642151192
352    57.15560468070271
357    57.12881363412936
362    57.09881844925186
367    57.066228917065025
372    57.03225374140456
377    56.998404589549466
383    56.960168925741584
389    56.927098379095085
395    56.9019535446121
401    56.88775959136876
407    56.888018174521946
413    56.90646491441031
419    56.946315248453914
425    57.00936157377184
431    57.09529614887519
437    57.201413447267264
443    57.32294565255921
449    57.45408513588468
456    57.61181934864848
463    57.768279547726614
470    57.91999100049356
477    58.06683846493382
484    58.21090054547394
491    58.354950460366005
498    58.501506363455306
505    58.65243916019193
512    58.80814102701867
519    58.96698521310081
527    59.14854387767697
535    59.32587879331267
543    59.496221068395585
551    59.65899103155248
559    59.81503451777746
567    59.96562795023449
575    60.11194291434637
583    60.25481238829039
592    60.41191081639877
601    60.565260268923
610    60.71493719138954
619    60.86125689017011
628    61.00475458512343
637    61.14612616226044
646    61.28614776304994
655    61.425563456361715
665    61.58051769202963
675    61.736180450288686
685    61.89301511591661
695    62.05119835399368
705    62.21054046242522
715    62.37051011149627
725    62.530569319511315
736    62.70652644816077
747    62.882559797533176
758    63.058834549637965
769    63.23525541860707
780    63.411534331812476
791    63.587291104391745
803    63.77810309294941
815    63.967869132950355
827    64.15674979783776
839    64.34501197802118
851    64.53305503170529
863    64.72152942541496
876    64.9269952143934
889    65.13410210547104
902    65.34246228138753
915    65.55129316987666
928    65.75985745100054
942    65.98359346207621
956    66.20582259978949
970    66.42561828846394
984    66.64190581665065
998    66.85388892718817
1010    67.03170568278635
1020    67.17681195456015
1030    67.3187733779597
1050    67.59179983048259
1070    67.84795605117304
1090    68.0845546037289
1110    68.30015565623998
1130    68.49434437108485
1150    68.66674802325014
1170    68.81676921037831
1190    68.94406768818732
1210    69.04878531742534
1230    69.13192159377397
1250    69.19497405572078
1270    69.24014737677174
1290    69.26989277334079
1310    69.28630893933564
1330    69.29127717381476
1350    69.28673862647608
1370    69.27472991662776
1390    69.25726573833248
1410    69.23642378717955
1430    69.21446136686981
1450    69.19350084204002
1470    69.17530224438846
1490    69.16139326474617
1510    69.15291388021359
1530    69.15041780735902
1550    69.15402428788089
1570    69.16366749121417
1590    69.17916220410851
1610    69.19997401432309
1630    69.22492267336898
1650    69.25302216523937
1670    69.2838657135394
1690    69.31736438530665
1710    69.35352631518404
1730    69.39247036302166
1760    69.45650232587141
1790    69.52772464013803
1820    69.60696520584528
1850    69.69565283809176
1880    69.79429838931716
1910    69.90199588695486
1940    70.01771613998258
1970    70.14139637297714
2000    70.27283608718261
2030    70.41149720016789
2060    70.5567961083885
2090    70.70796599751255
2120    70.8641228021886
2150    71.02471645875627
2180    71.18915493218594
2210    71.35666550914942
2240    71.52634170340696
2270    71.69725621440767
2300    71.86834466319488
2330    72.03825462972165
2360    72.20529823701511
2390    72.36761329733005
2420    72.52317455244099
2460    72.71606018822004
2500    72.88744668386451
2540    73.03228414557012
2580    73.14507068014427
2620    73.22007042753867
2660    73.25257157562464
2700    73.23937820936959
2740    73.17925514067761
2780    73.07316966341995
2820    72.92453726743346
2860    72.73804414662256
2900    72.51894731131861
2940    72.2726625289798
2980    72.00408251298288
3020    71.71831504008591
3060    71.42127937959219
3100    71.11905671262642
3150    70.74350689018843
3200    70.38240598257542
3250    70.04586280401367
3300    69.73850408772807
3350    69.45831608957197
3400    69.19859033283201
3450    68.95194473641519
3500    68.7137360052354
3550    68.48240777037844
3600    68.25821155432652
3650    68.04177413922271
3700    67.8343086261477
3750    67.63748033175966
3800    67.45289964184519
3860    67.25036076862852
3920    67.07441880938718
3980    66.93766655799016
4040    66.860096005346
4100    66.86562348384669
4160    66.97242162519387
4220    67.18099467727545
4280    67.4698803949082
4340    67.80269652043415
4400    68.14063012259213
4460    68.45203062363478
4520    68.71466632164649
4590    68.93972113887696
4660    69.06166666107582
4730    69.06506266675635
4800    68.93714461881123
4870    68.67481156196695
4940    68.28801786022834
5010    67.79856161219013
5080    67.23537875834919
5150    66.62972005565653
5220    66.0117273408284
5300    65.32548786803565
5380    64.69631401400997
5460    64.16040318490533
5540    63.75579725542246
5620    63.52030710472728
5700    63.48097811679012
5780    63.63595651402366
5860    63.934410250200656
5950    64.31114226982916
6040    64.56191984123599
6130    64.57746208968257
6220    64.36400048002962
6310    64.01110926226221
6400    63.62448105773835
6490    63.28082390031562
6580    63.01978413729222
6680    62.84329452225454
6780    62.78615612933437
6880    62.84436228061233
6980    63.01509489317504
7080    63.290596906458646
7180    63.64183746418629
7280    64.00886274736297
7390    64.34202514473454
7500    64.52467205177808
7610    64.51013382617901
7720    64.28629615450734
7830    63.87231700891587
7940    63.3078875489807
8060    62.58045468886473
8180    61.80778720892094
8300    61.04210402518237
8420    60.310381947761734
8540    59.64042143916684
8660    59.0547736504581
8790    58.527409699060044
8920    58.1127448132918
9050    57.80709672242549
9180    57.606593612554164
9310    57.50638957785509
9450    57.5021463305043
9590    57.59107443467973
9730    57.75096480693281
9870    57.94720052247347
10010    58.14320736482694
10160    58.33241899256461
10310    58.48322774759884
10460    58.5713567393024
10610    58.61287870135477
10760    58.6393241837299
10920    58.634027494232036
11080    58.53819857700064
11240    58.301984664205236
11400    57.90488987735212
11570    57.331304535154544
11740    56.673625705635374
11910    56.03140122212948
12080    55.50925289530184
12260    55.188485921390715
12440    55.173035517797004
12620    55.47026352535857
12800    56.025537141483014
12990    56.76760483166662
13180    57.489124994183626
13370    58.0377650621343
13560    58.341321777750665
13760    58.338910227481776
13960    57.96275150661987
14160    57.29291010337826
14370    56.50632769900524
14580    55.85789323597361
14790    55.4871251000562
15010    55.49206615839877
15230    55.81696970943453
15450    56.285904432605875
15670    56.734327576007644
15900    56.947165947611424
16130    56.83213471397286
16360    56.71477261340678
16600    56.849665113037275
16840    57.114754257795475
17080    57.391511198285684
17330    57.56055233862581
17580    57.47015838889055
17840    57.089273612560135
18100    56.53311473256021
18360    55.99690089483433
18630    55.643333839406594
18900    55.420148193269846
19170    54.83994079071229
19450    53.263871278806974
19730    51.33338103222279
20000    50.409891578832514
