20    75.23723788427586
20.3    75.14525203082597
20.6    75.05337975777711
20.9    74.9611920046818
21.2    74.86970747353348
21.5    74.78106173911434
21.8    74.69743710136649
22.1    74.61989468773562
22.4    74.547728726217
22.7    74.47865497217865
23    74.40968609936681
23.3    74.33823379224162
23.6    74.26293985672336
23.9    74.18394696283454
24.2    74.10258216395812
24.6    73.99349669162298
25    73.8868239781589
25.4    73.78390126024257
25.8    73.68423707148723
26.2    73.58681156413778
26.6    73.49118696607142
27    73.3977276491879
27.4    73.30708421049948
27.8    73.21957880292882
28.2    73.13501640077601
28.6    73.05291609845463
29    72.97284395453752
29.4    72.89458206761432
29.8    72.8181152973161
30.2    72.74354337646872
30.6    72.67098314747987
31    72.60046372141049
31.5    72.51492160127457
32    72.43156588692564
32.5    72.34942549050342
33    72.26767287441007
33.5    72.18588015210419
34    72.10403606779914
34.5    72.02251160969874
35    71.94208633578107
35.5    71.86385425448712
36    71.78882621484708
36.5    71.7174187476737
37    71.64925360943764
37.5    71.58342041071953
38    71.51892205255689
38.6    71.44219929190425
39.2    71.36543098910718
39.8    71.28824297388643
40.4    71.21069037804486
41    71.13313005498709
41.6    71.05598948140934
42.2    70.97959026030097
42.8    70.90412955497916
43.4    70.82973835949954
44    70.75653027699776
44.6    70.68462539212125
45.2    70.61414885433496
45.9    70.53384946223787
46.6    70.455640455755
47.3    70.37942208673644
48    70.30499543357425
48.7    70.23206990773774
49.4    70.16030342082928
50.1    70.08940621891736
50.8    70.01922667159644
51.5    69.94975179475841
52.2    69.88105413492819
53    69.80364161339598
53.8    69.72754359770909
54.6    69.65270596459658
55.4    69.57877965988219
56.2    69.50533433373494
57    69.43208898516082
57.8    69.35890385235683
58.6    69.28573546423362
59.5    69.2035660494048
60.4    69.12188902207582
61.3    69.04117914497698
62.2    68.96198240540788
63.1    68.88489061312345
64    68.81051084711734
64.9    68.7394163298232
65.8    68.67211505902799
66.8    68.60232817606664
67.8    68.53828448615954
68.8    68.48028555522615
69.8    68.4283153247537
70.8    68.38196381805659
71.8    68.34041441567445
72.8    68.30249509419225
73.9    68.26327265306904
75    68.22470777492826
76.1    68.18497023673402
77.2    68.14264104969467
78.3    68.09681671242473
79.4    68.04710193105683
80.6    67.98845548698836
81.8    67.92560805327
83    67.85921730577553
84.2    67.79004351702172
85.4    67.71883839902506
86.6    67.6462479080372
87.9    67.56657789976464
89.2    67.48618100820933
90.5    67.405250597203
91.8    67.32387418616526
93.1    67.24208271678687
94.5    67.15354664242875
95.9    67.06457656241629
97.3    66.97527103261697
98.7    66.88577512295066
100    66.80264869106273
102    66.67492933333833
104    66.54758169423712
106    66.42104650816087
108    66.29590791299299
110    66.17375289072945
112    66.05715038416076
114    65.94875865151354
116    65.85097371952048
118    65.76641172363085
120    65.69883075836917
122    65.65331820099115
124    65.63560347184115
126    65.6508041425765
128    65.7019919959977
130    65.7891606702417
132    65.90879155153863
134    66.05379861311863
136    66.214167523257
138    66.37854745468269
140    66.53638183231138
142    66.68005420920056
144    66.80634374127655
146    66.91662602889824
148    67.01566081650267
150    67.10956548730154
152    67.2037807060181
154    67.30154264325823
156    67.40311245674945
158    67.50578716794274
160    67.6045820971445
162    67.6934372564418
164    67.76661318461726
166    67.8197832162823
168    67.85068513883235
170    67.85926286782016
173    67.83471937744636
176    67.77495414369817
179    67.69168701709103
182    67.59545716181849
185    67.4944187820519
188    67.39402119557735
191    67.29732462739142
194    67.20564014567191
197    67.11919116289712
200    67.03760894529125
203    66.96028713672922
206    66.88650099953554
209    66.81545377020468
212    66.74642809694743
215    66.67893372444095
218    66.612719190612
221    66.54772437986836
224    66.4840259978169
227    66.42176921051887
230    66.36110634243155
233    66.30213750570573
236    66.24486529758602
239    66.18915345303063
243    66.11682387921697
247    66.04594213751389
251    65.97567313536572
255    65.90539191148575
259    65.83473514016433
263    65.7635604993703
267    65.69189519201385
271    65.61990373978111
275    65.54784218296187
279    65.47601411415536
283    65.40473207768306
287    65.33426001941882
291    65.26478283020273
295    65.19642613266075
299    65.12927803691227
303    65.06338289137669
307    64.99873375220008
312    64.91958359591311
317    64.84204768883279
322    64.76569945656371
327    64.68992520693875
332    64.6140244571344
337    64.5373859222383
342    64.45960031456396
347    64.38054842741658
352    64.30040264226224
357    64.21946145346644
362    64.1379904759734
367    64.0561808940349
372    63.97416193542026
377    63.892082045076236
383    63.793990958593184
389    63.69745002130373
395    63.60436562435467
401    63.51745268615126
407    63.440150276057935
413    63.37634185503204
419    63.33001054809763
425    63.30476238180352
431    63.30330282911676
437    63.327112904949836
443    63.37626279048095
449    63.449317430761695
456    63.560835301921216
463    63.69449433283312
470    63.84288173601583
477    63.99830630466023
484    64.15343583933787
491    64.30172759452978
498    64.43768502836258
505    64.55718786361436
512    64.65780394752392
519    64.73899757515534
527    64.80981620315302
535    64.86134190966402
543    64.89891050250907
551    64.92762658177438
559    64.95144467054757
567    64.9729464404439
575    64.99360590587278
583    65.01417360438431
592    65.03755016815762
601    65.06104020479329
610    65.08408517993831
619    65.10592234033754
628    65.125724481914
637    65.14264152585496
646    65.15590188597855
655    65.16491481843593
665    65.16959224572136
675    65.16879674607878
685    65.16323880525636
695    65.15406391473167
705    65.14269185417521
715    65.13060043707148
725    65.1190933974419
736    65.1082732963519
747    65.10012523190338
758    65.09485805517018
769    65.0921842145136
780    65.09155311076009
791    65.09237296192836
803    65.09438004251189
815    65.09724716068669
827    65.10098818447884
839    65.10584895175197
851    65.11223598605915
863    65.12064278670367
876    65.13258172191948
889    65.14798801938977
902    65.16725166389216
915    65.19056469090825
928    65.21793928303435
942    65.2519510984859
956    65.29054204570298
970    65.33330619963621
984    65.37962959021957
998    65.42866851926317
1010    65.47204354067802
1020    65.50852881434963
1030    65.5448061901518
1050    65.61515131832462
1070    65.68102760366918
1090    65.74206772330768
1110    65.79905311015627
1130    65.85324643238064
1150    65.9058941909286
1170    65.95778361210543
1190    66.00935464844883
1210    66.06094564371938
1230    66.1128919297993
1250    66.16561537348778
1270    66.2193345587246
1290    66.2740001833886
1310    66.32945796561495
1330    66.38549438829001
1350    66.44187289440443
1370    66.49833714667872
1390    66.55475657108849
1410    66.61117739691142
1430    66.66778544850837
1450    66.7248053830458
1470    66.78249480440223
1490    66.8412052696965
1510    66.90129941881085
1530    66.9631069434263
1550    67.02696752301377
1570    67.09325327000235
1590    67.1623369940891
1610    67.23445929935774
1630    67.30967237261386
1650    67.38790447505141
1670    67.46906048585943
1690    67.55307638797478
1710    67.63990904458272
1730    67.72949380393428
1760    67.86880935360776
1790    68.01382131171351
1820    68.16449979794402
1850    68.32106279761186
1880    68.48373894087834
1910    68.65286777645127
1940    68.8290357876779
1970    69.0128706378427
2000    69.20497291098128
2030    69.40605980623909
2060    69.61668587340245
2090    69.83710304493547
2120    70.06714462244199
2150    70.30607242264992
2180    70.55284074774613
2210    70.8063526145136
2240    71.06567467406711
2270    71.33008247466923
2300    71.59886924540328
2330    71.87138508679917
2360    72.14708312357132
2390    72.4253905954161
2420    72.705556320823
2460    73.08007826594888
2500    73.45229537156328
2540    73.81780293343341
2580    74.17154751497822
2620    74.50793557473662
2660    74.82116045037596
2700    75.10554780283081
2740    75.35568877859751
2780    75.56662296657962
2820    75.73382591402412
2860    75.85352060578266
2900    75.92353862996981
2940    75.94363605793296
2980    75.9155097090721
3020    75.84265311408797
3060    75.72994693410848
3100    75.58313198133135
3150    75.36137059787784
3200    75.1095269826939
3250    74.83947650248035
3300    74.56112261515594
3350    74.28249150588948
3400    74.01015016098353
3450    73.7491183842348
3500    73.50334611254252
3550    73.27641641113686
3600    73.07142416652587
3650    72.89084340473806
3700    72.7368520828962
3750    72.61125436254305
3800    72.51477610061983
3860    72.43598583023399
3920    72.39316471635183
3980    72.38161473636488
4040    72.39905799612704
4100    72.44513366172933
4160    72.51822119936872
4220    72.6134080027184
4280    72.72399851362343
4340    72.84472005230374
4400    72.97281579074505
4460    73.10615647592877
4520    73.24139949291046
4590    73.39468587502871
4660    73.53286230369676
4730    73.64375498415109
4800    73.71513899099011
4870    73.73638806383013
4940    73.69994111427056
5010    73.60242214823226
5080    73.4457750965606
5150    73.23745854163539
5220    72.98975153262866
5300    72.67952872664773
5380    72.36901436178624
5460    72.09210140389024
5540    71.88580218779677
5620    71.78962613419225
5700    71.83880653391388
5780    72.04716302806153
5860    72.38188985541937
5950    72.78542228365208
6040    73.02647377028728
6130    72.96999561859246
6220    72.63083714321732
6310    72.13844112387578
6400    71.63603405894565
6490    71.21574705891325
6580    70.91428940114083
6680    70.72108430366518
6780    70.65604854698105
6880    70.68805000426832
6980    70.78409666164907
7080    70.91880695152375
7180    71.06330512534767
7280    71.16305380362581
7390    71.14066068645346
7500    70.92849963983127
7610    70.52384028658565
7720    69.95671886058759
7830    69.27758822023884
7940    68.54312198915277
8060    67.73530278665345
8180    66.96253187835592
8300    66.25104085261773
8420    65.61606710749219
8540    65.06620269648505
8660    64.6054656520239
8790    64.20850972693219
8920    63.91704742189332
9050    63.729256612395204
9180    63.64365903822288
9310    63.65816316105857
9450    63.78367380412463
9590    64.01803942493152
9730    64.34998645751844
9870    64.76164985284215
10010    65.22636986460098
10160    65.7414279067909
10310    66.22096292913879
10460    66.6145582343272
10610    66.90157752213045
10760    67.10418040404107
10920    67.27976647941227
11080    67.47707652754289
11240    67.74994884779034
11400    68.111771807955
11570    68.55354199614462
11740    68.98042786191138
11910    69.34558488237916
12080    69.64433165325698
12260    69.87314598483141
12440    69.94211742595286
12620    69.72571990950723
12800    69.11206661865589
12990    68.03605140581723
13180    66.67778400707753
13370    65.25811208314457
13560    63.94880934361112
13760    62.78540668027294
13960    61.887327039529026
14160    61.28226443024215
14370    60.980095513081
14580    61.035141210508975
14790    61.460709368747615
15010    62.30194537098511
15230    63.45664529089338
15450    64.56509022881592
15670    64.99905853871844
15900    64.22966447000044
16130    62.44923990266092
16360    60.6189986429188
16600    59.37554513675502
16840    58.572769200950304
17080    57.859737086262925
17330    57.1505460480212
17580    56.51341985497062
17840    56.14397232174222
18100    56.42761889099339
18360    57.8739195733047
18630    60.34680699125629
18900    62.36164955005181
19170    62.92050210986481
19450    62.13772935263168
19730    61.00049737321521
20000    60.41621562270794
