20    72.65700315835802
20.3    72.63351639310969
20.6    72.61030327127867
20.9    72.58725089561912
21.2    72.56418838183166
21.5    72.54089001427755
21.8    72.5171298256208
22.1    72.49276422030312
22.4    72.46780108779487
22.7    72.44240185144687
23    72.41681350643915
23.3    72.39125484355608
23.6    72.36581901256386
23.9    72.34043430839756
24.2    72.3149000029517
24.6    72.28022315369746
25    72.2445049906397
25.4    72.2077583017003
25.8    72.17030834125919
26.2    72.13255211155783
26.6    72.09473859613365
27    72.05691079535643
27.4    72.01900215773742
27.8    71.98097709801206
28.2    71.94290474406962
28.6    71.90492631291926
29    71.86717707999699
29.4    71.8297163481921
29.8    71.7924941267175
30.2    71.75534896883443
30.6    71.71803239987325
31    71.68026241891363
31.5    71.63204761553726
32    71.58247098717666
32.5    71.53151960281704
33    71.47941631501384
33.5    71.42658161577549
34    71.3736232047705
34.5    71.32130566893485
35    71.27043109155102
35.5    71.22165762430986
36    71.1753448357606
36.5    71.131465698634
37    71.08960452464567
37.5    71.0490360173159
38    71.00889237247283
38.6    70.96015981693584
39.2    70.90989223677826
39.8    70.85761278502352
40.4    70.80328219249473
41    70.74712157254406
41.6    70.68950407787317
42.2    70.63094335211017
42.8    70.57201293266286
43.4    70.51308143297439
44    70.45409398040968
44.6    70.39469036027381
45.2    70.33453018658662
45.9    70.26332947659499
46.6    70.19168425405846
47.3    70.12095900823829
48    70.05201253642808
48.7    69.98378131126259
49.4    69.91430251336195
50.1    69.84325447815208
50.8    69.77242068773165
51.5    69.70400367114709
52.2    69.6392340500449
53    69.56918728444018
53.8    69.50072874759962
54.6    69.43087743675764
55.4    69.35844896363682
56.2    69.28382811814114
57    69.20826645811148
57.8    69.13371661615625
58.6    69.06218539293565
59.5    68.98710703261605
60.4    68.9187723641429
61.3    68.85721873028488
62.2    68.80179810624647
63.1    68.75169058983701
64    68.70592787945907
64.9    68.663241312713
65.8    68.62209538208458
66.8    68.57657577412738
67.8    68.53034050262686
68.8    68.48291051559886
69.8    68.43368893696638
70.8    68.3819759795485
71.8    68.32716195810029
72.8    68.26888447565517
73.9    68.20082766468202
75    68.12909281251862
76.1    68.0544429104096
77.2    67.97788504272651
78.3    67.90042920450468
79.4    67.82301797238102
80.6    67.7395818803736
81.8    67.65786030189818
83    67.57827710344654
84.2    67.50110781084162
85.4    67.4262834070967
86.6    67.3532053947552
87.9    67.27485400776466
89.2    67.19598449118402
90.5    67.11528515843395
91.8    67.03172838437877
93.1    66.9450745719835
94.5    66.84920736043506
95.9    66.75241328322656
97.3    66.65645036993124
98.7    66.56259012456937
100    66.47813682186083
102    66.35518880857342
104    66.2424533581368
106    66.13940958612852
108    66.04348753331858
110    65.95089048644525
112    65.85744841052684
114    65.75980757406305
116    65.65630112521461
118    65.54779499339406
120    65.4375964096636
122    65.33040547951255
124    65.2308405767838
126    65.14247568292896
128    65.06756073428704
130    65.00712573054352
132    64.9610198760317
134    64.92872419331604
136    64.9101147455903
138    64.90512277748614
140    64.91311563865932
142    64.93256876937595
144    64.96102294216148
146    64.99502492617796
148    65.03006154447064
150    65.06105342510487
152    65.08334382327838
154    65.09369741949146
156    65.09078239976282
158    65.07505029067431
160    65.04830258205332
162    65.013142862389
164    64.97251119565365
166    64.92931065686882
168    64.88600617638363
170    64.84433588465365
173    64.786595863131
176    64.73433021613022
179    64.6849158280771
182    64.6344502840382
185    64.57933823943884
188    64.51721763333973
191    64.4472943867239
194    64.36992214176641
197    64.28605758469268
200    64.19706658242612
203    64.1045263906872
206    64.00996979493148
209    63.91485337570943
212    63.820563785989606
215    63.72833740826738
218    63.639255920398554
221    63.55426775672866
224    63.474160662483385
227    63.39948985328574
230    63.33049928739861
233    63.26714547000825
236    63.20913380602177
239    63.15584955842688
243    63.09046943995961
247    63.02911135177604
251    62.96913918467132
255    62.908227084908184
259    62.84464747866282
263    62.777420257508524
267    62.706254912776984
271    62.63135512828439
275    62.55323933683711
279    62.47254032823483
283    62.38991695381637
287    62.306066812031034
291    62.221647258542575
295    62.137164018649415
299    62.05298784839934
303    61.96941934087481
307    61.88667514661703
312    61.78461032432204
317    61.68426442162001
322    61.585718779033556
327    61.48883660551562
332    61.3934225538639
337    61.29922254756939
342    61.205912380341175
347    61.11325414425434
352    61.02127933067051
357    60.930429858506805
362    60.841739979665945
367    60.756894741795875
372    60.67808946479461
377    60.60786085894041
383    60.53887005346554
389    60.491212962193714
395    60.46903515990831
401    60.47490310135723
407    60.50929504575521
413    60.57040006270424
419    60.65435618273636
425    60.755902875128584
431    60.86909584534267
437    60.98807071956682
443    61.10759722476682
449    61.223358371607404
456    61.34923795277255
463    61.46171799946352
470    61.55860782148227
477    61.63921894174436
484    61.70431078608149
491    61.755885292182654
498    61.79690002746878
505    61.830704839775834
512    61.860386621961716
519    61.88841101348714
527    61.92069244742925
535    61.954950311944984
543    61.992096203196766
551    62.03214301014303
559    62.07449294985905
567    62.1182683960632
575    62.162560602799424
583    62.206468686700575
592    62.254352929114255
601    62.29973258530322
610    62.342116588053194
619    62.3815190438177
628    62.418193299296505
637    62.452176679740134
646    62.48316612882145
655    62.510658259989086
665    62.53647636192705
675    62.55695426028112
685    62.57234531745769
695    62.58353502661364
705    62.59173269890537
715    62.59810889413008
725    62.603662218467264
736    62.60955710963704
747    62.61531930204015
758    62.6203143521564
769    62.623422375365166
780    62.62352262278346
791    62.62022134607639
803    62.61404387945443
815    62.609094107779285
827    62.610626041832916
839    62.620749853939806
851    62.63699747397668
863    62.655706372383136
876    62.67660859421412
889    62.6986883218607
902    62.72350304718418
915    62.751573146369346
928    62.78252642884842
942    62.81869329772988
956    62.857616587261816
970    62.89925937128839
984    62.94352980923263
998    62.990196125916356
1010    63.03188213643631
1020    63.067719159281175
1030    63.104536066811015
1050    63.18110740036761
1070    63.26160803751003
1090    63.34640882620491
1110    63.436125940071705
1130    63.531725278399236
1150    63.63448530453301
1170    63.74518075955242
1190    63.86381185449692
1210    63.98976557075959
1230    64.12177953815691
1250    64.25802914512776
1270    64.39622465473374
1290    64.53397725446278
1310    64.66914077451393
1330    64.79999810070412
1350    64.92539914328401
1370    65.04473221691671
1390    65.15794298394744
1410    65.26537789154813
1430    65.36753225130747
1450    65.4652094096426
1470    65.559827080927
1490    65.65303348108583
1510    65.74613265900464
1530    65.83992976985844
1550    65.93494880280821
1570    66.03169830960519
1590    66.13061933330874
1610    66.23183783209986
1630    66.33545231768107
1650    66.44174882062757
1670    66.5510608353105
1690    66.66354747559276
1710    66.77927489709852
1730    66.8983610952414
1760    67.08327158961941
1790    67.27556061355781
1820    67.47459876369172
1850    67.67924903784538
1880    67.88886173572901
1910    68.10316506901088
1940    68.3212621384373
1970    68.54164312643778
2000    68.76309031550937
2030    68.98471846728398
2060    69.205580319925
2090    69.42510659259689
2120    69.6424776792743
2150    69.85566864575233
2180    70.06280343043939
2210    70.2627469266383
2240    70.45417735356027
2270    70.63508567185237
2300    70.80381590731724
2330    70.95933583722172
2360    71.10037727185136
2390    71.22522508344422
2420    71.33230461119557
2460    71.44609420644693
2500    71.52717399064244
2540    71.57595046875187
2580    71.59267577381229
2620    71.57822526664341
2660    71.53493166454092
2700    71.46665066487212
2740    71.37796671990267
2780    71.27289845916755
2820    71.15496136307215
2860    71.02752522077115
2900    70.89364788644669
2940    70.75603354187932
2980    70.61748652038256
3020    70.48115903589638
3060    70.3499913392678
3100    70.22603463797714
3150    70.08273463885631
3200    69.95265548810853
3250    69.83487860455475
3300    69.72685195078726
3350    69.6255964306474
3400    69.52939410176126
3450    69.43965747887077
3500    69.36265391570582
3550    69.30581618088156
3600    69.27249904933906
3650    69.26098646385837
3700    69.26560990834002
3750    69.2782555162665
3800    69.29035873249522
3860    69.29407631658384
3920    69.278943547484
3980    69.24427880127587
4040    69.195563719779
4100    69.1412957596416
4160    69.09062162242773
4220    69.0534035856214
4280    69.03853343720405
4340    69.05164875656288
4400    69.0954192940705
4460    69.16881774760593
4520    69.26784358506858
4590    69.40870175100697
4660    69.5661580952358
4730    69.72711341918719
4800    69.87924021816406
4870    70.01065401788955
4940    70.10944064965202
5010    70.16699742873237
5080    70.17996559190505
5150    70.15060189541119
5220    70.08640326480108
5300    69.98524098947908
5380    69.8758842707663
5460    69.78491580502873
5540    69.7426832023279
5620    69.7762429103183
5700    69.89005777352727
5780    70.03235476459065
5860    70.07870171756515
5950    69.84174446715562
6040    69.25140252145349
6130    68.47979265083431
6220    67.7735515047255
6310    67.27266046447428
6400    66.98895014713115
6490    66.87927193534469
6580    66.89781161962074
6680    67.02260524099648
6780    67.2061707041839
6880    67.39115746971024
6980    67.52447459829219
7080    67.5743774071374
7180    67.52830118945468
7280    67.3720472858127
7390    67.0496431411461
7500    66.56249340244322
7610    65.93529142184904
7720    65.21699237647358
7830    64.46063275944113
7940    63.71177269304289
8060    62.94156527850933
8180    62.24040436824993
8300    61.60743217130251
8420    61.03032535342945
8540    60.50156561861456
8660    60.032733160765616
8790    59.605343218448
8920    59.22840699571249
9050    58.850861607775606
9180    58.463619125099996
9310    58.075486008720965
9450    57.67215697351034
9590    57.324226258387725
9730    57.0652169653418
9870    56.91472182601083
10010    56.886294932051925
10160    57.00213887593053
10310    57.26936411322106
10460    57.67672737175248
10610    58.2117023121925
10760    58.8522279266484
10920    59.59887829022291
11080    60.332710036267414
11240    60.96138882925243
11400    61.402382283887476
11570    61.629303228631876
11740    61.64812650685917
11910    61.56253487580179
12080    61.50381430430313
12260    61.57776361789291
12440    61.81674652326149
12620    62.14093269720654
12800    62.3671765439558
12990    62.24493293516248
13180    61.592390995501205
13370    60.476050140997486
13560    59.10693447122946
13760    57.63906552048022
13960    56.329347812485736
14160    55.25533372014892
14370    54.40104703425558
14580    53.8406264471477
14790    53.5723676660752
15010    53.56848345632792
15230    53.89310124596345
15450    54.679457078822026
15670    55.86807047183341
15900    56.99404211994855
16130    57.29302194187872
16360    57.08629617486105
16600    57.53396222977001
16840    58.76388324628623
17080    59.76082839391551
17330    60.02299888914317
17580    59.98148056870603
17840    60.3437366962383
18100    61.091794332138605
18360    61.27760146480937
18630    60.04624545785923
18900    57.81596966785956
19170    55.48434847722025
19450    53.337597204991475
19730    51.67956879206001
20000    50.87420716526405
