20    66.78527968704833
20.3    66.80687342854239
20.6    66.82834442580531
20.9    66.84996380076456
21.2    66.87186088856866
21.5    66.89377247105281
21.8    66.91494545964504
22.1    66.93428982114557
22.4    66.95074087530188
22.7    66.96365662686327
23    66.97305572697691
23.3    66.9795975878634
23.6    66.98432711056304
23.9    66.98829995471023
24.2    66.99224425346674
24.6    66.99778109964902
25    67.00311194936614
25.4    67.0073859654853
25.8    67.0101098267638
26.2    67.01137051954993
26.6    67.01156948155739
27    67.01102639538779
27.4    67.00981858120483
27.8    67.00792694727718
28.2    67.00545850837169
28.6    67.00268494435882
29    66.9998704951434
29.4    66.99707308918195
29.8    66.99410424233062
30.2    66.99068006841412
30.6    66.98663199005199
31    66.98201815237223
31.5    66.97580078883271
32    66.96944620689297
32.5    66.96293677625478
33    66.95583901525936
33.5    66.94763770706508
34    66.93807668926516
34.5    66.92724398852252
35    66.91540694037607
35.5    66.90280034370396
36    66.88955743707558
36.5    66.8757719285685
37    66.86154648067725
37.5    66.84696028746427
38    66.83200185784955
38.6    66.8134033424553
39.2    66.7939190248442
39.8    66.77358697547666
40.4    66.75267547058267
41    66.731420366597
41.6    66.70977839724063
42.2    66.68749481922859
42.8    66.66442363710932
43.4    66.64070393358402
44    66.61655062791064
44.6    66.59194610547226
45.2    66.56669463626937
45.9    66.53645931052031
46.6    66.50604065968398
47.3    66.47617617782595
48    66.44695881086436
48.7    66.41791180336753
49.4    66.38844084756727
50.1    66.35792295667531
50.8    66.32567873311915
51.5    66.29120433384898
52.2    66.25446275787925
53    66.21036225586701
53.8    66.16525536358644
54.6    66.12055535390499
55.4    66.07759752240142
56.2    66.03724473284302
57    65.99933330341922
57.8    65.96305853126745
58.6    65.92801310418722
59.5    65.89027475214428
60.4    65.85456475661908
61.3    65.82075717492478
62.2    65.78834173369665
63.1    65.75641655037991
64    65.72389912745555
64.9    65.68980425066974
65.8    65.65339242778983
66.8    65.60968523407053
67.8    65.56239756650123
68.8    65.51178249025577
69.8    65.45835272109872
70.8    65.40266817304311
71.8    65.34522939971924
72.8    65.2863504141693
73.9    65.2199739144084
75    65.15170801136878
76.1    65.08112135009765
77.2    65.00755735234522
78.3    64.93041817297376
79.4    64.8495239351947
80.6    64.75731217592597
81.8    64.6615890706542
83    64.5629824982495
84.2    64.46196752540837
85.4    64.35876494536242
86.6    64.25316719943352
87.9    64.13528418005912
89.2    64.0125861059192
90.5    63.88394247875969
91.8    63.748920087034904
93.1    63.60837243663228
94.5    63.45396333287445
95.9    63.30224899904867
97.3    63.1616685259838
98.7    63.042597595892495
100    62.96088509614641
102    62.906804054645534
104    62.953711235873946
106    63.101412627414916
108    63.33145708673
110    63.61279307272611
112    63.91014913451143
114    64.19176993523317
116    64.43411690153464
118    64.62367353963403
120    64.75656205072947
122    64.8362688714671
124    64.87043268644013
126    64.8684218899476
128    64.83967439494074
130    64.79251516252768
132    64.73351141046257
134    64.66729496209223
136    64.5967992951492
138    64.5237972421969
140    64.44930966384003
142    64.37393182502572
144    64.29803904673227
146    64.22186775221464
148    64.14561186790529
150    64.06949218167476
152    63.993735553690854
154    63.918517228536
156    63.84394638273761
158    63.7700917896416
160    63.697008100562385
162    63.62473894361844
164    63.5532552775427
166    63.48244485299867
168    63.412147560646765
170    63.342161260591645
173    63.23719705118588
176    63.131548757666266
179    63.025207474111355
182    62.91925713083364
185    62.81536104026931
188    62.71529443882163
191    62.62078357395047
194    62.533567976862486
197    62.45553340521444
200    62.3887298491759
203    62.33481964863057
206    62.294337860647275
209    62.2666136864759
212    62.25002820155258
215    62.242082275068285
218    62.239536909901034
221    62.23881039859626
224    62.23641809918523
227    62.22931869607643
230    62.21521504957177
233    62.19279367569176
236    62.16169834798086
239    62.122258445345594
243    62.058200802060455
247    61.98369913552314
251    61.90168610358994
255    61.81461249459592
259    61.7245665150992
263    61.63328608316938
267    61.542014037758676
271    61.451477134850705
275    61.36201549811953
279    61.27372889948174
283    61.186524804093864
287    61.10023429824405
291    61.01470355270074
295    60.92981044452081
299    60.845483203532126
303    60.76179747843048
307    60.679027924658676
312    60.57734779175647
317    60.47814237592817
322    60.38169723919624
327    60.28794540177839
332    60.19646744721801
337    60.10655323888179
342    60.017321037353774
347    59.92788385950809
352    59.83751770506095
357    59.74574307949171
362    59.652424089190774
367    59.55791434390228
372    59.46306356664941
377    59.36908618916099
383    59.25959108154689
389    59.15670392866582
395    59.06427272089277
401    58.98641208001108
407    58.927147052668616
413    58.889974546059634
419    58.877062873687095
425    58.88853985567778
431    58.922332518887366
437    58.97451882936335
443    59.039820982144775
449    59.1124177991441
456    59.199338910325196
463    59.2827749908318
470    59.359364518440685
477    59.42859195633977
484    59.49174316004892
491    59.550627186020506
498    59.60665652821414
505    59.66054472046251
512    59.71249459331814
519    59.76279406055593
527    59.81938226298391
535    59.8768460665039
543    59.93691467210617
551    60.00072006567885
559    60.06863806995116
567    60.139986156763484
575    60.21283121199111
583    60.28452837450011
592    60.360861348303416
601    60.43071066181028
610    60.49368076090468
619    60.550509545372236
628    60.602325023455464
637    60.65018994981898
646    60.694986691020794
655    60.73727248421184
665    60.78158633525439
675    60.82317505969736
685    60.86229354276906
695    60.89977499990809
705    60.93705774944821
715    60.97576474861614
725    61.01706990131116
736    61.06610670878676
747    61.118806365841266
758    61.174555457098066
769    61.23261586670827
780    61.29251377837461
791    61.35399124997171
803    61.42279916322783
815    61.49361082085788
827    61.566759327386734
839    61.642539416539805
851    61.720927066392086
863    61.80171383285699
876    61.891576868879625
889    61.98358078652619
902    62.07769146532992
915    62.174116820948434
928    62.273089157746774
942    62.3827379169244
956    62.49564669952518
970    62.611642698802015
984    62.73032436932476
998    62.85101816164219
1010    62.95549939206862
1020    63.042930353217116
1030    63.13042108564976
1050    63.304787415569855
1070    63.477397967435095
1090    63.64752717373941
1110    63.81475281785434
1130    63.97907909649099
1150    64.14076160113741
1170    64.30023440791399
1190    64.45798661131235
1210    64.61440181619352
1230    64.76975130705415
1250    64.92429936454933
1270    65.07856018090922
1290    65.23295561226853
1310    65.38666735866698
1330    65.53832760690528
1350    65.68717787924814
1370    65.83283593905841
1390    65.97524178700098
1410    66.1146810809077
1430    66.25165494483005
1450    66.38659737314109
1470    66.51980010444993
1490    66.65150550830953
1510    66.78196506862528
1530    66.911476815415
1550    67.0404475490633
1570    67.16930699044669
1590    67.29832340046559
1610    67.42766318081162
1630    67.55742032170497
1650    67.68763178814696
1670    67.81834604900956
1690    67.9496352677002
1710    68.08162079939383
1730    68.21445544529308
1760    68.41544116524176
1790    68.61874204772784
1820    68.82460676970439
1850    69.03282815586245
1880    69.24303681703486
1910    69.45514656375398
1940    69.66907929934713
1970    69.88453081813296
2000    70.10111370531607
2030    70.31846627968531
2060    70.5363090912112
2090    70.75432555035187
2120    70.9720282509375
2150    71.18888109199641
2180    71.40444944598792
2210    71.61803308320805
2240    71.82867701345339
2270    72.03539769243741
2300    72.23750923144533
2330    72.43462958586169
2360    72.62618555590487
2390    72.8111941855192
2420    72.98846802132232
2460    73.21087411813497
2500    73.41557066511444
2540    73.60104970718498
2580    73.76640157317865
2620    73.91076103814859
2660    74.03260604634619
2700    74.13095228591638
2740    74.20564223425555
2780    74.25712396926579
2820    74.28630150464426
2860    74.29454439669387
2900    74.28369621623564
2940    74.25605248340065
2980    74.21385510392741
3020    74.15873142766662
3060    74.09210308614567
3100    74.01567048834224
3150    73.90930815132305
3200    73.7946382348057
3250    73.67475505365962
3300    73.55233945395071
3350    73.43020408499768
3400    73.31048786374217
3450    73.19467659549389
3500    73.08392739716953
3550    72.97980172558124
3600    72.88378830865528
3650    72.79649232072867
3700    72.71699573396397
3750    72.64214466090598
3800    72.56800569717268
3860    72.48329570559972
3920    72.42482744588143
3980    72.40932896643956
4040    72.41731717631087
4100    72.42230768596761
4160    72.41921025007103
4220    72.41284027485744
4280    72.40513800154224
4340    72.3940877987767
4400    72.37597877391684
4460    72.34691097675804
4520    72.30314211440273
4590    72.22947777586435
4660    72.12786745009214
4730    71.99439380391435
4800    71.82797882303534
4870    71.63022827221559
4940    71.40385468178147
5010    71.15331385643836
5080    70.88451437393469
5150    70.60304733394182
5220    70.3127814506301
5300    69.97266172506318
5380    69.62591552858959
5460    69.27752328247223
5540    68.9334394851164
5620    68.59877204616927
5700    68.27735925020038
5780    67.97187034615413
5860    67.68348395127312
5950    67.3790139073692
6040    67.09325400045283
6130    66.82557630562218
6220    66.58165961763206
6310    66.3730576022721
6400    66.21323071668334
6490    66.1130935798019
6580    66.07797150611233
6680    66.11392967416344
6780    66.21931910183443
6880    66.38231139617122
6980    66.59069075997598
7080    66.83165808946477
7180    67.09125907522872
7280    67.35069027119471
7390    67.60656657224301
7500    67.79667638004533
7610    67.8895276840299
7720    67.8659059688123
7830    67.72021288739174
7940    67.45696499794539
8060    67.04432615346988
8180    66.51085113065946
8300    65.87487052749938
8420    65.16638150302582
8540    64.41897376557617
8660    63.65982490727983
8790    62.84448823726011
8920    62.051903838072306
9050    61.29676664190362
9180    60.58997820214181
9310    59.93794403457923
9450    59.30040356645193
9590    58.731039061111375
9730    58.228484187065426
9870    57.79082196855367
10010    57.41861093319726
10160    57.092835940245294
10310    56.83925183637369
10460    56.66036567654708
10610    56.56837727176743
10760    56.563336421029014
10920    56.64412253223491
11080    56.81544520731093
11240    57.08514260912288
11400    57.45932609639787
11570    57.97860918080043
11740    58.6332961092714
11910    59.43309159416482
12080    60.38221742947196
12260    61.53268329551309
12440    62.75839374575619
12620    63.894745418727766
12800    64.70094177261606
12990    64.9611622711696
13180    64.57253750220569
13370    63.73011642867347
13560    62.716661547622294
13760    61.70209622587325
13960    60.87874886701786
14160    60.307598560766145
14370    60.00086746204448
14580    60.00550201243718
14790    60.345132827203955
15010    61.11338456800701
15230    62.40175086321965
15450    64.30737285764772
15670    66.55803719049312
15900    68.03789116247692
16130    67.23409094470878
16360    64.57532443399542
16600    61.602425257876405
16840    59.26151364421172
17080    57.49653956214082
17330    56.24488841313443
17580    55.53711442353131
17840    55.364921015262986
18100    55.8051880995277
18360    56.742736399963036
18630    57.54399021913416
18900    57.13838956645624
19170    55.17852416076597
19450    51.6991094587249
19730    47.182583759362885
20000    44.07545128365285
