20    71.17244685913127
20.3    71.18469264144841
20.6    71.19662253589416
20.9    71.20807683137795
21.2    71.21888954811942
21.5    71.22890592528083
21.8    71.2379878092539
22.1    71.24602643949225
22.4    71.25295096005848
22.7    71.2587278961607
23    71.26335812613297
23.3    71.26686514593845
23.6    71.2692820790998
23.9    71.27065090701652
24.2    71.27102905168778
24.6    71.2701340249468
25    71.26786611539893
25.4    71.26447728851647
25.8    71.26015385293664
26.2    71.25495781973805
26.6    71.24883730118337
27    71.24169479195896
27.4    71.23346035971359
27.8    71.22413162407082
28.2    71.21376752907432
28.6    71.20244721605563
29    71.19024203711477
29.4    71.17718475655218
29.8    71.16324604503657
30.2    71.14833166781311
30.6    71.1323141166952
31    71.11509382790834
31.5    71.09186454971612
32    71.06689552333884
32.5    71.04041474232591
33    71.01259390983273
33.5    70.98354985423533
34    70.95348218405778
34.5    70.92278248197869
35    70.89200157368306
35.5    70.86171871596314
36    70.83242300173939
36.5    70.80446314372227
37    70.77803656750854
37.5    70.75317773460876
38    70.72975149044082
38.6    70.7031118532756
39.2    70.67740994189035
39.8    70.65184877932685
40.4    70.62557424422243
41    70.59767761041877
41.6    70.56732235747896
42.2    70.53405895916298
42.8    70.49813129158636
43.4    70.46050182257682
44    70.42250445947391
44.6    70.38528404323787
45.2    70.349342937674
45.9    70.30872769577695
46.6    70.26862710751708
47.3    70.22813887060339
48    70.18652557204692
48.7    70.14311088021154
49.4    70.09737754242826
50.1    70.04920164146084
50.8    69.99900748300988
51.5    69.9477675902704
52.2    69.89680499973677
53    69.8406412135962
53.8    69.78831718158762
54.6    69.74091712994445
55.4    69.69855457230088
56.2    69.660204456158
57    69.62413027906311
57.8    69.58861708467269
58.6    69.55235510549124
59.5    69.50951644957848
60.4    69.46362848422399
61.3    69.41412343220696
62.2    69.36087735522125
63.1    69.30410979031046
64    69.24402912192458
64.9    69.18094639897981
65.8    69.11562306335841
66.8    69.04192448008615
67.8    68.96925509242635
68.8    68.8997691061858
69.8    68.83421574057867
70.8    68.77204542693622
71.8    68.71223005154599
72.8    68.65365618193519
73.9    68.58947527423231
75    68.52455563079738
76.1    68.45835163194673
77.2    68.39111721469433
78.3    68.3238769494035
79.4    68.25804067633908
80.6    68.18934228471296
81.8    68.12489685247883
83    68.06479999649062
84.2    68.00829937768776
85.4    67.95410545290034
86.6    67.90070348297786
87.9    67.84223524290908
89.2    67.78231442540891
90.5    67.72091678108973
91.8    67.65770833847864
93.1    67.59150020931737
94.5    67.51538413761449
95.9    67.43352120998489
97.3    67.34652135069915
98.7    67.25648499413074
100    67.17278789480545
102    67.04911944462572
104    66.93585611742363
106    66.83283228466027
108    66.7355040053142
110    66.63871990528422
112    66.53903631252602
114    66.43399172525594
116    66.32158240388557
118    66.20149079808382
120    66.07567856104978
122    65.94725879504551
124    65.8200232742922
126    65.69883536133503
128    65.59007517025337
130    65.5006957225394
132    65.43594027038301
134    65.39799933205526
136    65.38682486725975
138    65.40173723810054
140    65.4412363343412
142    65.50171683433098
144    65.57690448693862
146    65.65916254362149
148    65.74112295409319
150    65.81627019010085
152    65.87887477037926
154    65.92421860142076
156    65.94904933515913
158    65.95190117603676
160    65.9331823823093
162    65.89487336262263
164    65.8399740407366
166    65.77184492554815
168    65.69374608589251
170    65.60855075415543
173    65.47240930484395
176    65.33125955045215
179    65.1889080167339
182    65.04751699288911
185    64.90808934606011
188    64.77104833006068
191    64.63673166288254
194    64.50561491726012
197    64.37825387420062
200    64.25516055421679
203    64.13676153254471
206    64.02353418825433
209    63.91601692668334
212    63.814492043652876
215    63.71872812607186
218    63.62796381757988
221    63.54103097585047
224    63.456548617944776
227    63.37312653210523
230    63.28956833369786
233    63.205011397267604
236    63.11895800288879
239    63.03122526786197
243    62.911872477398745
247    62.790629450896134
251    62.66869705540133
255    62.547369907176595
259    62.42791155969282
263    62.311440468488826
267    62.19899200585864
271    62.0913369787346
275    61.98858553312798
279    61.89018846975432
283    61.79518418844674
287    61.70253447882989
291    61.61139394440698
295    61.52117152930434
299    61.43147886365633
303    61.34205947861434
307    61.25270181267163
312    61.140654131798144
317    61.02743663280252
322    60.9125031002076
327    60.79555655460171
332    60.67633055254914
337    60.55488831430036
342    60.431779911926924
347    60.308031931742455
352    60.18512582472595
357    60.06507844677453
362    59.95052845692793
367    59.84479670222878
372    59.75177674132746
377    59.67562000666984
383    59.61189145870158
389    59.58270964180216
395    59.58914020897785
401    59.62801360073933
407    59.69270400327289
413    59.77437797541354
419    59.86343100724156
425    59.95102470948367
431    60.030338249801076
437    60.097309161305915
443    60.150514362192055
449    60.1905432223607
456    60.222922982275705
463    60.24299747142439
470    60.25367330549713
477    60.257063090604234
484    60.25455822422758
491    60.24742717366553
498    60.23732777163565
505    60.226670254688635
512    60.21852604694198
519    60.21586987030412
527    60.22223466844055
535    60.23982688480359
543    60.2679297331093
551    60.304184249668026
559    60.345552324128406
567    60.38913725499482
575    60.43255808160765
583    60.47397287119027
592    60.51674179207069
601    60.554983406180554
610    60.58907833346756
619    60.61994360046907
628    60.64859232903814
637    60.67583173534399
646    60.70228764471486
655    60.728375633982274
665    60.757271175249656
675    60.78636905310065
685    60.81595203379659
695    60.84636075143965
705    60.87813427463091
715    60.911893846220465
725    60.94817691191699
736    60.99155763838804
747    61.038880132105135
758    61.09002620308893
769    61.144549082533544
780    61.20153983165281
791    61.259626320085644
803    61.32212830663519
815    61.38105030668925
827    61.433782978923475
839    61.47918214154305
851    61.518785703854775
863    61.55695063913984
876    61.60347124744483
889    61.661807575584874
902    61.735548751629295
915    61.82475578659816
928    61.92692599837801
942    62.047450218228406
956    62.17510720420087
970    62.30719584615526
984    62.442019026650634
998    62.57868681275342
1010    62.69700249451351
1020    62.79634563709084
1030    62.896318980477815
1050    63.09792537439517
1070    63.30139654651116
1090    63.50641035359919
1110    63.71285848797916
1130    63.92096361002252
1150    64.13089567076555
1170    64.34287667329451
1190    64.5565070837659
1210    64.77126144087126
1230    64.98721459252414
1250    65.20436794595912
1270    65.4220327791974
1290    65.63941945752828
1310    65.85595111548608
1330    66.07117511427164
1350    66.28460684577867
1370    66.49553044437587
1390    66.70333987621837
1410    66.90802720657544
1430    67.11012797601371
1450    67.31041855664913
1470    67.50964571449373
1490    67.7083688932317
1510    67.90695139993583
1530    68.10559677569441
1550    68.30442610013272
1570    68.5035517126378
1590    68.70298963027999
1610    68.902511124912
1630    69.10174481611456
1650    69.30032563429873
1670    69.497903258984
1690    69.6941243510087
1710    69.88861644715237
1730    70.08103855593025
1760    70.36520723118718
1790    70.64256620817352
1820    70.91068847778705
1850    71.16708922382384
1880    71.40926850389424
1910    71.63482661379815
1940    71.84150619485365
1970    72.0270013745291
2000    72.18919499479792
2030    72.32674981284887
2060    72.43896451684174
2090    72.5256586731136
2120    72.58710829709173
2150    72.62401372151757
2180    72.63739593210883
2210    72.62867719946212
2240    72.59981418481331
2270    72.55292489540727
2300    72.4901147412055
2330    72.41377476861817
2360    72.32652210745286
2390    72.23075933362075
2420    72.12854096304304
2460    71.9857459916879
2500    71.84007041019689
2540    71.69568104241279
2580    71.55611173309813
2620    71.42438254939518
2660    71.30304470866946
2700    71.1942932765243
2740    71.09975095500911
2780    71.02077166079522
2820    70.95870654627876
2860    70.91476627707783
2900    70.88984664219761
2940    70.88476429076243
2980    70.90040863368816
3020    70.9376272337874
3060    70.9974030556437
3100    71.08100062002377
3150    71.22077018053106
3200    71.40090501322177
3250    71.6225038336818
3300    71.88611641203859
3350    72.19100500650217
3400    72.53314524000449
3450    72.90241219161625
3500    73.28068231768266
3550    73.64112433154865
3600    73.95187921137284
3650    74.18567807012954
3700    74.33069751857528
3750    74.39634285021182
3800    74.41022282097697
3860    74.40772317987017
3920    74.43032403855983
3980    74.49699379208185
4040    74.5951870790008
4100    74.69310670037274
4160    74.75509764728241
4220    74.75189206347028
4280    74.66510884242747
4340    74.48910792981746
4400    74.22912469565225
4460    73.8979218376347
4520    73.51330796058016
4590    73.02362846999577
4660    72.51843454557633
4730    72.02286104193365
4800    71.5560939915686
4870    71.13153277895854
4940    70.75781201822011
5010    70.43935036930404
5080    70.17789250088288
5150    69.97403588324136
5220    69.82802386810998
5300    69.73289062871098
5380    69.71508722468327
5460    69.77552099437409
5540    69.9152641093375
5620    70.13477489252281
5700    70.43288159055248
5780    70.80969892548563
5860    71.27257979576235
5950    71.9113482365839
6040    72.66770309716605
6130    73.5052172384301
6220    74.39732601180563
6310    75.32360664719269
6400    76.2415882011878
6490    77.08217665972215
6580    77.76278807443082
6680    78.24076015159156
6780    78.37023471907216
6880    78.14573814147113
6980    77.59264631804216
7080    76.73598918945056
7180    75.59239937400258
7280    74.18576461399945
7390    72.3901941870171
7500    70.42421233066534
7610    68.3820736238898
7720    66.33820494784435
7830    64.34027433081143
7940    62.41075571465237
8060    60.38768252587792
8180    58.440357023620095
8300    56.55208709244536
8420    54.70689739051356
8540    52.89943202344189
8660    51.13744611167968
8790    49.31759386181069
8920    47.69447878088225
9050    46.45547205441768
9180    45.80561594511964
9310    45.859700209360625
9450    46.65788639573991
9590    47.981476627680955
9730    49.50461998699093
9870    50.97941786845013
10010    52.28936131288705
10160    53.46809128970409
10310    54.381723567867525
10460    54.97618282260652
10610    55.231893983223124
10760    55.21971790501176
10920    55.057513175470625
11080    54.883326487731175
11240    54.78054255917688
11400    54.79329968916235
11570    54.969009523829044
11740    55.31600450359379
11910    55.810418946384495
12080    56.38508865934058
12260    56.97087047850143
12440    57.42514461109923
12620    57.66486791793477
12800    57.65943646021823
12990    57.39747250149733
13180    56.87426808424007
13370    56.108978018014085
13560    55.220587715998825
13760    54.37081674300754
13960    53.777851734643605
14160    53.45514862789973
14370    53.35156733201205
14580    53.52486704483671
14790    54.050091469247995
15010    54.95165756587083
15230    56.09215598233763
15450    57.29105969715568
15670    58.30597992225006
15900    58.93048685376555
16130    59.04885434236295
16360    58.79351468183167
16600    58.23202222057732
16840    57.23024391465907
17080    55.576838028230256
17330    53.17303854495484
17580    50.30278628417754
17840    47.02292400394164
18100    43.49566448411793
18360    40.81856516778505
18630    41.83930580691795
18900    45.45647217848665
19170    47.52643503966027
19450    48.58881055355185
19730    49.806669416115284
20000    50.72621600585461
