20    64.64688509551173
20.3    64.69211040104337
20.6    64.73693552059508
20.9    64.78168145253113
21.2    64.82657294235932
21.5    64.87162066157214
21.8    64.91661474900143
22.1    64.96122195296071
22.4    65.00511464863769
22.7    65.04807020809923
23    65.08998989076409
23.3    65.13085137146456
23.6    65.1706461463256
23.9    65.20934893479168
24.2    65.24693201456074
24.6    65.29532298229412
25    65.34190584935754
25.4    65.3869310864393
25.8    65.43057449207882
26.2    65.47280437119028
26.6    65.513390271578
27    65.55203737566363
27.4    65.58851628483848
27.8    65.62266705652617
28.2    65.65431881762782
28.6    65.68327870078622
29    65.70945452975647
29.4    65.73303076543966
29.8    65.75454923684376
30.2    65.77479408240609
30.6    65.79452447778817
31    65.81421914117439
31.5    65.83890001132943
32    65.86325722338773
32.5    65.88673190782916
33    65.90890160953111
33.5    65.92952270777118
34    65.94846249506486
34.5    65.96568242235952
35    65.98125556653272
35.5    65.99534007415147
36    66.00808474971137
36.5    66.01955746297871
37    66.02979847365205
37.5    66.0389936355038
38    66.04761176004007
38.6    66.05812282742136
39.2    66.06963678242846
39.8    66.08222058647851
40.4    66.0955049517396
41    66.10968392033138
41.6    66.12584175888591
42.2    66.14531318000971
42.8    66.16907854613984
43.4    66.19762397854048
44    66.2306642350778
44.6    66.26676639720321
45.2    66.3035396487312
45.9    66.34333415599563
46.6    66.37427962549681
47.3    66.38997105566685
48    66.38726102493814
48.7    66.37045442049798
49.4    66.3495617486426
50.1    66.33388849771707
50.8    66.32805045930337
51.5    66.3324905790918
52.2    66.34507201929735
53    66.36492081790763
53.8    66.38647374654605
54.6    66.40906606763743
55.4    66.43426654968437
56.2    66.46232732591884
57    66.49120866465906
57.8    66.51774642104544
58.6    66.5388346594685
59.5    66.55346970700629
60.4    66.55770221843736
61.3    66.55242488299483
62.2    66.53958666968714
63.1    66.52162832385241
64    66.50077431361825
64.9    66.47845754649842
65.8    66.45552843450463
66.8    66.4304132876946
67.8    66.40684186193016
68.8    66.38515862259953
69.8    66.36481455912376
70.8    66.34515651439304
71.8    66.32578139346768
72.8    66.30640565206983
73.9    66.28484635537336
75    66.26290852675919
76.1    66.24058842616992
77.2    66.21799195853004
78.3    66.19538008326751
79.4    66.17321633275759
80.6    66.15044873981824
81.8    66.13041647345015
83    66.11423062015767
84.2    66.10259473944234
85.4    66.0957291746453
86.6    66.09314741402936
87.9    66.09377561176409
89.2    66.0957551598561
90.5    66.09639834796809
91.8    66.09302701546588
93.1    66.08337457442579
94.5    66.0643255237888
95.9    66.0358980283045
97.3    65.9986749755612
98.7    65.95369735565953
100    65.9060724504813
102    65.82436988957068
104    65.7353224814038
106    65.6403452760861
108    65.53977852357902
110    65.4337764953814
112    65.32273418048345
114    65.20778360338332
116    65.09122180906934
118    64.9762238533456
120    64.86638808597309
122    64.76508637924081
124    64.67420307484356
126    64.59255839080791
128    64.51392042206994
130    64.4268896609217
132    64.32260084454265
134    64.20779868127157
136    64.10449838117465
138    64.03820897315595
140    64.02901583767485
142    64.0880347132776
144    64.21666139831774
146    64.40688000256668
148    64.642658870361
150    64.90243030010203
152    65.16245205536771
154    65.40003860444361
156    65.59622991288597
158    65.73819904315988
160    65.82152371170395
162    65.85209727672236
164    65.84621132672262
166    65.82452633606351
168    65.80132002325205
170    65.78037068316564
173    65.7463342505705
176    65.69841178153385
179    65.63159377422295
182    65.54740162946007
185    65.45059282900249
188    65.34654928228207
191    65.23987585086613
194    65.13380848431747
197    65.03010938336686
200    64.92931892049427
203    64.83136819402964
206    64.73607104038716
209    64.64322622991338
212    64.55256579604324
215    64.46372733036726
218    64.37629892529874
221    64.28993437059702
224    64.20440120897442
227    64.1195689267294
230    64.03541404434232
233    63.952046039698985
236    63.869700013274084
239    63.788684944145885
243    63.683364329684665
247    63.58198784369253
251    63.485526270705726
255    63.3948215083241
259    63.31036926480627
263    63.2321583062033
267    63.15944718591533
271    63.09074107928237
275    63.02409517454428
279    62.9574774127927
283    62.88914056774338
287    62.817919268427715
291    62.743392251735344
295    62.665816446985446
299    62.58582820673753
303    62.504159891180194
307    62.421447491797764
312    62.31736992931647
317    62.21333596551701
322    62.10994830333737
327    62.00745769734408
332    61.90585840968238
337    61.80505345398462
342    61.7048695741783
347    61.60505729161355
352    61.50545927302197
357    61.406076445757904
362    61.30703404598554
367    61.20865584409457
372    61.11161815916359
377    61.01705720041505
383    60.90908454660499
389    60.810159996525385
395    60.72365455697803
401    60.65268538666956
407    60.599554309179304
413    60.56514380852504
419    60.54864011381544
425    60.547693304132316
431    60.55887227142986
437    60.57820276116118
443    60.6017539353965
449    60.626205846938106
456    60.65275938454582
463    60.675204710740445
470    60.692787755403224
477    60.70556985036329
484    60.71403743514327
491    60.71897075283535
498    60.72140015104907
505    60.72249949962131
512    60.72353734070235
519    60.72576294925943
527    60.73098772586582
535    60.73976452968208
543    60.752230409918624
551    60.768114457975464
559    60.78690136215238
567    60.80803257535372
575    60.83100050664843
583    60.8553124362531
592    60.88361114305894
601    60.912318684406955
610    60.94138184245924
619    60.971492170534304
628    61.0038188034941
637    61.03976090483478
646    61.080549051078165
655    61.1267207091186
665    61.183877445455366
675    61.24582418842219
685    61.31067239140026
695    61.37634581251443
705    61.440997615464724
715    61.50334342198016
725    61.56250715764541
736    61.62332181379831
747    61.67959811679868
758    61.731778144997904
769    61.78084736863042
780    61.82821945261756
791    61.87522169784393
803    61.927127581594505
815    61.98050274511781
827    62.036033631707944
839    62.09419708074341
851    62.155053253564375
863    62.218321037939425
876    62.28940934008821
889    62.36336191114772
902    62.440444204727406
915    62.52070858904979
928    62.60410438172795
942    62.69733448505716
956    62.793941340495266
970    62.89345423613551
984    62.99527529525358
998    63.09899271428644
1010    63.18927011713643
1020    63.265373379941664
1030    63.34215374644468
1050    63.497515674563324
1070    63.65536364951414
1090    63.81565220370568
1110    63.97835677223611
1130    64.14363374479451
1150    64.31179145210261
1170    64.48339453624227
1190    64.6584835716503
1210    64.83419918588089
1230    65.00191098410839
1250    65.14749774957394
1270    65.25759559981728
1290    65.33196030969306
1310    65.38939541004001
1330    65.45640988997486
1350    65.55363389579526
1370    65.68924600308694
1390    65.85623003677782
1410    66.03983714500164
1430    66.22816219222443
1450    66.41612371712593
1470    66.60386594029222
1490    66.79431154096719
1510    66.99195649693335
1530    67.20242154134766
1550    67.43220592102875
1570    67.68826786468985
1590    67.97711457748733
1610    68.30331214889156
1630    68.66719754075885
1650    69.06380208125731
1670    69.48304216853077
1690    69.91091249184885
1710    70.3315146446356
1730    70.72997566971657
1760    71.26510389350989
1790    71.71606294752195
1820    72.09410899511491
1850    72.4208960451553
1880    72.71625339923152
1910    72.99371739481782
1940    73.26103850420051
1970    73.52168671495149
2000    73.77611819032404
2030    74.02292767818916
2060    74.25964206894
2090    74.48327898750225
2120    74.69015291753509
2150    74.87658338974155
2180    75.03976546789042
2210    75.17722856232214
2240    75.28686684432515
2270    75.36692877024686
2300    75.41639124235166
2330    75.43564804765163
2360    75.42610475987395
2390    75.38931701057982
2420    75.32702302407748
2460    75.20921657044099
2500    75.05991262028596
2540    74.88638095553802
2580    74.69468085447322
2620    74.49024975063435
2660    74.2781245551523
2700    74.06337435799094
2740    73.85023689926065
2780    73.64187145307551
2820    73.44052162993442
2860    73.24759392940405
2900    73.06435730832733
2940    72.89231628460178
2980    72.73320062395919
3020    72.58808672517696
3060    72.45707515250197
3100    72.33952995864847
3150    72.21029077922226
3200    72.1005513319516
3250    72.01156829994764
3300    71.94463379565047
3350    71.90050538549683
3400    71.87932200303308
3450    71.88106440799274
3500    71.90744377118972
3550    71.96066064183506
3600    72.04144457092775
3650    72.14910579335412
3700    72.28292442197693
3750    72.4428214955881
3800    72.62943556368222
3860    72.88897575919991
3920    73.18509225260772
3980    73.51421683665662
4040    73.87073520751902
4100    74.24417863226763
4160    74.6179652925916
4220    74.96877861804043
4280    75.26640898800684
4340    75.47888600359335
4400    75.58015892533527
4460    75.55617429181778
4520    75.40909159850054
4590    75.10576074529168
4660    74.69575501389036
4730    74.19757816037034
4800    73.6042214425764
4870    72.90481587037681
4940    72.11160994845352
5010    71.26381571222643
5080    70.40897520493324
5150    69.58269747109725
5220    68.8035742978945
5300    67.98038311543876
5380    67.23071293989287
5460    66.55297447128171
5540    65.94360592751984
5620    65.39700733100152
5700    64.90720542148338
5780    64.47249288507595
5860    64.09679219186337
5950    63.74439160729732
6040    63.447084753514176
6130    63.18813835258634
6220    62.97200188694779
6310    62.80551189019895
6400    62.688475792555465
6490    62.619048784665736
6580    62.59652000085429
6680    62.626042853488215
6780    62.71356023200758
6880    62.861005849639156
6980    63.07010362420592
7080    63.34088142763714
7180    63.67204657746646
7280    64.06087457192206
7390    64.54756317170265
7500    65.07963615535886
7610    65.63336796521246
7720    66.17420506487579
7830    66.65103587650755
7940    67.00224364681905
8060    67.18053791957956
8180    67.1159615102232
8300    66.82437424991284
8420    66.35793754594715
8540    65.78211627930584
8660    65.158031844607
8790    64.48662107343884
8920    63.869485434793376
9050    63.3414047692725
9180    62.924230290828746
9310    62.63414777113222
9450    62.47517274888571
9590    62.47905840754467
9730    62.646602879362895
9870    62.97167407883079
10010    63.44173743205243
10160    64.08951388928833
10310    64.87088270031698
10460    65.77702779041749
10610    66.79770575410873
10760    67.89497425171444
10920    69.0553018700194
11080    70.0613524624129
11240    70.76410559944725
11400    71.08949865070204
11570    71.06829733885266
11740    70.80145135353256
11910    70.39820037051746
12080    69.8860446010829
12260    69.19407075975657
12440    68.29882672506056
12620    67.17544172392334
12800    65.87213859571992
12990    64.40859299210601
13180    62.96319623511866
13370    61.61325159471319
13560    60.40264179922618
13760    59.303486830523504
13960    58.40062576239623
14160    57.708996569526654
14370    57.22790803822157
14580    57.018170670867576
14790    57.08114045155368
15010    57.324824305349736
15230    57.42219367950314
15450    57.0058822809506
15670    55.92141315965691
15900    53.99958433633634
16130    51.27476895010052
16360    48.16643144803243
16600    45.01423284359011
16840    42.10613251037584
17080    39.51408950235604
17330    37.13230849152265
17580    34.983481659415176
17840    32.935836727438044
18100    30.96018324052364
18360    28.92804549386669
18630    28.99429782854986
18900    33.2169187898166
19170    38.16554687788421
19450    41.188038400509626
19730    42.65220061256481
20000    43.14904966524799
