20    69.88307481349483
20.3    69.91601398243823
20.6    69.94837480333152
20.9    69.97979979923545
21.2    70.00974237967813
21.5    70.03784497137809
21.8    70.06430969773467
22.1    70.08999438727443
22.4    70.11620025396434
22.7    70.14409626646716
23    70.17408105772603
23.3    70.20540078009779
23.6    70.2362219305098
23.9    70.26417674546683
24.2    70.2871638109722
24.6    70.308313236878
25    70.31920097796393
25.4    70.32284649967403
25.8    70.32321758976954
26.2    70.32345756224959
26.6    70.32510424421183
27    70.3284095520994
27.4    70.33305519126702
27.8    70.33860243388543
28.2    70.34451640734416
28.6    70.35008603553092
29    70.35451905207412
29.4    70.3571955799464
29.8    70.35789825764094
30.2    70.35675309311577
30.6    70.35401398082294
31    70.34989082826348
31.5    70.34305697156337
32    70.33487024977754
32.5    70.32620635860857
33    70.31791927716759
33.5    70.31032828559464
34    70.30312041095527
34.5    70.29570068713947
35    70.28754209577791
35.5    70.27824014063461
36    70.2674323032022
36.5    70.25482978644777
37    70.24039535788174
37.5    70.22445730618463
38    70.20760825916129
38.6    70.18704458115343
39.2    70.16688174204285
39.8    70.14772967197739
40.4    70.13006393342758
41    70.11411510500616
41.6    70.09967269635911
42.2    70.08628485402781
42.8    70.0737733869116
43.4    70.06240260050518
44    70.05248292613749
44.6    70.04381099803336
45.2    70.03554134211298
45.9    70.02481313917238
46.6    70.01122707726574
47.3    69.99353960836117
48    69.97115156477705
48.7    69.94384828665804
49.4    69.91162107966899
50.1    69.87497034745715
50.8    69.83524140457894
51.5    69.79422316308457
52.2    69.7534032375745
53    69.70798129493548
53.8    69.66403428976972
54.6    69.62109117818608
55.4    69.57816927050513
56.2    69.5340090839509
57    69.48778461015866
57.8    69.43953704728855
58.6    69.38983969200173
59.5    69.33319661529958
60.4    69.27690520784729
61.3    69.22169712058016
62.2    69.1676370703947
63.1    69.11442905123087
64    69.06166672329547
64.9    69.00899148754127
65.8    68.95610133627838
66.8    68.89669206911466
67.8    68.83615009507824
68.8    68.7740663910954
69.8    68.71020824768279
70.8    68.64432611722123
71.8    68.57611001354479
72.8    68.50545810861209
73.9    68.42524376312052
75    68.34313738047385
76.1    68.25993429173045
77.2    68.17623379723528
78.3    68.0923051637136
79.4    68.00818366137759
80.6    67.9160683316233
81.8    67.823418114834
83    67.73011496345629
84.2    67.63614622712741
85.4    67.54161020232499
86.6    67.44655849325147
87.9    67.34287620482039
89.2    67.23827383286522
90.5    67.13256895255792
91.8    67.02556720315297
93.1    66.91714559859611
94.5    66.79881196498832
95.9    66.67899107190566
97.3    66.55782828703374
98.7    66.43533204339906
100    66.32027238812248
102    66.14028569186432
104    65.95606551755529
106    65.76750332312137
108    65.57484019582594
110    65.37844758146474
112    65.17861616182536
114    64.9752926261553
116    64.76806910133712
118    64.55629107317101
120    64.33924903547847
122    64.11656243969978
124    63.888700313645586
126    63.65766220815924
128    63.427790325892666
130    63.2061435854575
132    63.00201607059725
134    62.82620807244531
136    62.68981374941085
138    62.60280207230452
140    62.572437835914116
142    62.60182441457269
144    62.68901397656536
146    62.827042085805715
148    63.00456245408684
150    63.20788031363597
152    63.423090261283804
154    63.637590964372926
156    63.840717365696136
158    64.02397761144564
160    64.1811077986844
162    64.30796256321216
164    64.4022989257422
166    64.46372581958398
168    64.49350555332767
170    64.49412227130607
173    64.44762477168638
176    64.35546787821247
179    64.23049487002142
182    64.08464243462797
185    63.92780106344162
188    63.7674581341502
191    63.60934715105394
194    63.45754288513051
197    63.313960610804855
200    63.178645954876266
203    63.05090783492564
206    62.92997546221878
209    62.81560855616742
212    62.70829469913825
215    62.60811773118071
218    62.513751519268666
221    62.423730786201205
224    62.33753773852199
227    62.255375233814135
230    62.177465974642004
233    62.10358677413171
236    62.03334467843841
239    61.96642129666333
243    61.881809160381536
247    61.80166971067126
251    61.725149509473425
255    61.65191142051887
259    61.58218586607064
263    61.516377276351236
267    61.45449985474867
271    61.39614346886859
275    61.34108228653233
279    61.289482671179925
283    61.241490141661686
287    61.196907041688235
291    61.15545517921285
295    61.11702609615505
299    61.081670318871794
303    61.04951912223561
307    61.02074243150197
312    60.98989415638566
317    60.96517864481358
322    60.94672799137939
327    60.934415836502986
332    60.927922278824525
337    60.92651963088426
342    60.92888669472386
347    60.93348911627213
352    60.93906845785841
357    60.94445916727597
362    60.94846887674015
367    60.95040244481995
372    60.95062765847349
377    60.950618620631914
383    60.95355412689614
389    60.96410229747334
395    60.98665902069655
401    61.024816990538284
407    61.080406904929944
413    61.153763482434314
419    61.24401112876872
425    61.34924603669862
431    61.46656347062431
437    61.59248033663036
443    61.72373316874331
449    61.85758914947117
456    62.0139488079527
463    62.16727513639055
470    62.31439451570732
477    62.45294956430752
484    62.58115504663047
491    62.69776244486286
498    62.80242592994777
505    62.89592748283121
512    62.97976375541077
519    63.05548934030548
527    63.13375948961304
535    63.20482549366025
543    63.27058585371017
551    63.332740566682645
559    63.39228285207266
567    63.44969760752252
575    63.50536064276949
583    63.5596085177821
592    63.61924120002254
601    63.6775156585654
610    63.734246758405604
619    63.788833546788155
628    63.84051337441662
637    63.888658241540725
646    63.933040010869746
655    63.97392568158382
665    64.01592109800056
675    64.05511698131059
685    64.09240056833623
695    64.12878042212624
705    64.16543294224036
715    64.20348578643649
725    64.24371062121364
736    64.29069321873567
747    64.34031949627501
758    64.39233891239152
769    64.44658391570997
780    64.50292571880655
791    64.5611471277474
803    64.62638802916166
815    64.6928880710316
827    64.75993573507589
839    64.8266057441481
851    64.89243647122353
863    64.95767191269081
876    65.0282591777123
889    65.09914333069807
902    65.17057497619032
915    65.24311168508589
928    65.31742223139636
942    65.40038656903096
956    65.48723610165266
970    65.57757397575094
984    65.6703432409336
998    65.76459006333009
1010    65.84592905528716
1020    65.91378994631164
1030    65.98152826821017
1050    66.11618016219995
1070    66.24942718560413
1090    66.38121740611535
1110    66.51114384476679
1130    66.63819479378361
1150    66.76132973668045
1170    66.88066372680134
1190    66.9972168678612
1210    67.11172465245713
1230    67.22438453165337
1250    67.33505694526171
1270    67.44305108300358
1290    67.54828752201149
1310    67.65143568149418
1330    67.75279942696747
1350    67.85234319585794
1370    67.95054836299079
1390    68.04770383614591
1410    68.14306319977291
1430    68.23589293701664
1450    68.32639590074209
1470    68.41550964126219
1490    68.5035431395969
1510    68.59029428066611
1530    68.6758662014858
1550    68.76082043603478
1570    68.84585924002604
1590    68.93171433098092
1610    69.01826189116088
1630    69.10500387539403
1650    69.19173182842364
1670    69.27857676052083
1690    69.3657661012839
1710    69.45331783422355
1730    69.54127185532664
1760    69.67475586909558
1790    69.81157746496055
1820    69.95255320615642
1850    70.09720658584347
1880    70.24475632602037
1910    70.396150411271
1940    70.55189399691388
1970    70.71157330044358
2000    70.87363230780821
2030    71.03628618608072
2060    71.20035370586567
2090    71.36642538174164
2120    71.53452826032665
2150    71.70442751867635
2180    71.87475172273497
2210    72.04378804301442
2240    72.21218377693657
2270    72.38062267605042
2300    72.54831637187911
2330    72.71454110542042
2360    72.87874863431259
2390    73.03933679791203
2420    73.19282011894717
2460    73.38591095449385
2500    73.56807460284995
2540    73.73747961938565
2580    73.89144180639794
2620    74.02823461165752
2660    74.14632098512568
2700    74.24583139534563
2740    74.32579493426391
2780    74.38544525009769
2820    74.42439480631975
2860    74.4430187793914
2900    74.44147791453327
2940    74.42131098544183
2980    74.38604679634835
3020    74.33539529589338
3060    74.26945210163186
3100    74.19130971237144
3150    74.08029547082904
3200    73.95735496777746
3250    73.82575292673087
3300    73.68915455486106
3350    73.55154055061257
3400    73.41564998181701
3450    73.28151780858653
3500    73.15030931065783
3550    73.02607721188221
3600    72.91025279622258
3650    72.80334434481901
3700    72.70642466637833
3750    72.6207201932962
3800    72.54635574092464
3860    72.47244429489274
3920    72.41850925700257
3980    72.38229371134351
4040    72.35938912638048
4100    72.35263867252817
4160    72.3666321050965
4220    72.40042555847556
4280    72.45072319873623
4340    72.51537850023607
4400    72.59134460233288
4460    72.67588528270318
4520    72.76611527598041
4590    72.87191591158955
4660    72.97295372067583
4730    73.06410764220968
4800    73.13358724181943
4870    73.16801055909119
4940    73.16711466150664
5010    73.13155657706184
5080    73.06045808776659
5150    72.95358828151446
5220    72.81825980360126
5300    72.6352894050931
5380    72.43299692287968
5460    72.22810258646965
5540    72.03831790061892
5620    71.87420314273072
5700    71.74934600670946
5780    71.68171539930273
5860    71.67293809805673
5950    71.72493191506896
6040    71.81633883548515
6130    71.9246409292289
6220    72.03262107874966
6310    72.11123362391761
6400    72.14880959528278
6490    72.1469543928709
6580    72.12111627542333
6680    72.08434630042873
6780    72.05523180774028
6880    72.04100342062384
6980    72.0436005400172
7080    72.0643867109325
7180    72.08851415135959
7280    72.09596998811853
7390    72.06283471780102
7500    71.95897392715905
7610    71.7588386323001
7720    71.45679951479835
7830    71.07225772656784
7940    70.62380204121678
8060    70.06963206249858
8180    69.47577217150769
8300    68.88152137275179
8420    68.30673799196039
8540    67.76484959832038
8660    67.2658909402841
8790    66.78072672923922
8920    66.36121906734377
9050    65.99739914280974
9180    65.69104868804025
9310    65.4320238387227
9450    65.19889742069654
9590    65.00897902635765
9730    64.83781902906797
9870    64.67878301813403
10010    64.5269377795878
10160    64.36546130439693
10310    64.20348599239729
10460    64.04340979623932
10610    63.91519371725228
10760    63.854099446796276
10920    63.861766976373275
11080    63.96808927852015
11240    64.20692959968267
11400    64.56313483388521
11570    65.06379410827589
11740    65.6180426027544
11910    66.19310214294424
12080    66.77242044536403
12260    67.37376392198712
12440    67.92950370596552
12620    68.40253597085558
12800    68.76977683380389
12990    68.9349696375605
13180    68.9772452159167
13370    68.46899803405162
13560    67.46205019626231
13760    66.05225141566473
13960    64.59380493903524
14160    63.400147271776945
14370    62.413696089295314
14580    61.839209312955724
14790    61.519169798483645
15010    61.38968042619126
15230    61.46007667143322
15450    61.71412425881351
15670    62.09647130219451
15900    62.47319932128466
16130    62.56177506389799
16360    62.26750513367013
16600    61.463875911047616
16840    60.09374211717258
17080    58.44148556732782
17330    56.76660933665329
17580    55.3011702096652
17840    54.00405602166144
18100    53.0289276047657
18360    53.52283138883864
18630    56.26124711966514
18900    58.627287892566116
19170    59.27305372919726
19450    58.49277134153131
19730    56.761107708916356
20000    56.56058990189365
