20    65.34417868889649
20.3    65.38629628256106
20.6    65.42764600821343
20.9    65.46795523200703
21.2    65.50682060179803
21.5    65.5438047480322
21.8    65.57856457491113
22.1    65.61095269106767
22.4    65.6410654226544
22.7    65.66921475442545
23    65.69583667062534
23.3    65.72137172448058
23.6    65.74616064183252
23.9    65.7703831394082
24.2    65.79405020661035
24.6    65.82453080280914
25    65.85342019757871
25.4    65.8804383666114
25.8    65.9055312238088
26.2    65.92885421008833
26.6    65.95067667942332
27    65.97127213992201
27.4    65.9908536896127
27.8    66.00956827756336
28.2    66.02751153315546
28.6    66.04473626905488
29    66.0612551113411
29.4    66.07703785070314
29.8    66.09202138240562
30.2    66.1061323285192
30.6    66.1193122496165
31    66.13153273425033
31.5    66.14546311382156
32    66.15794313383742
32.5    66.16904535556904
33    66.1788530784678
33.5    66.18745755944822
34    66.19494477122228
34.5    66.20138052310907
35    66.20681586855522
35.5    66.21130131018634
36    66.21490148824762
36.5    66.217691716671
37    66.21973869512793
37.5    66.22108420319904
38    66.2217439810033
38.6    66.22163517550597
39.2    66.22055619641465
39.8    66.21854025689804
40.4    66.21563853087261
41    66.21191011889371
41.6    66.20740987173022
42.2    66.20218477958305
42.8    66.19628482546554
43.4    66.18976655565339
44    66.18268214184869
44.6    66.1750748880263
45.2    66.16698674780727
45.9    66.15699082804042
46.6    66.14639990842628
47.3    66.13513427210125
48    66.12302229037243
48.7    66.10985758311986
49.4    66.09552029260641
50.1    66.08003577473525
50.8    66.06343141624838
51.5    66.04557790276542
52.2    66.0262650784598
53    66.0022539189066
53.8    65.97618708444668
54.6    65.94825194333978
55.4    65.9188329935217
56.2    65.88842429669158
57    65.85756333934425
57.8    65.82666122758732
58.6    65.79565250903136
59.5    65.75999231391847
60.4    65.72282482242767
61.3    65.68379869746968
62.2    65.64278434793755
63.1    65.59981619618819
64    65.55509262807769
64.9    65.50894643224028
65.8    65.46183270620914
66.8    65.40909539103453
67.8    65.35703004428788
68.8    65.30704711419318
69.8    65.26075599984111
70.8    65.2196755600724
71.8    65.18481727406632
72.8    65.1562963900549
73.9    65.13101324446289
75    65.10943378194386
76.1    65.08800019425877
77.2    65.06310575646918
78.3    65.03177535605687
79.4    64.99219899861785
80.6    64.93930510714665
81.8    64.87800912513971
83    64.81195964619849
84.2    64.74600742717516
85.4    64.68540602757346
86.6    64.63501879890049
87.9    64.5962007540177
89.2    64.5760709013851
90.5    64.57430886305066
91.8    64.58817259808835
93.1    64.61354479464902
94.5    64.64898913504825
95.9    64.6890815961946
97.3    64.73181293029862
98.7    64.77670348158532
100    64.820414428254
102    64.8906872982686
104    64.96096124090215
106    65.0244790538028
108    65.07443945760127
110    65.10680968489004
112    65.12124668418285
114    65.11990202708165
116    65.10578468176041
118    65.08157621017102
120    65.04902634970131
122    65.0095524077808
124    64.96564069822176
126    64.91977530645471
128    64.8735429088178
130    64.827647634553
132    64.78225864791614
134    64.73732483483592
136    64.69268729115453
138    64.64806747468037
140    64.60313774108133
142    64.55760165624778
144    64.51125516831435
146    64.46400916623728
148    64.41585947026988
150    64.3669179613014
152    64.31745959892385
154    64.26794653550493
156    64.21900725407845
158    64.17137856944292
160    64.1258238478197
162    64.08299407721998
164    64.04329065203794
166    64.00681219650495
168    63.973335419884535
170    63.94234650509095
173    63.89882262762018
176    63.856156152944806
179    63.811696579609546
182    63.76362702705184
185    63.711088256530005
188    63.65406808252054
191    63.59312860123688
194    63.529139484581094
197    63.46301077055038
200    63.39555060786002
203    63.327411506404246
206    63.25900364972446
209    63.190486936250494
212    63.12180814810419
215    63.05277706223151
218    62.983231075620154
221    62.91318851658833
224    62.842860524100516
227    62.77241405357269
230    62.701782354917356
233    62.63084587772002
236    62.559633185729055
239    62.48838628307101
243    62.39376573625729
247    62.29995593074208
251    62.20716288671794
255    62.11527252263144
259    62.02394314572038
263    61.9328490125901
267    61.84173729194994
271    61.750382642920435
275    61.658607367869045
279    61.566288166231814
283    61.47336159732835
287    61.379870474350845
291    61.285951914413374
295    61.191759342197514
299    61.09742562978028
303    61.00310616622278
307    60.909002455508585
312    60.79196076435855
317    60.6757973138743
322    60.56071301744926
327    60.44704942228577
332    60.335248249875185
337    60.225565167148346
342    60.11801932590522
347    60.01255866645984
352    59.90911672613847
357    59.80763661411265
362    59.708142931491906
367    59.610765842684295
372    59.51570080419903
377    59.423208187956064
383    59.31629852043927
389    59.215279597500896
395    59.122612769171134
401    59.04194618106487
407    58.97777371711876
413    58.93471055188199
419    58.91662746435412
425    58.92588705311927
431    58.962879592689916
437    59.02601920530857
443    59.112132014109015
449    59.2169503755423
456    59.35629759166687
463    59.50647228822556
470    59.6603974772392
477    59.8119348374825
484    59.95548991364564
491    60.086041453571895
498    60.19931408922905
505    60.292272970829
512    60.36371232865779
519    60.4148708132141
527    60.45358140240772
535    60.47951882750213
543    60.50182575704656
551    60.52746378369082
559    60.5589643456321
567    60.59518686950119
575    60.635276546415724
583    60.68154325775085
592    60.74349998246153
601    60.811982855123944
610    60.87702826498009
619    60.92733269195179
628    60.95538237100051
637    60.96314205660549
646    60.96302563693342
655    60.96903504846934
665    60.989973779251535
675    61.023009411058794
685    61.06190591477214
695    61.101881169400265
705    61.140597033832776
715    61.17750415881498
725    61.212997213465286
736    61.251441089409084
747    61.290468709570135
758    61.33091293445325
769    61.37318227872109
780    61.41748489047865
791    61.4640462194768
803    61.51774534324334
815    61.57485462393922
827    61.63573493794708
839    61.70066138407594
851    61.76984222806205
863    61.843459192636445
876    61.92834222350764
889    62.01845772523026
902    62.1133791694483
915    62.21253356314678
928    62.31550860572245
942    62.43044653488279
956    62.549502580353334
970    62.672471043085025
984    62.798938141699324
998    62.92835739756573
1010    63.04115661230625
1020    63.13615208655959
1030    63.23181630694267
1050    63.4243615920634
1070    63.617480301894375
1090    63.810966811380446
1110    64.00518922544302
1130    64.20008158914419
1150    64.39567038669522
1170    64.5929626077542
1190    64.79395124372982
1210    65.00043422502091
1230    65.21278686650643
1250    65.43037936514
1270    65.65186964105649
1290    65.87539981932105
1310    66.09941893871692
1330    66.3228623888444
1350    66.54482169386256
1370    66.76437217392646
1390    66.98067957067148
1410    67.19334603193646
1430    67.40255220715103
1450    67.60894727297432
1470    67.81345756162986
1490    68.01669665424498
1510    68.21863338269033
1530    68.41896115095534
1550    68.61752429351978
1570    68.81438748622793
1590    69.00967354201154
1610    69.20331435936649
1630    69.39517026877522
1650    69.58511078036162
1670    69.77299169169382
1690    69.9587086130096
1710    70.14220560561547
1730    70.3233486474715
1760    70.58977078917741
1790    70.84798782926575
1820    71.09574081210391
1850    71.33075791579292
1880    71.55123683402408
1910    71.75573349883035
1940    71.94258606146377
1970    72.10949344615545
2000    72.25394348869717
2030    72.3744846375153
2060    72.47027905547847
2090    72.54082118261964
2120    72.58602912504949
2150    72.60636840720022
2180    72.6027636633825
2210    72.57656953989479
2240    72.52932601420544
2270    72.4630974287131
2300    72.3806209765952
2330    72.28447947580474
2360    72.1767524719432
2390    72.0592580029751
2420    71.93377783196127
2460    71.75717956006555
2500    71.57369934338453
2540    71.38658862687299
2580    71.19821289522287
2620    71.01091892009498
2660    70.826845586813
2700    70.64730347058115
2740    70.47276825432813
2780    70.30408424395787
2820    70.1424866036358
2860    69.98840823230937
2900    69.8418391579041
2940    69.70312487537548
2980    69.57303165340264
3020    69.45233710700955
3060    69.34175122258472
3100    69.24188052862796
3150    69.13248120860015
3200    69.0404350484421
3250    68.96696912031788
3300    68.91352524733131
3350    68.88096204004663
3400    68.8700685702685
3450    68.88175586899655
3500    68.91690801693343
3550    68.97646505466483
3600    69.06075160987045
3650    69.16895315398125
3700    69.29841518147468
3750    69.44587226339189
3800    69.61035027192865
3860    69.8325826963968
3920    70.08471238083669
3980    70.3670508368298
4040    70.67624691577272
4100    71.00406835988926
4160    71.33474508038145
4220    71.64121846059157
4280    71.88968921338105
4340    72.04797049538448
4400    72.09133290740903
4460    72.00624556098903
4520    71.78890095779414
4590    71.37190926920668
4660    70.79031072441438
4730    70.05634517074307
4800    69.18656900662305
4870    68.21714380449887
4940    67.22944096637687
5010    66.36825936453383
5080    65.80739858952653
5150    65.65140839863838
5220    65.8632664605246
5300    66.37823956896348
5380    66.99364089694305
5460    67.60566537923592
5540    68.17807791282671
5620    68.69663993639908
5700    69.15247048536102
5780    69.54389997723666
5860    69.87862327689496
5950    70.2032760059841
6040    70.49385606409027
6130    70.7743392092112
6220    71.06240685640077
6310    71.3608929841613
6400    71.65863303254955
6490    71.93613359514129
6580    72.17348309190015
6680    72.37724091473262
6780    72.52157341107153
6880    72.6179459136883
6980    72.67040574660368
7080    72.66711850601106
7180    72.58339936597653
7280    72.39471812807236
7390    72.04755581417481
7500    71.54623499679846
7610    70.89238277538956
7720    70.10488565092615
7830    69.22235074257242
7940    68.29491704922674
8060    67.2875077171836
8180    66.33115028214846
8300    65.46255449946219
8420    64.70452744499866
8540    64.06527700036602
8660    63.54510959881222
8790    63.11440631180086
8920    62.81974537903101
9050    62.65987769829543
9180    62.6341301835688
9310    62.7419896435274
9450    63.007323199279426
9590    63.422042299292116
9730    63.96777507239988
9870    64.60224187259445
10010    65.25205746517513
10160    65.85368801310314
10310    66.23965291295403
10460    66.33861044907476
10610    66.16350476275515
10760    65.76120500651933
10920    65.0238425370124
11080    63.778698024974915
11240    61.997505730411376
11400    60.20448205503392
11570    59.089835912163636
11740    58.63130324582727
11910    58.11670436707712
12080    57.74133626128038
12260    57.864323817587774
12440    58.12518233822796
12620    58.19957275876321
12800    58.156099066426826
12990    58.18376317169589
13180    58.43962267374411
13370    58.990417389618244
13560    59.80392718571102
13760    60.74645123770418
13960    61.411676335993405
14160    61.42852617592732
14370    60.50362451770448
14580    58.68588183515297
14790    56.4367669958013
15010    54.175787004972904
15230    52.28406901372824
15450    50.78478303490435
15670    49.6221057712613
15900    48.707165810209766
16130    48.102546828759515
16360    47.90472566105921
16600    48.06523305818837
16840    48.46831918166556
17080    49.230907435484994
17330    50.5404294872456
17580    52.46462304515687
17840    54.918671903598124
18100    56.79367423753709
18360    56.76811198821594
18630    54.73883308182299
18900    52.110143181699634
19170    50.060993597948276
19450    48.5431241935603
19730    46.951024886367335
20000    45.786430700657014
