20    69.58881379401558
20.3    69.62272657325371
20.6    69.6560743612402
20.9    69.68876058406092
21.2    69.7206228408181
21.5    69.75143039016835
21.8    69.78091396593652
22.1    69.80882570925549
22.4    69.8350030208691
22.7    69.85942107112677
23    69.88220224586556
23.3    69.90357298282987
23.6    69.9237824552926
23.9    69.94302213092344
24.2    69.96137747331144
24.6    69.98443442614072
25    70.00572912121575
25.4    70.02522769855533
25.8    70.04314919182511
26.2    70.05991861032254
26.6    70.07596785341775
27    70.09152904002026
27.4    70.10655468538283
27.8    70.12079500850751
28.2    70.1339405738659
28.6    70.14572354247156
29    70.15595883707327
29.4    70.16456741112272
29.8    70.17160018265389
30.2    70.1772437256543
30.6    70.18177674996603
31    70.18546460456479
31.5    70.18908379228783
32    70.19154287821823
32.5    70.19261985632616
33    70.19216026118912
33.5    70.19013762476624
34    70.18650123501607
34.5    70.18103020743413
35    70.17339872845747
35.5    70.1633999879115
36    70.15111856175031
36.5    70.13694818508657
37    70.1215159751765
37.5    70.10559221154037
38    70.09000354754843
38.6    70.07282006448315
39.2    70.0582494958937
39.8    70.04681308601477
40.4    70.03845850699938
41    70.03257932378494
41.6    70.02821259296674
42.2    70.02444905119636
42.8    70.020745873051
43.4    70.01682089724912
44    70.01232649858056
44.6    70.00674052438691
45.2    69.99947878754047
45.9    69.98813641935917
46.6    69.97306022237831
47.3    69.95430757171363
48    69.9328995094304
48.7    69.91010794082365
49.4    69.88674549668826
50.1    69.86325021775549
50.8    69.8398243015462
51.5    69.81626566678239
52.2    69.79212471989206
53    69.76351754398414
53.8    69.73393513572776
54.6    69.70365587367024
55.4    69.67298313239999
56.2    69.6420622767792
57    69.61077507155585
57.8    69.5789759003112
58.6    69.54670701543347
59.5    69.51004154371621
60.4    69.47311097168343
61.3    69.43573934347413
62.2    69.39738946169666
63.1    69.3572436613697
64    69.31445929344741
64.9    69.2685119307971
65.8    69.21933576020157
66.8    69.16123917248196
67.8    69.10005838690745
68.8    69.03645238017191
69.8    68.97119134655837
70.8    68.90522436203744
71.8    68.83971766266136
72.8    68.77602461484759
73.9    68.70975617232301
75    68.6491372218529
76.1    68.595405396134
77.2    68.54897709116949
78.3    68.50932042017325
79.4    68.47508936132937
80.6    68.44167258316875
81.8    68.40956533924873
83    68.37603319493564
84.2    68.33900694369396
85.4    68.29736095612364
86.6    68.25079743892132
87.9    68.19503352364525
89.2    68.13417633604374
90.5    68.06865052259002
91.8    67.99890141903225
93.1    67.92560413807344
94.5    67.84411043182828
95.9    67.76263545947451
97.3    67.68523052392004
98.7    67.6169693437196
100    67.56643172976047
102    67.5203974448391
104    67.51730365105081
106    67.55398058603087
108    67.6196599286459
110    67.69945063496132
112    67.77959070594304
114    67.85137683479704
116    67.91202914848532
118    67.96284091191092
120    68.00632755842742
122    68.04371773498642
124    68.07307425650717
126    68.090777943373
128    68.09396034018474
130    68.08164310180193
132    68.05472271734627
134    68.01538448041359
136    67.96646478959615
138    67.91093629023652
140    67.85148903902807
142    67.79023877334389
144    67.72861948708058
146    67.66744506024258
148    67.60704080728222
150    67.54736813622708
152    67.48814448303584
154    67.42892651284602
156    67.36919995744788
158    67.30846410948703
160    67.24627114244484
162    67.18227833387382
164    67.11626189783648
166    67.04812777833573
168    66.97797139014767
170    66.90620562234488
173    66.7972109912044
176    66.68937982010586
179    66.58597627276535
182    66.49007576716086
185    66.40404614645198
188    66.32906044593966
191    66.26486293205326
194    66.20977178434717
197    66.16101544780788
200    66.11534938855547
203    66.06963821256846
206    66.0212702123907
209    65.96846147062087
212    65.91034202372461
215    65.84683428399539
218    65.77842705453466
221    65.7059260747287
224    65.63023550836856
227    65.5522064036866
230    65.47256762320842
233    65.391910531353
236    65.31070658887313
239    65.22931142275463
243    65.1208086537355
247    65.01251650914884
251    64.90462242482187
255    64.79729821624858
259    64.69070652919615
263    64.58495589081022
267    64.48005902389035
271    64.37598385385843
275    64.27270379931535
279    64.17023058168755
283    64.06861001687079
287    63.96787244595892
291    63.86798225187947
295    63.768828963304564
299    63.670241227847285
303    63.572035328656106
307    63.47405859473703
312    63.35170559056925
317    63.229296856286496
322    63.10679028454249
327    62.98436804753668
332    62.86231774969635
337    62.74096205294265
342    62.62098229422344
347    62.503745589467506
352    62.39104015715442
357    62.28487755406837
362    62.187554174919185
367    62.10146281928441
372    62.02871496662077
377    61.97090418223007
383    61.92252691505465
389    61.89701536102348
395    61.89232020438128
401    61.90467179050857
407    61.92923665297512
413    61.96091471253798
419    61.99491772024202
425    62.027178827936474
431    62.05532726123369
437    62.07958791067118
443    62.1024373945945
449    62.127312884110246
456    62.162867335870885
463    62.20773223685397
470    62.26149425294115
477    62.321431295246995
484    62.38350893081892
491    62.44338591710488
498    62.49730028088666
505    62.542556633104084
512    62.57755139295816
519    62.60199219830912
527    62.619033736737336
535    62.62999707677453
543    62.64411941898091
551    62.672388937126186
559    62.722625169667474
567    62.79336812211382
575    62.87409603238882
583    62.95458672879077
592    63.04027410774491
601    63.12158686940806
610    63.199304068772335
619    63.27187342274236
628    63.336368708112396
637    63.39079573659153
646    63.43570700419144
655    63.473370935251
665    63.50906856114513
675    63.53931843133126
685    63.564329840758404
695    63.58440004532953
705    63.60041133428265
715    63.613775179950906
725    63.62608626072918
736    63.64021274584947
747    63.65663160754401
758    63.676868710531366
769    63.70220648147596
780    63.73359503398945
791    63.77139798450142
803    63.81973854518107
815    63.87480217613833
827    63.93557390919382
839    64.00080801573378
851    64.06919332746152
863    64.13967869768216
876    64.21773572922821
889    64.29745042230155
902    64.37930382049144
915    64.46413517094703
928    64.55283910450332
942    64.65357881668771
956    64.7602570091955
970    64.87275388566594
984    64.99034652240135
998    65.11188180176032
1010    65.21812232072614
1020    65.30744772486631
1030    65.39704576874597
1050    65.57603215438633
1070    65.75413465560679
1090    65.93180433951429
1110    66.10962922660903
1130    66.28811191958764
1150    66.46796589343631
1170    66.64949418727457
1190    66.83263963507588
1210    67.01733802065327
1230    67.20327099875044
1250    67.38970728932539
1270    67.57583500399255
1290    67.76078255918844
1310    67.94376313316427
1330    68.12432995682036
1350    68.30249923707827
1370    68.47842344979465
1390    68.65221867684832
1410    68.82433611519014
1430    68.9956123824062
1450    69.16690432738396
1470    69.33885965492479
1490    69.51198711012077
1510    69.6867140231531
1530    69.86338284790997
1550    70.04220227574062
1570    70.22315426158629
1590    70.4059686302274
1610    70.59014614595517
1630    70.7748991608338
1650    70.9591984419946
1670    71.14186999296737
1690    71.32164566145988
1710    71.49719737873522
1730    71.66715610167674
1760    71.90860376041988
1790    72.13035199507462
1820    72.33016986894529
1850    72.50740545127456
1880    72.66234727343584
1910    72.7954886621751
1940    72.90746694968578
1970    72.99906605037202
2000    73.07119323981303
2030    73.12483709495481
2060    73.16089026691436
2090    73.18008747015602
2120    73.18306060401616
2150    73.17050578861439
2180    73.14341138909636
2210    73.10295226481496
2240    73.05024147094736
2270    72.98643207336775
2300    72.91265107808925
2330    72.82994615992273
2360    72.73939981169484
2390    72.64212219745224
2420    72.53915502495775
2460    72.39478250175077
2500    72.24462008532073
2540    72.09105307403665
2580    71.93631396597776
2620    71.78209431829418
2660    71.62960035795787
2700    71.47993830983322
2740    71.33420265073619
2780    71.19338811676488
2820    71.05830996656768
2860    70.92956675082068
2900    70.80776741126309
2940    70.69322907541637
2980    70.58579380366365
3020    70.4848219434852
3060    70.3895541385663
3100    70.29956809832444
3150    70.1948564631565
3200    70.09988799170969
3250    70.01508566660941
3300    69.94048810683225
3350    69.87630620728746
3400    69.82309388126868
3450    69.78253284265732
3500    69.75752768454288
3550    69.75116824950234
3600    69.76453344855028
3650    69.79523914215355
3700    69.83956589804328
3750    69.89613869990156
3800    69.96625477795774
3860    70.0706220411922
3920    70.19815540980426
3980    70.34823328264214
4040    70.51886243188402
4100    70.70823809982977
4160    70.91397601295424
4220    71.13260493383203
4280    71.3595742540258
4340    71.58964873158791
4400    71.81669364897874
4460    72.03228249268028
4520    72.22829463593798
4590    72.42613267841551
4660    72.58762780455643
4730    72.71003462812789
4800    72.78966139474288
4870    72.82270542184403
4940    72.80706647563284
5010    72.7416027428842
5080    72.62522208922682
5150    72.45992849692328
5220    72.26138713280885
5300    72.03927370129317
5380    71.85528556462037
5460    71.67372756335365
5540    71.45497387232413
5620    71.21295385449656
5700    70.9795017440315
5780    70.77066367787768
5860    70.58954762550715
5950    70.41951675477
6040    70.28711570926569
6130    70.19571441064426
6220    70.14763412353213
6310    70.14344362278227
6400    70.18315231437266
6490    70.26632959499815
6580    70.39129571409072
6680    70.57530467986021
6780    70.79990979321319
6880    71.05397676149468
6980    71.3196044851293
7080    71.57239399099471
7180    71.78456196142595
7280    71.92496499292503
7390    71.95821702073272
7500    71.83649290078779
7610    71.55253558718525
7720    71.12085271465105
7830    70.57498595464872
7940    69.95856456445739
8060    69.2554663251369
8180    68.56346423823415
8300    67.91368616658865
8420    67.32657530217031
8540    66.81333701124002
8660    66.37983787509057
8790    66.00549254954899
8920    65.73492915296902
9050    65.57248574455616
9180    65.52002168172069
9310    65.58003644308513
9450    65.77876811919397
9590    66.12603505028913
9730    66.62919679410905
9870    67.28935609619062
10010    68.09473760450749
10160    69.06528503653188
10310    70.00191400728043
10460    70.65193316764902
10610    70.75902214608647
10760    70.23524762135585
10920    69.14461972991728
11080    67.86589767016322
11240    66.79818256741412
11400    66.24535128253929
11570    66.29579275565933
11740    66.73503100868274
11910    67.20906978212584
12080    67.54854303187057
12260    67.73993424139643
12440    67.73748786951586
12620    67.46604651047105
12800    66.86225319018985
12990    65.86767131130692
13180    64.58662880107103
13370    63.15759934599832
13560    61.74186157136069
13760    60.41604914135278
13960    59.36115544388624
14160    58.63549458797555
14370    58.28438474363449
14580    58.42710717111814
14790    59.05581836774389
15010    59.899195514971225
15230    60.13673869380315
15450    59.022995478374725
15670    56.56676696678132
15900    53.31712450277122
16130    50.190800453395255
16360    47.59715608271345
16600    45.49870175460528
16840    43.903582870141605
17080    42.789687948422284
17330    42.17760211014034
17580    42.04533213374734
17840    42.00710786808721
18100    41.25553555063217
18360    39.117806177363065
18630    35.43923755148991
18900    30.676705172313987
19170    25.69205823172883
19450    22.30477839729159
19730    21.139217138458278
20000    20.6738793083787
