20    73.84777471158735
20.3    73.84156259217431
20.6    73.83531423225716
20.9    73.82880816847536
21.2    73.8217590848864
21.5    73.81389640651585
21.8    73.80504763353255
22.1    73.79518062327739
22.4    73.78440001011121
22.7    73.77289430509862
23    73.76086891335807
23.3    73.74848898606243
23.6    73.7358474406705
23.9    73.7229626407418
24.2    73.70980223704468
24.6    73.69174008533892
25    73.67299671985896
25.4    73.65351249808123
25.8    73.63326748242181
26.2    73.61226956171781
26.6    73.5905549339974
27    73.56819513277955
27.4    73.54529258283335
27.8    73.52195085256326
28.2    73.49823896502875
28.6    73.47417622650843
29    73.44974814664593
29.4    73.42494510726027
29.8    73.39979185200605
30.2    73.37435628179284
30.6    73.34873630651909
31    73.32303588128576
31.5    73.29092580987344
32    73.258919699474
32.5    73.2270285842086
33    73.19519852357621
33.5    73.16334243821575
34    73.13135814891578
34.5    73.09912129884378
35    73.06648240643186
35.5    73.03329854909052
36    72.99950558169891
36.5    72.96516343086078
37    72.93041899636574
37.5    72.89542729965189
38    72.86030353434461
38.6    72.8180926851702
39.2    72.77592391877408
39.8    72.73388562833713
40.4    72.69197358659542
41    72.65006093651681
41.6    72.60797286184766
42.2    72.5655879336037
42.8    72.52287307814018
43.4    72.47984742718468
44    72.4365402259202
44.6    72.39299353366442
45.2    72.34927451631327
45.9    72.29815326134316
46.6    72.24698586519727
47.3    72.1958021731868
48    72.14462314719773
48.7    72.09347587373193
49.4    72.04236508315773
50.1    71.9912832652982
50.8    71.94023607359651
51.5    71.88922308180099
52.2    71.83822115577482
53    71.77992557197244
53.8    71.72163086939759
54.6    71.66332238193301
55.4    71.60491305476725
56.2    71.54628278963122
57    71.4873524150601
57.8    71.42810958507079
58.6    71.36858925005751
59.5    71.3013718043355
60.4    71.2339783941652
61.3    71.16648837184778
62.2    71.09891962352665
63.1    71.03123860682862
64    70.96339625711249
64.9    70.8953390959967
65.8    70.82701480324954
66.8    70.75076382693175
67.8    70.67422067622233
68.8    70.59752431642237
69.8    70.52084640412471
70.8    70.44435917197349
71.8    70.36820279682156
72.8    70.29243063561518
73.9    70.20943640232315
75    70.126532069076
76.1    70.04324904492799
77.2    69.95904987945025
78.3    69.87357594598471
79.4    69.78684528651542
80.6    69.6910180763681
81.8    69.59405200141816
83    69.49606567082527
84.2    69.39734866357554
85.4    69.29836177263594
86.6    69.19971686357539
87.9    69.09418606738132
89.2    68.99127757991202
90.5    68.89231787970338
91.8    68.79848328382516
93.1    68.7106313896823
94.5    68.62321639428873
95.9    68.5433120155503
97.3    68.47063245766907
98.7    68.40469383590305
100    68.34891659399369
102    68.27161286850057
104    68.20146474101594
106    68.13331750788208
108    68.06035190216136
110    67.97572932665464
112    67.8744450723137
114    67.75419813956405
116    67.61507451637252
118    67.45901833421496
120    67.28941360807673
122    67.11067714028026
124    66.92803487767898
126    66.74785308309139
128    66.57790630839217
130    66.42729818342858
132    66.30587708549749
134    66.22310889904261
136    66.18662887369402
138    66.20084512069656
140    66.26585478942069
142    66.37697648351124
144    66.52514724282901
146    66.6981115271343
148    66.88206919022484
150    67.06332742996618
152    67.22969788559853
154    67.37146652528108
156    67.48190541173122
158    67.55740639188049
160    67.59730112423449
162    67.60342393993574
164    67.5794763510678
166    67.5302170190431
168    67.46075034068457
170    67.37597323407684
173    67.22930303339616
176    67.06929941931325
179    66.90447013166366
182    66.74073393736873
185    66.58199682203397
188    66.43072371469603
191    66.2884304179714
194    66.15608815222451
197    66.03435286585389
200    65.92361058818
203    65.8239139486834
206    65.73499403008985
209    65.65628621044256
212    65.58679942415404
215    65.52498264578033
218    65.46875856471517
221    65.41565951297504
224    65.3630385909862
227    65.30837941506412
230    65.24963494098208
233    65.1854354799926
236    65.11515678782935
239    65.03884585337843
243    64.9287569936906
247    64.81113524497808
251    64.68830024059729
255    64.56235405847293
259    64.43498764509901
263    64.30746252445091
267    64.18070042820129
271    64.0553676040095
275    63.93192702822956
279    63.810629368210556
283    63.69145738762522
287    63.57415843962997
291    63.458365419287105
295    63.34373390788784
299    63.23004742030729
303    63.11723822595306
307    63.00531179637905
312    62.866650047340244
317    62.72945455687019
322    62.59397643244386
327    62.46062327523047
332    62.32986359004137
337    62.202036808260424
342    62.07718349456126
347    61.954837046301336
352    61.83401799015188
357    61.71353203408836
362    61.59232247148019
367    61.46987842294577
372    61.34665414307989
377    61.22430633721549
383    61.08272371104728
389    60.95311397228363
395    60.842943195486804
401    60.75957860577117
407    60.70922403009007
413    60.69569205878443
419    60.71923513045778
425    60.776122060510716
431    60.85912838151066
437    60.958772838852425
443    61.06491605673813
449    61.16829040006442
456    61.27579985127987
463    61.36209009324147
470    61.42361856501394
477    61.46048363483179
484    61.47564920651712
491    61.47387159388818
498    61.46079685279709
505    61.44273150398469
512    61.425975496737095
519    61.41521968569148
527    61.41167765552542
535    61.414311275679395
543    61.41930193158832
551    61.425488616576224
559    61.43418393577104
567    61.448283785333864
575    61.47149154233378
583    61.50664602389497
592    61.55969981020354
601    61.61964694476218
610    61.67446544353043
619    61.714745495205534
628    61.73854287682963
637    61.74960548392965
646    61.75328720404768
655    61.75392303432744
665    61.75402760124226
675    61.75475716127569
685    61.75645563224752
695    61.7592266206544
705    61.763288945873086
715    61.76897358216348
725    61.77658688065965
736    61.78738588017634
747    61.800701167445965
758    61.81633731799775
769    61.834088017141994
780    61.853776671195064
791    61.875190282603825
803    61.90027470694922
815    61.92707405128904
827    61.955722287919386
839    61.98652687235739
851    62.019974574507245
863    62.056770876241764
876    62.10129453308086
889    62.15142277360303
902    62.20766199769405
915    62.27027825139897
928    62.33929443253071
942    62.42088249134052
956    62.5104336786393
970    62.60860019526378
984    62.71630303834505
998    62.83461780785428
1010    62.945311387950525
1020    63.04467900107265
1030    63.150957445086135
1050    63.38494055838349
1070    63.64688664082568
1090    63.93435354788038
1110    64.24297919416153
1130    64.56581082351529
1150    64.89402474958499
1170    65.21909962688349
1190    65.53437679669564
1210    65.83581349398202
1230    66.12155132216694
1250    66.39099791170844
1270    66.64407289144147
1290    66.88102794131606
1310    67.10237692806743
1330    67.30869483270874
1350    67.50091059939561
1370    67.68046679913273
1390    67.84920000599882
1410    68.00909099731095
1430    68.16214876975639
1450    68.31027960517434
1470    68.45516540320207
1490    68.59818069059617
1510    68.7403738291141
1530    68.88246319576172
1550    69.02485007491423
1570    69.1676834581827
1590    69.31102258861081
1610    69.4551000129201
1630    69.6003254965922
1650    69.74686511678217
1670    69.89443980281916
1690    70.04265367499147
1710    70.19125044846979
1730    70.3400225747292
1760    70.56295908923943
1790    70.78511783747462
1820    71.005756438829
1850    71.2233487118557
1880    71.43592033772295
1910    71.64154694497012
1940    71.83822403598097
1970    72.02392452772563
2000    72.1968642701064
2030    72.35539206104673
2060    72.49792432964682
2090    72.6226763151642
2120    72.72747974885861
2150    72.81090390591669
2180    72.87288972980575
2210    72.91387296134667
2240    72.93409818557305
2270    72.93393983637114
2300    72.91400399368281
2330    72.8751275537924
2360    72.81841418752919
2390    72.74519554608884
2420    72.65686295848289
2460    72.51820436413655
2500    72.35989140298582
2540    72.18628332235005
2580    72.00100067426308
2620    71.80719448222031
2660    71.60801947000633
2700    71.40624134903626
2740    71.20406606101977
2780    71.00349563572584
2820    70.8063341724126
2860    70.6140275113404
2900    70.42719279058495
2940    70.24591555149797
2980    70.0706116858371
3020    69.90183390367983
3060    69.73979674743404
3100    69.58492009263861
3150    69.40282878155111
3200    69.2345710064329
3250    69.0803481219327
3300    68.94014264998927
3350    68.81390072466078
3400    68.70130811935263
3450    68.60172626080804
3500    68.51289991278895
3550    68.43089855352251
3600    68.35856506738583
3650    68.3192222847909
3700    68.3369128727166
3750    68.38237852904518
3800    68.4152318797023
3860    68.44641956387957
3920    68.4977269616173
3980    68.57886783935568
4040    68.68808078470734
4100    68.82320778363378
4160    68.98293511966304
4220    69.16608217840559
4280    69.37110762737832
4340    69.5956390602991
4400    69.83707509885159
4460    70.09372227946986
4520    70.36534186842245
4590    70.70131351149288
4660    71.05569501172366
4730    71.42270054413032
4800    71.79235699358813
4870    72.15199894342868
4940    72.48757196205909
5010    72.7844982463169
5080    73.03053316712305
5150    73.21755723215054
5220    73.33862480711133
5300    73.38524792151176
5380    73.32809550755047
5460    73.17360372386449
5540    72.93527485949302
5620    72.63076823745394
5700    72.27924692289062
5780    71.90029954836284
5860    71.51244018764032
5950    71.08367679814728
6040    70.67799977665274
6130    70.3068056247377
6220    69.97930360098246
6310    69.70105288188284
6400    69.47409142307919
6490    69.30019580875631
6580    69.18068420771525
6680    69.11230432431984
6780    69.1104794101479
6880    69.17184052152277
6980    69.2916890326187
7080    69.46262006339958
7180    69.67121413671589
7280    69.89737225884983
7390    70.13268022102145
7500    70.30410212995359
7610    70.35176825794143
7720    70.22183772333071
7830    69.88548221193462
7940    69.34813205255024
8060    68.57372599407981
8180    67.66938432377613
8300    66.70371751140416
8420    65.73241606916842
8540    64.79475430396354
8660    63.91509791661961
8790    63.037379526375275
8920    62.23744977997825
9050    61.52745573357065
9180    60.93689702144941
9310    60.50780297292495
9450    60.29089671572791
9590    60.39726203221697
9730    60.853705005052106
9870    61.60475446348782
10010    62.54292362594001
10160    63.6373653423457
10310    64.65119268829586
10460    65.48969757058757
10610    66.27222964011266
10760    67.12541628160596
10920    68.17828732349429
11080    69.35776449503939
11240    70.5094001873247
11400    71.3409592297193
11570    71.54174913142694
11740    70.91915360002102
11910    69.67188862405762
12080    68.17633307280705
12260    66.67628705645438
12440    65.44461856033783
12620    64.5299801502883
12800    63.92888507900689
12990    63.62067098348281
13180    63.63404825077818
13370    63.94865446399249
13560    64.49717220657865
13760    65.13219525080112
13960    65.47799306538855
14160    65.19164269561307
14370    64.11975816191588
14580    62.5266623356364
14790    60.811265031786874
15010    59.17650267377603
15230    57.76813626670798
15450    56.47225889220467
15670    55.10253533460981
15900    53.437469042355715
16130    51.569839994299684
16360    49.75394621934791
16600    48.08106238312129
16840    46.61376414661365
17080    45.43046338463763
17330    44.61558768403795
17580    44.30907020568329
17840    44.515691662364176
18100    44.94125211522983
18360    44.93617826195759
18630    43.948220893365324
18900    42.183283419033685
19170    40.211371378346406
19450    38.073844681386234
19730    35.69058169289778
20000    34.05744324052411
