20    67.1593227873677
20.3    67.16147920057863
20.6    67.16353768696598
20.9    67.16547794361591
21.2    67.16730993186206
21.5    67.16899817754015
21.8    67.17038719148789
22.1    67.17117923612025
22.4    67.17098747620025
22.7    67.16944249325539
23    67.1662987092606
23.3    67.16149888522199
23.6    67.15516808172875
23.9    67.14755379441453
24.2    67.13894417509222
24.6    67.12635635781218
25    67.11291514456045
25.4    67.09892889287423
25.8    67.08459008981393
26.2    67.06998199822567
26.6    67.05506839038412
27    67.03971506278441
27.4    67.02377677357522
27.8    67.00718755781256
28.2    66.98997821906106
28.6    66.97218480859266
29    66.9537366921018
29.4    66.93443837141461
29.8    66.91407238100052
30.2    66.89254700880245
30.6    66.86997285359143
31    66.84661996232074
31.5    66.81679167235535
32    66.78663857548668
32.5    66.75631614509058
33    66.72579091071425
33.5    66.69495710298341
34    66.66371674227793
34.5    66.63202362107964
35    66.59991320838327
35.5    66.56748171368902
36    66.53481385795651
36.5    66.50191822733609
37    66.4687317921458
37.5    66.435180860635
38    66.4012406018736
38.6    66.36005431444232
39.2    66.31848314809832
39.8    66.27661860614808
40.4    66.23447112484028
41    66.19197091153129
41.6    66.1489999876328
42.2    66.10545387117011
42.8    66.06130576608109
43.4    66.01664070727456
44    65.97161292681679
44.6    65.92636061679279
45.2    65.88095602411354
45.9    65.82780774746132
46.6    65.77442670156071
47.3    65.72070053101694
48    65.66647141821252
48.7    65.61154875792258
49.4    65.55563658700072
50.1    65.4983764450047
50.8    65.43962315960249
51.5    65.37964006082184
52.2    65.31898294796042
53    65.24964029201962
53.8    65.18114773583366
54.6    65.114400370608
55.4    65.05022553525819
56.2    64.98922081869307
57    64.93164217531069
57.8    64.87742311541861
58.6    64.82614447688297
59.5    64.77097082792082
60.4    64.71724627136972
61.3    64.66423124602899
62.2    64.61183641685231
63.1    64.5603541757729
64    64.51019536195295
64.9    64.46158844233676
65.8    64.4142730705839
66.8    64.36235205131759
67.8    64.31003357256401
68.8    64.25624678998548
69.8    64.19996564084757
70.8    64.1404443852909
71.8    64.07743447635447
72.8    64.01123303345875
73.9    63.9357193268592
75    63.85882830691966
76.1    63.78173601317245
77.2    63.704857545097596
78.3    63.628016018457885
79.4    63.55073379607492
80.6    63.46501297860394
81.8    63.37669273652877
83    63.285213715366716
84.2    63.19082122214758
85.4    63.09410674874967
86.6    62.99570065050837
87.9    62.88785791230813
89.2    62.7794572419087
90.5    62.671435868316564
91.8    62.56500947990724
93.1    62.46163786296646
94.5    62.355428392369035
95.9    62.25605851023904
97.3    62.16464915044739
98.7    62.08156188376442
100    62.011300200668046
102    61.91304914897666
104    61.82076736177903
106    61.72768587594638
108    61.63110589673523
110    61.53396683706745
112    61.44299060573168
114    61.36683344529979
116    61.313342000587134
118    61.28708079076236
120    61.28960057498239
122    61.32255721953723
124    61.38909345053325
126    61.48825515939247
128    61.61327491313385
130    61.752476322530775
132    61.8918647952399
134    62.01865755308103
136    62.1238244033853
138    62.202721180909364
140    62.25456852126955
142    62.28135753904965
144    62.28651325348014
146    62.27372008503839
148    62.2462271460986
150    62.20668067938802
152    62.15716275334833
154    62.09923451971946
156    62.03412037424182
158    61.96294823223344
160    61.8867938023724
162    61.806633973876494
164    61.723404582531856
166    61.638041770498404
168    61.55141308137067
170    61.464233760719274
173    61.333630006205816
176    61.20455847014321
179    61.07825798541941
182    60.95574979096861
185    60.8379655302291
188    60.72588974535476
191    60.62081234345294
194    60.52451120155046
197    60.43930580859265
200    60.367885511682026
203    60.3127670261935
206    60.27562504183837
209    60.256638827913314
212    60.254017332138915
215    60.263935773679634
218    60.28103029637164
221    60.29931105105706
224    60.31313038570512
227    60.31794833217944
230    60.31082152807808
233    60.29061069976879
236    60.25778169892313
239    60.21391854193462
243    60.1420911216843
247    60.06000934872761
251    59.972402739857515
255    59.88281820357036
259    59.793584767466356
263    59.70602004194237
267    59.62072299962567
271    59.537780748907295
275    59.457003196041676
279    59.37813667227356
283    59.300922458320706
287    59.22512984553701
291    59.15056888441874
295    59.07704993432749
299    59.00440843118231
303    58.93255962256532
307    58.8614816568023
312    58.773705838106764
317    58.687070800876825
322    58.60150969317797
327    58.51690317740953
332    58.43310621080569
337    58.350102814550766
342    58.26789076109519
347    58.18632039836676
352    58.10517059865383
357    58.02432878711841
362    57.94390118153346
367    57.86433220577423
372    57.78668795321536
377    57.71283333356866
383    57.63284906095717
389    57.567253466693494
395    57.52159436615543
401    57.501063084249736
407    57.50955836269878
413    57.548764039052344
419    57.61755053111714
425    57.71181356885575
431    57.82490882608782
437    57.948663468835136
443    58.074651400810936
449    58.19535427783869
456    58.32194508315993
463    58.42819877001503
470    58.51267951773602
477    58.57725589431377
484    58.62585405278027
491    58.66359379155138
498    58.69579149264791
505    58.7265220484701
512    58.75862550799752
519    58.79443766317202
527    58.84265974474726
535    58.90115118333375
543    58.97102807490502
551    59.051340917226156
559    59.13926420574012
567    59.23097349859359
575    59.32244785415122
583    59.41022748030237
592    59.501886110761944
601    59.58568468038091
610    59.663850576962616
619    59.739723804177515
628    59.81591625240351
637    59.89345249122229
646    59.97201071885542
655    60.05040194271036
665    60.13538855605408
675    60.21608769234381
685    60.29023971098189
695    60.35518628192219
705    60.40874768518762
715    60.451315167227094
725    60.48755670969224
736    60.52900514501342
747    60.57983207713273
758    60.6424033907019
769    60.714496766263366
780    60.79242878723828
791    60.873114150982616
803    60.96199845248876
815    61.05056043144026
827    61.138215949159665
839    61.22501857194439
851    61.312243135440326
863    61.4022422084964
876    61.50529335999531
889    61.615063706144625
902    61.73093496812288
915    61.85152937816421
928    61.97546783935894
942    62.11165543707307
956    62.25017909541502
970    62.39073493316387
984    62.533007835229675
998    62.6766559683454
1010    62.800560586685904
1020    62.90407746638853
1030    63.0076057362461
1050    63.21421806397865
1070    63.41988473923739
1090    63.62436155979563
1110    63.827655565848175
1130    64.0302661897954
1150    64.23285919066561
1170    64.43581747825283
1190    64.63907866224758
1210    64.84275092907637
1230    65.04743182800067
1250    65.25345106404342
1270    65.4606921690137
1290    65.66868859131696
1310    65.8766180594352
1330    66.08341281246103
1350    66.28821270630888
1370    66.49088929690598
1390    66.69197308994583
1410    66.89205484827946
1430    67.09155832472472
1450    67.29078083067509
1470    67.48982464232847
1490    67.68858809685742
1510    67.8870434989652
1530    68.08532743909565
1550    68.28364631029362
1570    68.48226706493935
1590    68.68143771795673
1610    68.88117376507235
1630    69.08114360292342
1650    69.28090719862652
1670    69.48010441221781
1690    69.67837674281932
1710    69.87526994193662
1730    70.07025319362728
1760    70.35786077264214
1790    70.6375588541205
1820    70.90663236182837
1850    71.16188345207337
1880    71.40034495369804
1910    71.61946561305507
1940    71.81691014233878
1970    71.99053200183002
2000    72.13838397533627
2030    72.2589972191212
2060    72.3515358256625
2090    72.41565876916152
2120    72.45193039573391
2150    72.46187561386289
2180    72.44709774330246
2210    72.40912660213164
2240    72.3499762567068
2270    72.27199190041343
2300    72.17749750147328
2330    72.06880377132725
2360    71.94828734977487
2390    71.81855737395271
2420    71.68218280352488
2460    71.49340585387543
2500    71.3001529704087
2540    71.10498206902307
2580    70.9099333749553
2620    70.71743051638597
2660    70.5298764211212
2700    70.3489821763371
2740    70.17548878351529
2780    70.00990593276427
2820    69.85342515877812
2860    69.70761707946588
2900    69.57281585259634
2940    69.44845406922329
2980    69.33416471897314
3020    69.23012808758816
3060    69.1368211611614
3100    69.0545199253557
3150    68.96705059142111
3200    68.89656475518129
3250    68.84316314322257
3300    68.80746371716472
3350    68.78975695118302
3400    68.7886847551616
3450    68.80315846482051
3500    68.83317743114422
3550    68.87865926897342
3600    68.9393696783593
3650    69.01519508644702
3700    69.10624303259553
3750    69.21312001747305
3800    69.33632626166315
3860    69.50550469159882
3920    69.69684613895652
3980    69.9088140128654
4040    70.13935960577697
4100    70.38419033205795
4160    70.63566423386486
4220    70.88410186553071
4280    71.11891245907847
4340    71.32833581908034
4400    71.49996112340128
4460    71.62164635614488
4520    71.6807588610758
4590    71.65638702971138
4660    71.52672096084339
4730    71.296124778854
4800    70.97529842659675
4870    70.58300567155122
4940    70.14219696580784
5010    69.67394080115295
5080    69.19505114167788
5150    68.71856205904214
5220    68.25386449547779
5300    67.74537860944831
5380    67.26960683157162
5460    66.84058441840895
5540    66.47158802983066
5620    66.15928782273089
5700    65.88563997385774
5780    65.63767459570218
5860    65.41683469333859
5950    65.20987526056348
6040    65.05159262293665
6130    64.94364254015801
6220    64.88742765579606
6310    64.88249993216371
6400    64.92654147571027
6490    65.01790975407675
6580    65.15642157740564
6680    65.36411905499497
6780    65.62335385685112
6880    65.92578378356018
6980    66.26014188643852
7080    66.61209234394153
7180    66.96071422459488
7280    67.27613121655466
7390    67.5411689426021
7500    67.67393835209008
7610    67.63782301255009
7720    67.41966004319747
7830    67.03813379879308
7940    66.53635807791122
8060    65.90909340332222
8180    65.250946987508
8300    64.60002443515222
8420    63.98331730005718
8540    63.42300554795082
8660    62.936491683775685
8790    62.50701436578529
8920    62.18642513391532
9050    61.97717555050042
9180    61.87808376160374
9310    61.88811555879423
9450    62.02604359585545
9590    62.307686508028425
9730    62.74712218517834
9870    63.35868740357006
10010    64.1578445052199
10160    65.23072522925312
10310    66.48224830359389
10460    67.72233977823777
10610    68.58402634359825
10760    68.68374632005288
10920    67.8258989722008
11080    66.33223109045466
11240    64.78300125433843
11400    63.634512504541824
11570    63.13207675315634
11740    63.39613426493054
11910    64.16792086800768
12080    65.04503462352712
12260    65.76456148955648
12440    66.16705515340922
12620    66.23362723809115
12800    65.89513331561929
12990    65.02875289056396
13180    63.712550766851564
13370    62.17208805255976
13560    60.64883400824237
13760    59.23996350439832
13960    58.13190988392901
14160    57.37987441574339
14370    57.010829063535496
14580    57.078960319043446
14790    57.44119088863658
15010    57.66986530647242
15230    57.06860905017406
15450    55.20790087817459
15670    52.288365813654934
15900    48.82709062610644
16130    45.611709171234665
16360    43.02641004093726
16600    40.923200927838195
16840    39.06803174129912
17080    37.46349207289974
17330    36.15066289751762
17580    35.193337240896426
17840    34.55446770901895
18100    34.33925903550767
18360    34.682672422465245
18630    35.67375368157219
18900    36.6232568282266
19170    35.86115668998103
19450    32.07380326962482
19730    26.40216323385164
20000    22.612032837459957
