20    72.43319446160802
20.3    72.43859492045479
20.6    72.44376775786867
20.9    72.4485292716945
21.2    72.4527370585254
21.5    72.45639001005915
21.8    72.4596478040416
22.1    72.46273281643322
22.4    72.46577410093845
22.7    72.46862965742721
23    72.47077440118338
23.3    72.4713520940834
23.6    72.46939229190008
23.9    72.46410918197284
24.2    72.45517129634905
24.6    72.43804972709023
25    72.41660519741112
25.4    72.39296256646071
25.8    72.36884316764431
26.2    72.34511019534116
26.6    72.32189328093249
27    72.29901877296373
27.4    72.27635430685885
27.8    72.2538909565812
28.2    72.2316200599129
28.6    72.20942128189546
29    72.18707392358144
29.4    72.16435720056788
29.8    72.14115211297523
30.2    72.11745851590612
30.6    72.09336562621655
31    72.06901695827851
31.5    72.0384877261012
32    72.00818283969886
32.5    71.97837356645839
33    71.94915097226756
33.5    71.92043727804673
34    71.89209077371783
34.5    71.86402542277064
35    71.83626994658496
35.5    71.80891797396173
36    71.78197921718578
36.5    71.75527515647886
37    71.72848011845744
37.5    71.70129738591402
38    71.67359993754684
38.6    71.6396882226712
39.2    71.60495910765832
39.8    71.56906289627959
40.4    71.53155685665001
41    71.49216726443379
41.6    71.45090111286481
42.2    71.40801328775669
42.8    71.36391530981919
43.4    71.31905472486474
44    71.27380194311225
44.6    71.22838765456362
45.2    71.18290433710104
45.9    71.12973143855183
46.6    71.07631685508206
47.3    71.02252132671521
48    70.96828320332492
48.7    70.91357090916503
49.4    70.85829130406404
50.1    70.80251844128864
50.8    70.74697885645193
51.5    70.69281260354333
52.2    70.6405571121407
53    70.58242766837124
53.8    70.52461713276725
54.6    70.4662393970923
55.4    70.40703880007052
56.2    70.34746508570771
57    70.28859411826971
57.8    70.23151089512174
58.6    70.17675170497921
59.5    70.11789949362978
60.4    70.06130214091432
61.3    70.00573576103545
62.2    69.94968629883883
63.1    69.89176699347327
64    69.8310229353806
64.9    69.76725559401598
65.8    69.70114021236044
66.8    69.62624250050534
67.8    69.5513526827412
68.8    69.47772967577441
69.8    69.40605812520525
70.8    69.3366015393812
71.8    69.26917842412618
72.8    69.20316464610917
73.9    69.13097926139804
75    69.05765343730602
76.1    68.98194043436368
77.2    68.9036629399196
78.3    68.82372518818731
79.4    68.743870470802
80.6    68.6597802390412
81.8    68.58242576278148
83    68.51497352470895
84.2    68.4594019928577
85.4    68.41621544489696
86.6    68.38435936176825
87.9    68.35988269120556
89.2    68.34201178091058
90.5    68.32689313775856
91.8    68.31161221655302
93.1    68.29481147318434
94.5    68.27530952640976
95.9    68.25579290176157
97.3    68.23766782188801
98.7    68.22135512538011
100    68.2075285732164
102    68.18831127452813
104    68.17260268059326
106    68.16269608006789
108    68.1595245136426
110    68.16139941351382
112    68.16509428325921
114    68.16689214349047
116    68.162558477743
118    68.14837011125425
120    68.12147867379718
122    68.07989460123204
124    68.02326338143885
126    67.95342120385683
128    67.87343982035406
130    67.7864972689202
132    67.69533043513107
134    67.60203822592102
136    67.50819013842218
138    67.4150282178316
140    67.32353500937309
142    67.23422897841067
144    67.14721817241676
146    67.06239116813936
148    66.97957375996188
150    66.89867098522892
152    66.81970516774706
154    66.74275445492526
156    66.66813605790966
158    66.59635659250087
160    66.52804479446915
162    66.46404763784923
164    66.40555701661506
166    66.35396821727095
168    66.31050448330136
170    66.27565135224927
173    66.23765009504844
176    66.21131952130077
179    66.18997570636984
182    66.16775891106411
185    66.14032422498846
188    66.10479955912191
191    66.05964200961392
194    66.0045204155303
197    65.93982099471478
200    65.86645368139162
203    65.78594737432611
206    65.70099471182041
209    65.61402772887718
212    65.52643340559351
215    65.43893086898747
218    65.35172131203836
221    65.26485799467767
224    65.17857391642382
227    65.09316049133758
230    65.00889336767804
233    64.92599826981672
236    64.84450755855673
239    64.76434859006376
243    64.65940369191318
247    64.55649797936938
251    64.45534249746997
255    64.35572178956197
259    64.25783951298206
263    64.1622769467345
267    64.06932142553072
271    63.97842315814195
275    63.88878372269518
279    63.799926387452615
283    63.71160006041962
287    63.62367091010583
291    63.53615860285596
295    63.44927820019254
299    63.36340818458206
303    63.27899291707071
307    63.196472605242036
312    63.096123586047185
317    62.998437932910406
322    62.90304784153543
327    62.80983365239721
332    62.718732841195504
337    62.629573120146844
342    62.54215227031695
347    62.45652696836011
352    62.373304137349955
357    62.2938527856692
362    62.22039686632972
367    62.155650026382105
372    62.10233230726985
377    62.06289848285164
383    62.03666902421492
389    62.035623237529876
395    62.06047018474723
401    62.110112516345524
407    62.18104167323642
413    62.267718293787496
419    62.363226667480326
425    62.460336286113915
431    62.55285944362961
437    62.636459219953494
443    62.70911158718714
449    62.770896743648336
456    62.83119858181085
463    62.881516499933554
470    62.92394572829156
477    62.95975785536749
484    62.98963464322316
491    63.01422523807427
498    63.034674449374705
505    63.05274648681669
512    63.070750768305615
519    63.09108195109428
527    63.119553478624816
535    63.15495380504538
543    63.197364792090276
551    63.24591144775539
559    63.29912953524282
567    63.35508056192445
575    63.412415600481836
583    63.46996800432237
592    63.53338869443205
601    63.59374984616825
610    63.649808889160326
619    63.70131274519381
628    63.748353903943354
637    63.7909972573635
646    63.82942001806629
655    63.86395431853684
665    63.89833286440398
675    63.929257434116266
685    63.95764986317535
695    63.984626307435
705    64.01143939788162
715    64.03931580750286
725    64.06916647018909
736    64.1047195260011
747    64.1434146812492
758    64.18580191813581
769    64.23224512009764
780    64.28265471728524
791    64.33656816883544
803    64.39867874153667
815    64.46353516791822
827    64.53042627192477
839    64.59860901768326
851    64.66738285492448
863    64.73619553764124
876    64.81051413628447
889    64.88466746700908
902    64.95885467165962
915    65.03337570711672
928    65.10865353526933
942    65.19108358537804
956    65.27549264034948
970    65.36233287095868
984    65.45190851697981
998    65.54445582097293
1010    65.62638887827492
1020    65.69664699725922
1030    65.76882446248749
1050    65.91937242756848
1070    66.07868483541424
1090    66.24735715694297
1110    66.42584397507335
1130    66.61421119634119
1150    66.8121319370517
1170    67.01871004557134
1190    67.23162972049766
1210    67.44688696248004
1230    67.65965039909821
1250    67.86501806617908
1270    68.0588779827018
1290    68.23931962723955
1310    68.40647942097148
1330    68.56090995170268
1350    68.70375262129522
1370    68.83678022806276
1390    68.96188594926963
1410    69.08081391127823
1430    69.19500505700796
1450    69.30538810198513
1470    69.41273825873225
1490    69.51781867954573
1510    69.62129498487036
1530    69.72359554702857
1550    69.82489131555502
1570    69.92522804306992
1590    70.02465008463236
1610    70.1230907193627
1630    70.22035513064674
1650    70.31621687332841
1670    70.41054323866169
1690    70.50333241518548
1710    70.59459137731147
1730    70.6843027429849
1760    70.81578798914975
1790    70.94309032798776
1820    71.06561374419175
1850    71.1829848240317
1880    71.29512263812363
1910    71.4020250428589
1940    71.50369846210968
1970    71.60017789119891
2000    71.69129563283296
2030    71.77682884804018
2060    71.85680968516414
2090    71.93141707040667
2120    72.00058559421237
2150    72.06436612574677
2180    72.12310181924465
2210    72.17685197139254
2240    72.22584571550435
2270    72.27011079246739
2300    72.30971223990721
2330    72.3447154544312
2360    72.37536051915103
2390    72.4017835338579
2420    72.42410124598942
2460    72.4472405844339
2500    72.46280150692692
2540    72.47096468197185
2580    72.47228508643313
2620    72.46752391453225
2660    72.4577612274147
2700    72.44403590631742
2740    72.4272596099793
2780    72.40820376026542
2820    72.38756723070864
2860    72.36599623734807
2900    72.34384496226583
2940    72.32144164193608
2980    72.29923242357924
3020    72.27735149965767
3060    72.2559882260743
3100    72.23549985603816
3150    72.21135658535813
3200    72.18910919355517
3250    72.16931899500442
3300    72.15241944050697
3350    72.13925011411973
3400    72.13104912955637
3450    72.12958241870645
3500    72.13643818416377
3550    72.15286999816865
3600    72.17989248103521
3650    72.21736324274843
3700    72.26409962641523
3750    72.31903289221292
3800    72.38071791720273
3860    72.46027795955509
3920    72.54295460022935
3980    72.62666337635744
4040    72.70958007792805
4100    72.78795904970629
4160    72.85582569489807
4220    72.90708559070617
4280    72.93709423246874
4340    72.94192772873907
4400    72.92053723686377
4460    72.87383778465846
4520    72.80082231890833
4590    72.68097997111073
4660    72.52633661263695
4730    72.33940578841924
4800    72.12660613251843
4870    71.89685401541178
4940    71.65795260139026
5010    71.41478377867298
5080    71.16961646960101
5150    70.92544659208137
5220    70.68647972518345
5300    70.42271629680852
5380    70.17187572272638
5460    69.937982690651
5540    69.7228004260252
5620    69.52736758365853
5700    69.35345782421066
5780    69.20556365514409
5860    69.08334670077232
5950    68.97571018679506
6040    68.90088251723188
6130    68.8622915433616
6220    68.86280824017993
6310    68.9042136869941
6400    68.98386377857459
6490    69.103293249383
6580    69.2587414210964
6680    69.46656670097542
6780    69.70520984951212
6880    69.96923240822466
6980    70.25651918438467
7080    70.56468374347855
7180    70.88298165916888
7280    71.19205080281338
7390    71.49288855467037
7500    71.72234511109167
7610    71.84861090166832
7720    71.85211546018927
7830    71.72906470284923
7940    71.48386312678049
8060    71.08899058649062
8180    70.59551580949864
8300    70.04704524812817
8420    69.48136076818781
8540    68.9312295369005
8660    68.42015899467191
8790    67.9297142667343
8920    67.52241692650345
9050    67.19306662470223
9180    66.96118519637577
9310    66.85120959117384
9450    66.9148731777319
9590    67.23669433036463
9730    67.89448036504322
9870    68.90336577921494
10010    70.15664123569988
10160    71.5219308373467
10310    72.59084657522031
10460    73.06906251504512
10610    72.87621284435991
10760    72.10034197427348
10920    70.91077858462664
11080    69.68632070529013
11240    68.67255065467043
11400    67.86723394159733
11570    67.11481757879127
11740    66.35226190786148
11910    65.56570042291034
12080    64.80343395453664
12260    64.11120240846489
12440    63.53531997644423
12620    63.11419515224978
12800    62.84657995252513
12990    62.76413117796711
13180    62.73869854872971
13370    62.88098846655184
13560    63.11638667966176
13760    63.39230471216764
13960    63.61756467019384
14160    63.70278213715821
14370    63.6664397756533
14580    63.42787205208961
14790    63.05617547995895
15010    62.58672255606621
15230    62.13650085420828
15450    61.785954248265476
15670    61.535513424404925
15900    61.3069861878535
16130    60.97469789172588
16360    60.423686811165766
16600    59.5583772191473
16840    58.0452852449086
17080    54.815646462308464
17330    51.110011692745665
17580    50.733207363507276
17840    50.48329670940929
18100    50.147488455824515
18360    49.80269787104547
18630    48.39148421843963
18900    45.22355303548926
19170    40.97791608372647
19450    37.31678414181937
19730    37.002093520938686
20000    37.07805117031347
