20.495643717152983; 0.5591948916120764
21.062609485767183; 0.9513132607302985
21.645259083941284; 1.3320658800190088
22.244026369455195; 1.6730383749044222
22.859357201786064; 2.0026451199603237
23.491709774108077; 2.2924717406129247
24.141554954476423; 2.5993469860097953
24.809376636449333; 2.900539356491908
25.495672099409184; 3.161951602570724
26.20095237885116; 3.4063152239052705
26.92574264691515; 3.6336302204955473
27.670582603444068; 3.866628092000578
28.43602687786002; 4.048480089272797
29.222645442157518; 4.230332086545019
30.044684772803574; 4.401954908970675
30.861764599483337; 4.5428902068566455
31.71548572814897; 4.66223058006654
32.592823126816945; 4.7702052034469205
33.49443008634547; 4.855448327168274
34.42097796941129; 4.912277076315844
35.37315671042575; 4.940691450889627
36.35167532927996; 5.065714699014279
37.35726245930166; 5.077080448843793
38.390666889816536; 5.008885949866709
39.452658123718585; 4.946374325804385
40.5440269504643; 4.935008575974869
41.66558603491729; 4.883862701742057
42.818170522482184; 4.815668202764975
44.002638660978164; 4.741790828873137
45.21987243971501; 4.66223058006654
46.47077824624803; 4.5713045814304305
47.7562875413005; 4.469012832964808
49.07735755235626; 4.3780868343286965
50.50383001474196; 4.265565911016511
51.830141762609365; 4.162137587567935
53.263905764723994; 4.037114339443283
54.73733161501904; 3.9007253414891174
56.25151646909253; 3.758653468620196
57.80758783287809; 3.6108987208365164
59.27177175895951; 3.4881486226777696
61.05005692566498; 3.321072100183919
62.738869091141495; 3.1790002273149938
64.47439843713977; 3.04261122936083
66.25793728911825; 2.934636605980451
68.09081372180512; 2.843710607344338
69.9425765442481; 2.7857452832138208
71.91007633545965; 2.7357359839639592
73.89930645007755; 2.7016387344754165
75.94356413037956; 2.656175735157362
78.04437158989093; 2.6277613605835803
80.23977662635262; 2.58798123618028
82.4219364085058; 2.5368353619474675
84.7019534292647; 2.4970552375441706
87.04504197978221; 2.451592238226116
89.33098468427998; 2.3902171891467425
91.92746086077307; 2.343617614845737
94.47042678187074; 2.2811059907834093
97.08373812114172; 2.2129114918063273
99.76934082596073; 2.127668368084972
102.52923467394865; 2.0424252443636206
105.36547476206502; 1.9458163708127536
108.28017303689303; 1.8605732470913985
111.27549986725555; 1.7582814986257738
114.3536856603354; 1.667355499989668
117.51702252250074; 1.582112376268313
120.76786596607413; 1.474137752887934
124.10863666331484; 1.3718460044223093
127.54182224892241; 1.2638713810419269
131.06997917240056; 1.1672625074910634
134.69573460166444; 1.059287884110681
138.42178837930575; 0.962679010559814
142.25091503297327; 0.8547043871794315
146.18596584136742; 0.7410468888842985
150.22987095738466; 0.6273893905891583
154.38564158999375; 0.508049017379264
158.65637224647028; 0.4057572689136393
163.0452430366558; 0.30346552044801456
167.55552204095952; 0.21253952181190883
172.1905677438666; 0.11593064826103827
176.95383153476251; -0.009092599863610218
181.84886027793723; -0.10001859849972305
186.87929895368413; -0.21367609679485966
192.04889337245743; -0.3386993449195117
197.3614929641108; -0.4409910933851364
203.7455521319362; -0.5773800913393003
209.38171341383477; -0.691037589634437
215.1737863888387; -0.7990122130148194
221.12608400237878; -0.9183525862247137
227.2430385077957; -1.0263272096050926
233.52920476672463; -1.1286189580707173
239.9892636407778; -1.230910706536342
246.628025477049; -1.3332024550019632
253.4504336900377; -1.4468599532971034
260.4615684426591; -1.5434688268479668
267.6666504290797; -1.6514434502283493
275.0710447621985; -1.7480523237792163
282.6802649686654; -1.8446611973300833
290.49997709441294; -1.9355871959661926
298.12897339554644; -2.01514744477279
306.79432931521626; -2.111756318323657
315.2811026572562; -2.2026823169597662
324.002643447312; -2.2822425657663636
332.9654459974654; -2.3674856894877188
342.1761842702978; -2.441363063379555
351.6417168485171; -2.5038746874418827
361.3690920420554; -2.5720691864189646
371.36555313644755; -2.628897935566531
381.63854378638877; -2.6743609348845894
392.1957135584981; -2.731189684032156
403.0449236274059; -2.7255068091174017
414.1942526294135; -2.731189684032156
425.65200267807774; -2.7198239342026405
437.4267055462088; -2.662995185055074
449.5271290188719; -2.5891178111632343
461.9622834221373; -2.5152404372713946
474.74142833242854; -2.4299973135500395
487.87407947147227; -2.3504370647434456
501.37001579197863; -2.265193941022094
515.2392867593363; -2.1856336922154966
529.4922198347319; -2.0947076935793874
544.1394281652802; -2.01514744477279
559.191818486879; -1.9242214461366807
574.6605992456826; -1.8332954475005678
590.5572889442328; -1.7480523237792163
606.8937247184735; -1.6684920749726224
623.6820711520216; -1.5605174515922364
640.9348293342717; -1.463908578041373
658.664846169068; -1.3843483292347756
676.885323940882; -1.2877394556839086
695.609830145614; -1.2024963319625535
714.852307593348; -1.1229360831559596
734.6270847905673; -1.037692959434608
754.9488866095804; -0.9524498357132565
775.832845253085; -0.884255336736171
797.294511522046; -0.8274265875886009
819.3498663952699; -0.7592320886115189
842.0153329293101; -0.7024033394639524
865.3077884875449; -0.6853547147196792
889.2445773075563; -0.6342088404868669
918.0090029862365; -0.59442871608357
943.4036520714585; -0.5375999669359999
969.5007868622279; -0.4694054679589179
996.3198400415812; -0.4125767188113514
1023.880781853913; -0.333016470004754
1052.2041349754006; -0.2591390961129143
1081.3109897957793; -0.16821309747680502
1111.2230201228606; -0.06592134901118385
1141.96249932148; 0.09888202351676867
1173.5523168988866; 0.31483127027753
1206.015995548935; 0.5932921411006156
1239.3777086677662; 0.9513132607302985
1273.6622983540153; 1.3604802545927939
1305.9223516518132; 1.7491888987621635
1338.9995061860404; 2.1788142423177845
1376.0399082673598; 2.4743237378851433
1407.688427209862; 2.7669917959951214
1440.0648529123632; 3.230146101547806
1479.9009999225898; 3.5597528466037076
1520.8391241148952; 3.8609452170858205
1562.909709203213; 4.1223574631646365
1606.1440821646916; 4.304209460436857
1650.5744365666624; 4.361038209584425
1696.2338565389068; 4.366721084499183
1743.1563414090517; 4.429232708561509
1791.3768310194655; 4.5087929573681045
1840.9312317444642; 4.6679134549812975
1887.5593997686012; 4.9543303506850425
1926.5868290127928; 5.341334132379988
1961.954789441554; 5.750501126242483
1988.9062010627774; 6.134095182988572
2016.227844756771; 6.5773594263396085
2048.5778169156292; 7.031989419520157
2076.7191707729803; 7.429790663553138
2105.2471029630588; 7.827591907586122
2134.166923920042; 8.236758901448617
2163.4840170276466; 8.657291645140624
2193.2038396212374; 9.089190138662147
2223.331924003704; 9.52108863218367
2253.8738784752877; 9.975718625364221
2284.8353883775676; 10.43034861854477
2316.222217151756; 10.873612861895806
2348.0402074115864; 11.24868260626976
2380.2952820308874; 11.657849600132256
2418.486643341469; 12.08406521873902
2462.8848187110234; 12.527329462090059
2508.0980483962894; 12.936496455952552
2559.9558172873194; 13.362712074559319
2624.7958547230055; 13.749147568762787
2697.404913494988; 14.0503399392449
2772.0225381545856; 14.237874811431876
2848.7042911480507; 14.328800810067989
2927.5072719314053; 14.35721518464177
3008.49015948839; 14.41404393378934
3091.7132560245104; 14.544750056828748
3177.238531869816; 14.732284929015727
3265.129671623801; 14.90845405137319
3355.4521215768136; 15.044843049327355
3448.2731384432295; 15.118720423219193
3543.6618394427946; 14.993697175094542
3633.417750375806; 14.712963154305552
3716.985305217722; 14.33107396003389
3811.1312528589674; 13.908268066375978
3916.5576053993545; 13.499101072513483
4015.758435366106; 13.106982703395259
4117.471881169929; 12.692132834618008
4231.372456437105; 12.396623339050649
4348.42383428912; 12.186356967204645
4468.713174574865; 11.987456345188154
4592.330048223921; 11.799921473001177
4719.366503943644; 11.6521667252175
4849.917136761344; 11.441900353371494
4984.07915846246; 11.231633981525489
5121.952469977272; 10.981587485276188
5263.639735770034; 10.697443739538343
5409.246460285921; 10.453080118203799
5558.881066512653; 10.418982868715258
5712.65497671546; 10.708809489367857
5870.682695405286; 11.112293608315595
6019.378732724599; 11.548738401768924
6171.841029039939; 11.987456345188154
6342.5710944667535; 12.180674092289888
6518.024022181092; 11.862433097063503
6667.936684956576; 11.436217478456737
6774.922394273271; 10.94180736087289
6852.390118077743; 10.46444586803331
6899.295292260616; 10.039366824409498
6962.335345804816; 9.543820131842697
7025.951407213952; 9.077824388832633
7090.148739571441; 8.53795127193073
7154.932654050389; 8.035016841974747
7220.308510353054; 7.497985162530222
7286.281717154174; 6.960953483085698
7352.857732548481; 6.475067677873984
7420.042064502312; 5.9977061850344064
7504.886397148309; 5.55444194168337
7590.700880734079; 5.118754864885343
7747.647221905111; 4.71905932921411
7961.968412434139; 4.559938831600915
8182.218315434729; 4.6338162054927565
8408.560935369005; 4.7702052034469205
8641.164813512676; 4.952057200719141
8880.203153455855; 5.190737947138929
9146.629026624307; 5.55444194168337
9335.745945118746; 5.938035998429459
9485.536119970338; 6.33867867991982
9615.839116651556; 6.7705771734413425
9703.700700640573; 7.199634229505486
9792.365091108319; 7.770763158438552
9881.839623436323; 8.324843462627348
9972.131700030786; 8.972691202909632
10063.248790934955; 9.637587567936185
10155.198434447211; 10.328056870079147
10232.464601178397; 10.862247112066294
10318.136560451358; 11.350974354735383
10436.119100578684; 11.805604347915935
10579.480274404645; 12.260234341096485
10749.225917597796; 12.680767084788492
10996.454997238883; 13.078568328821474
11300.647129263654; 13.339980574900292
11613.254050710017; 13.351346324729803
11934.508537753143; 13.135397077969044
12264.649805796234; 12.748961583765576
12546.733195507388; 12.382416151763756
12748.043018013212; 11.976090595358642
12923.163136271049; 11.55555785166663
13100.688883045774; 11.100927858486083
13280.653304503747; 10.646297865305531
13432.510687107284; 10.201897046971544
13524.457328007062; 9.793866628092
13679.102483171797; 9.390382509144262
13835.515925480058; 8.952801140707983
13993.717874378166; 8.53795127193073
14089.506024651757; 8.077638403835422
14218.244276397805; 7.438314975925275
14326.424263226856; 6.861503172077452
14435.427341101667; 6.384141679237873
14523.226635766954; 5.815854187762186
14633.727091071456; 5.338492694922609
14745.068292783677; 4.845219152321711
14879.796530279536; 4.326940960095884
15015.755802967555; 3.815482217767766
15152.957359029022; 3.2784505383232414
15326.223567436435; 2.8266619826000685
15431.132828819516; 2.3919220516211688
15678.722266040179; 1.9401334958979959
15966.549640507918; 1.6076853133847209
16222.729733291875; 1.22409125663863
16445.581691458687; 0.8035585129466192
16633.628388695386; 0.3716600194251001
16785.61272620214; -0.03409724948854276
16900.511626457635; -0.48077121778843335
17080.80850426238; -0.9240354611394679
17210.76840670181; -1.3843483292347756
17368.02617230468; -1.9128556963071652
17526.72082929191; -2.4584116881238245
17686.865506788497; -3.0465892418011613
17807.9335564835; -3.566572296501416
17889.105640668873; -3.958690665619642
17970.647723272617; -4.367857659482137
18038.88331297083; -4.8452191523217145
18121.10811183625; -5.333946394990807
18217.51086532686; -5.799942138000869
18217.51086532686; -6.209109131863364
18286.68380866598; -6.777396623339051
18383.967410777313; -7.197929367031062
18383.967410777313; -7.607096360893557
18481.768553375376; -8.118555103221674
18566.01211078482; -8.777768593333473
18650.639666995234; -9.4597135831043
18735.65297234916; -10.141658572875123
18821.053785167544; -10.778140563327891
18892.51841591146; -11.54532867682007
18978.63425245506; -12.142030542869541
18978.63425245506; -12.55119753673204
19065.1426220184; -12.994461780083078
19065.1426220184; -13.40362877394557
19152.045313844566; -13.846893017296608
19152.045313844566; -14.23901138641483
19224.766738583457; -14.778884503316732
19327.040862073973; -15.255109421173358
19312.39702871223; -15.699510239507347
19415.13733789099; -16.38713810419293
19503.635374873353; -16.9838399702424
19503.635374873353; -17.3930069641049
19592.536803416344; -17.836271207455937
19577.691807427014; -18.347729949784053
19681.84346225842; -18.85918869211217
19681.84346225842; -19.26835568597467
19726.649329938173; -19.58659668120105
