20    66.56044387996775
20.3    66.60494189941788
20.6    66.64868177845683
20.9    66.69170347778854
21.2    66.73420329492592
21.5    66.77635575112622
21.8    66.8180088172366
22.1    66.85843706572118
22.4    66.89630867001384
22.7    66.93000894255219
23    66.95816694318688
23.3    66.98023710730902
23.6    66.99685458495138
23.9    67.00979096421577
24.2    67.02148192098127
24.6    67.03908077291669
25    67.06212424703997
25.4    67.09119642563493
25.8    67.12430958323554
26.2    67.15854178352956
26.6    67.1916049269722
27    67.22244604141238
27.4    67.25089563290734
27.8    67.2770396555567
28.2    67.30084911063966
28.6    67.32219380699122
29    67.34104016806864
29.4    67.3575905994822
29.8    67.37223864962039
30.2    67.38540436328574
30.6    67.39743484187089
31    67.40859333739543
31.5    67.42163682096488
32    67.4339918494026
32.5    67.44585645835403
33    67.45719081225315
33.5    67.46774902415886
34    67.47722030638607
34.5    67.4853858484803
35    67.49219932104059
35.5    67.49776201442774
36    67.5022262172097
36.5    67.50572883294359
37    67.50840872007718
37.5    67.51044726761207
38    67.51206445127815
38.6    67.5137049889691
39.2    67.51511200466209
39.8    67.51612740992383
40.4    67.51645988375651
41    67.5158527594601
41.6    67.51417763946826
42.2    67.51145675873573
42.8    67.50784511926734
43.4    67.50356552966386
44    67.4988198832705
44.6    67.49374098224185
45.2    67.48839891058523
45.9    67.4818176476114
46.6    67.47466772874802
47.3    67.46671946975654
48    67.45803602836946
48.7    67.44899574547341
49.4    67.439881919536
50.1    67.4305224975972
50.8    67.42039376746527
51.5    67.40897560520668
52.2    67.39605681649783
53    67.37963618466232
53.8    67.3618798374959
54.6    67.34327486594964
55.4    67.32433578464453
56.2    67.30549286668844
57    67.28692925441315
57.8    67.26859721262784
58.6    67.25036832231163
59.5    67.22979298651319
60.4    67.20885873358466
61.3    67.18724464809972
62.2    67.16473388267352
63.1    67.14122610986601
64    67.11670580672146
64.9    67.09123596871297
65.8    67.06490808674423
66.8    67.0346990327169
67.8    67.00350913802774
68.8    66.97140211023013
69.8    66.9384074475545
70.8    66.90443064036117
71.8    66.86917195623352
72.8    66.83229338639222
73.9    66.7897080783153
75    66.74510547547415
76.1    66.69874553961972
77.2    66.65096856002015
78.3    66.60229296229886
79.4    66.55334082593737
80.6    66.50033861202924
81.8    66.44834355403395
83    66.39765649637567
84.2    66.3481994170954
85.4    66.29948337039818
86.6    66.25066553357365
87.9    66.19646785931758
89.2    66.13973470583517
90.5    66.07961706368475
91.8    66.01568572781571
93.1    65.94797504725842
94.5    65.8714650502495
95.9    65.79240999155888
97.3    65.71243140213573
98.7    65.63353519772055
100    65.56342526275625
102    65.46742173323395
104    65.3931724663467
106    65.34767733615476
108    65.33476212679962
110    65.35248863621788
112    65.39491607863923
114    65.45442825110518
116    65.52396032868651
118    65.59890126310157
120    65.67635677923431
122    65.7545526969648
124    65.8313141689278
126    65.90263937483633
128    65.96333449652957
130    66.00895925505704
132    66.0371467677563
134    66.0477805598261
136    66.0429741641803
138    66.02604256895091
140    66.00040016655123
142    65.96909552658661
144    65.93462835460747
146    65.89889305490763
148    65.86315473559276
150    65.82785289273816
152    65.79249381774667
154    65.75602517893125
156    65.71729588527371
158    65.67536707594303
160    65.6296571975927
162    65.5800592059696
164    65.5270878996925
166    65.47163587863596
168    65.41463516701705
170    65.35685088818138
173    65.26978597874907
176    65.18303754439535
179    65.0971834141711
182    65.01254708056663
185    64.92933944672018
188    64.84793516653048
191    64.76902648079152
194    64.69355159500597
197    64.62274878853222
200    64.55824523368682
203    64.50178916801244
206    64.4547998328998
209    64.4181278106112
212    64.39169253926255
215    64.37407183985101
218    64.36255702116559
221    64.35374746068985
224    64.34426498186187
227    64.33106039517693
230    64.31170416141497
233    64.28474564006535
236    64.24983444984125
239    64.20757867397256
243    64.14185302870261
247    64.06794013902069
251    63.98819136862741
255    63.904749082020174
259    63.81952494911857
263    63.73398849399668
267    63.649199273946785
271    63.565905519307705
275    63.48471021767739
279    63.406149016241756
283    63.33051000474954
287    63.2578413452988
291    63.188115852244465
295    63.121230407998176
299    63.0568511762573
303    62.99433788631882
307    62.9328713803518
312    62.85628944986101
317    62.778938449776675
322    62.70030917094262
327    62.62038577199077
332    62.53928317042251
337    62.45705872415844
342    62.373737379341705
347    62.289584175328564
352    62.20509832281476
357    62.120764455414474
362    62.03687515366609
367    61.95358187601165
372    61.871100945902796
377    61.789874114152504
383    61.695050888976624
389    61.604659951292774
395    61.52063686880815
401    61.44494077886009
407    61.37910661795938
413    61.324251156822775
419    61.28124965859034
425    61.25099796493363
431    61.23435536278009
437    61.2318112393817
443    61.243222067600385
449    61.26779304289738
456    61.311237255337126
463    61.36763752175377
470    61.43334871283909
477    61.504553552521614
484    61.577542964947796
491    61.64896598932711
498    61.71612697875872
505    61.77696691451416
512    61.830128319927766
519    61.87512894971948
527    61.91710111544344
535    61.95050021483666
543    61.977631796071606
551    62.00123881105725
559    62.023915187474714
567    62.0474222650981
575    62.072638556402026
583    62.09997000178031
592    62.134006152635905
601    62.17263154841053
610    62.21570254859098
619    62.26099758598147
628    62.306591272339546
637    62.35255179563284
646    62.40012191860576
655    62.44897456464792
665    62.50001472531355
675    62.543540779412034
685    62.58574735346296
695    62.63755700496949
705    62.70210099752512
715    62.77470682563451
725    62.84920102959826
736    62.92864811772085
747    63.00397123337451
758    63.075870526253794
769    63.14574618358208
780    63.214689692962594
791    63.2831487189744
803    63.35740150310859
815    63.43150728957772
827    63.50596336283338
839    63.58126423602101
851    63.6576497080064
863    63.73522424167693
876    63.82079407498435
889    63.90819727763157
902    63.99755262621427
915    64.08908601477006
928    64.1831725877467
942    64.28755190114619
956    64.3950694692341
970    64.50581570982257
984    64.62004699671465
998    64.7380564148338
1010    64.84231175793269
1020    64.93127556830085
1030    65.02193730517848
1050    65.20730354670434
1070    65.39619450455095
1090    65.58692664455779
1110    65.778746919963
1130    65.9715365734865
1150    66.16524860288087
1170    66.35963902388966
1190    66.554653927919
1210    66.75062232641551
1230    66.94823372924067
1250    67.14817011688478
1270    67.35090196004406
1290    67.55662181350458
1310    67.76499528852216
1330    67.97534744000018
1350    68.1870884851244
1370    68.39957939240216
1390    68.61182202533266
1410    68.82238228418441
1430    69.0296656873804
1450    69.23217057601286
1470    69.42897940520926
1490    69.61968264990011
1510    69.8038014183453
1530    69.9807357584541
1550    70.14993721529567
1570    70.311132467269
1590    70.46457703231374
1610    70.61067530895318
1630    70.74951344380216
1650    70.88073927973156
1670    71.00394843664549
1690    71.1192781414374
1710    71.22716036503311
1730    71.32803046558425
1760    71.4667631253499
1790    71.590538994105
1820    71.69870341860529
1850    71.79059827565742
1880    71.86589894734692
1910    71.9248427445232
1940    71.96788067847086
1970    71.9954623878493
2000    72.00817131097017
2030    72.00681764568156
2060    71.99244630694659
2090    71.96569204467968
2120    71.92684358458646
2150    71.87711445330915
2180    71.81878005778233
2210    71.75369652702516
2240    71.68303558109946
2270    71.60719972771084
2300    71.52674949350163
2330    71.44208216302368
2360    71.35340580543992
2390    71.26133980841712
2420    71.16696724652337
2460    71.03901442438783
2500    70.91030548766791
2540    70.7828045141005
2580    70.6587831824411
2620    70.54082988896616
2660    70.43117640651708
2700    70.32987293509781
2740    70.23713153973225
2780    70.15330051448478
2820    70.07873970780324
2860    70.0133623092112
2900    69.95702952645976
2940    69.90932581292785
2980    69.86917756771405
3020    69.83606747186037
3060    69.81009439278318
3100    69.79126435603334
3150    69.7771434217866
3200    69.77283655539392
3250    69.77873431528036
3300    69.79568424489602
3350    69.82414669620195
3400    69.86508296870461
3450    69.91881906108492
3500    69.98361390087334
3550    70.05546349891634
3600    70.12995120779425
3650    70.2027682234721
3700    70.26877652356885
3750    70.32280107652322
3800    70.36224026959721
3860    70.3899230990522
3920    70.39313804603259
3980    70.37236245515135
4040    70.32530842537886
4100    70.25221382181715
4160    70.15493302775306
4220    70.0361265033597
4280    69.89931572532751
4340    69.74641100221194
4400    69.57885706083094
4460    69.39947311782649
4520    69.21319325705247
4590    68.99500154839812
4660    68.7809672895781
4730    68.57575825343577
4800    68.38523028336007
4870    68.21848011244447
4940    68.08788093485681
5010    67.99639540749048
5080    67.93388970601427
5150    67.88809745139551
5220    67.85008857224953
5300    67.80496131890115
5380    67.7428338641944
5460    67.65052696023233
5540    67.52440537069226
5620    67.367149349745
5700    67.18315600900246
5780    66.9773705204737
5860    66.7613214041582
5950    66.5178907856245
6040    66.28443986440296
6130    66.07161406295249
6220    65.89016851134849
6310    65.74904807664635
6400    65.64994545297967
6490    65.59957846000594
6580    65.59894219576609
6680    65.65538648095236
6780    65.77286870725108
6880    65.95115045600161
6980    66.1833782519858
7080    66.43859558721711
7180    66.65914477099331
7280    66.90885048474684
7390    67.55342802283424
7500    68.41535945833124
7610    68.87456821304451
7720    69.0650107460933
7830    69.13252682477005
7940    69.046652875197
8060    68.72505408653885
8180    68.19197974433507
8300    67.53015184465897
8420    66.81962426897638
8540    66.12609269169147
8660    65.4919270440904
8790    64.90191701750251
8920    64.44210638631284
9050    64.10696535757222
9180    63.92095615046862
9310    63.886573526276536
9450    64.02698323887736
9590    64.3745788136841
9730    64.95988409064094
9870    65.81929994689536
10010    66.98578048108527
10160    68.48240052745378
10310    69.78701337030816
10460    70.0965215615231
10610    69.03242783354179
10760    66.93851096352154
10920    64.42269514250495
11080    62.11236369890765
11240    60.151084305471144
11400    58.477210351938204
11570    56.99164446739345
11740    55.71019779066996
11910    54.750800667283656
12080    54.03166647629416
12260    53.76660755207121
12440    53.754955504789024
12620    54.00247177471256
12800    54.51202385214568
12990    55.13831895176099
13180    55.778660756118576
13370    56.53877503691204
13560    57.522946411667164
13760    58.84941122839336
13960    60.3232963668311
14160    61.65344318760941
14370    62.836518033742045
14580    63.51421852616001
14790    63.59772314825035
15010    63.030674391000176
15230    62.34609874316277
15450    62.23050019361029
15670    62.34377272416496
15900    61.43959876535526
16130    58.70890452914864
16360    54.82691792615296
16600    50.867923717116284
16840    47.45006297519219
17080    44.40943027418835
17330    41.79756794913569
17580    39.74896825520017
17840    38.11723127914594
18100    36.75634784469993
18360    35.85463117493843
18630    36.93675933926694
18900    39.68154872405444
19170    40.25878426276769
19450    38.725496295203214
19730    38.360684741494936
20000    38.37874406747098
