20    69.93241820583711
20.3    69.9544432976934
20.6    69.97601287272377
20.9    69.99699172941708
21.2    70.01726815624187
21.5    70.03678118869766
21.8    70.05552409826355
22.1    70.0735261412866
22.4    70.09082524101589
22.7    70.10744392671502
23    70.12337244741607
23.3    70.13856844594855
23.6    70.15296880556335
23.9    70.1665058899817
24.2    70.17912591840715
24.6    70.19449899706287
25    70.20828315265163
25.4    70.22065159411021
25.8    70.23181287637655
26.2    70.24194793646728
26.6    70.25118547165167
27    70.25962664802245
27.4    70.2673869417842
27.8    70.27461327249853
28.2    70.28145772001623
28.6    70.28801848855983
29    70.29429534806043
29.4    70.30018714519595
29.8    70.30552849522148
30.2    70.31014275429104
30.6    70.31388540842043
31    70.31667681025532
31.5    70.31884480332621
32    70.31971723108026
32.5    70.31957812472564
33    70.31869923340595
33.5    70.31722505366155
34    70.31514654930345
34.5    70.31238858444388
35    70.30893316721564
35.5    70.30487749897506
36    70.3003792942457
36.5    70.29555209570836
37    70.290418259941
37.5    70.284951680165
38    70.27916675968888
38.6    70.27194763743321
39.2    70.26464835092267
39.8    70.25740090966941
40.4    70.25016666372981
41    70.24277610239761
41.6    70.23497536502865
42.2    70.22649766010356
42.8    70.2172031296231
43.4    70.20715458667124
44    70.19649596752016
44.6    70.18529136276302
45.2    70.17355140162587
45.9    70.15931720944516
46.6    70.14479589895002
47.3    70.13015301777281
48    70.11530756901476
48.7    70.10013617639791
49.4    70.08464052450262
50.1    70.06893469981759
50.8    70.0531674925266
51.5    70.03742420697472
52.2    70.0216690986897
53    70.00350010324297
53.8    69.98498153107386
54.6    69.9659419506749
55.4    69.94621774162204
56.2    69.92570798322004
57    69.90442494637863
57.8    69.88249105099023
58.6    69.86011874283544
59.5    69.83475930393469
60.4    69.8094964647953
61.3    69.78438579584514
62.2    69.75926431948005
63.1    69.73396702492423
64    69.70842560795535
64.9    69.68263299041787
65.8    69.6565970590609
66.8    69.62736603210013
67.8    69.59772309696885
68.8    69.5675158818764
69.8    69.536650016829
70.8    69.50516179169935
71.8    69.47318120511943
72.8    69.44084713404052
73.9    69.40499633833092
75    69.36891956571156
76.1    69.33261568327423
77.2    69.29605224266331
78.3    69.25919432105403
79.4    69.22199970824457
80.6    69.18096261193207
81.8    69.1393501966142
83    69.09710993978038
84.2    69.05425868865082
85.4    69.01087000134432
86.6    68.96702129721373
87.9    68.91906448118343
89.2    68.87068581939124
90.5    68.82191629833807
91.8    68.77277839005146
93.1    68.72330127219712
94.5    68.66968953903458
95.9    68.61580408854759
97.3    68.5616988375339
98.7    68.5073886554012
100    68.45675019508423
102    68.37833149941677
104    68.29909680217156
106    68.21893066338976
108    68.13779025223762
110    68.05562844478101
112    67.97243212926628
114    67.88834579562273
116    67.8036733661151
118    67.71880256903944
120    67.6340491479954
122    67.54943925835863
124    67.46450993195643
126    67.37845629839921
128    67.29045202845347
130    67.19988638083748
132    67.1064046547612
134    67.00979064292494
136    66.90987636684521
138    66.80647732482328
140    66.69932900254946
142    66.58805229097004
144    66.4721954421255
146    66.35152749057679
148    66.22635729505306
150    66.09768269460326
152    65.96732861438507
154    65.83810461537387
156    65.71385390056915
158    65.59929790171113
160    65.49967320045567
162    65.42021325955764
164    65.36551776815794
166    65.33896007644717
168    65.34221061790672
170    65.37491286554247
173    65.47320809808758
176    65.61702967808898
179    65.78796875653117
182    65.96696968305064
185    66.1369401344891
188    66.28460693497189
191    66.40146881708992
194    66.48380415706143
197    66.53189245648903
200    66.54880225321831
203    66.53916419425592
206    66.50813441666429
209    66.46061785795405
212    66.4008473508321
215    66.33235515020884
218    66.25807962480857
221    66.18042168214453
224    66.1012160193935
227    66.021732015212
230    65.94283514454216
233    65.86511112527569
236    65.7888343946471
239    65.71394346254098
243    65.61568850620148
247    65.51836436431986
251    65.4210350856562
255    65.32299767982525
259    65.22389050718922
263    65.12369605482597
267    65.0226837261524
271    64.9212135571378
275    64.81954127137949
279    64.71774626828784
283    64.61574948697066
287    64.51340571979509
291    64.41063452727798
295    64.30750384299901
299    64.20421529256177
303    64.10103767420682
307    63.99822634920694
312    63.87046111781785
317    63.743593066971414
322    63.61759730463608
327    63.49234453403583
332    63.36745870031545
337    63.24236528785977
342    63.11650470875316
347    62.9894190266257
352    62.86078459956424
357    62.73054429274278
362    62.59915087439035
367    62.467789550483346
372    62.33844310115278
377    62.21387621693905
383    62.075687978497655
389    61.956440416178914
395    61.86317572445063
401    61.80180326072431
407    61.77593145875205
413    61.78606883543639
419    61.8294526753655
425    61.900638832082294
431    61.99267061899022
437    62.09823340862965
443    62.210397301453746
449    62.32299155422396
456    62.44786698658101
463    62.559168897959296
470    62.65160035930657
477    62.72186114141131
484    62.768867383375486
491    62.79374795094893
498    62.79949259888559
505    62.79026074481412
512    62.77078666814525
519    62.74578357210379
527    62.71562892417632
535    62.68809462142855
543    62.6659576800447
551    62.65024552004683
559    62.640562151132926
567    62.63564123103778
575    62.63387330468927
583    62.6336779665356
592    62.63369638451137
601    62.63275909784436
610    62.63044622085788
619    62.627164194431394
628    62.623758626275595
637    62.62097777553964
646    62.61921075660257
655    62.61859610280162
665    62.619370142991556
675    62.62177190866013
685    62.62576544833951
695    62.63121095890097
705    62.63797722921973
715    62.646118250328215
725    62.655876750025485
736    62.66875024861549
747    62.684029202134944
758    62.70181333129249
769    62.722136209133325
780    62.74491467028342
791    62.76999800784208
803    62.7998860813219
815    62.83245872052464
827    62.867843542298296
839    62.9062017376021
851    62.94780842794459
863    62.992958391942565
876    63.04618843582726
889    63.10425318611996
902    63.16746201078527
915    63.2360643229548
928    63.31015620006252
942    63.395824208055686
956    63.48699368813794
970    63.58293595071371
984    63.682755490012624
998    63.785477374533656
1010    63.87514027082453
1020    63.95061279086143
1030    64.02651662244071
1050    64.17901341446162
1070    64.33193968309655
1090    64.48512007881142
1110    64.63864094025257
1130    64.79265980166149
1150    64.94744694138001
1170    65.10353499449566
1190    65.26185801766533
1210    65.42337129312412
1230    65.58849555167893
1250    65.75691782347656
1270    65.92832907320927
1290    66.10266216232219
1310    66.27999178706244
1330    66.46005009729008
1350    66.64237135636992
1370    66.82667583398637
1390    67.01276222832968
1410    67.20054683487655
1430    67.39008327809356
1450    67.58149729916232
1470    67.77500527979416
1490    67.97087610264236
1510    68.16936638965835
1530    68.37072452377897
1550    68.57525445305012
1570    68.78331266310208
1590    68.9950985183305
1610    69.21039791493797
1630    69.42875410677094
1650    69.64986002608468
1670    69.87349289582933
1690    70.0994250858545
1710    70.3272787857456
1730    70.5563353762878
1760    70.89957435508268
1790    71.23738138890877
1820    71.5632366826191
1850    71.8704603946502
1880    72.15276261988936
1910    72.40484789303355
1940    72.62300663065317
1970    72.80580719500207
2000    72.9538877084614
2030    73.06856288080905
2060    73.15167738607488
2090    73.20563399380447
2120    73.23332084023923
2150    73.23792301552072
2180    73.22262872720614
2210    73.19070264294587
2240    73.14537399076289
2270    73.08959505575822
2300    73.02598063630944
2330    72.95675662674743
2360    72.88373392941347
2390    72.80847849001125
2420    72.73243456748993
2460    72.63185634806479
2500    72.53419830523767
2540    72.44151549123193
2580    72.35567151945176
2620    72.27815882776704
2660    72.21021227678708
2700    72.15281188055923
2740    72.1066191930515
2780    72.07221473923944
2820    72.05000206410182
2860    72.04011883816285
2900    72.04278287137997
2940    72.05810276322313
2980    72.08542651936622
3020    72.12295270225273
3060    72.16794972124163
3100    72.21758189997374
3150    72.28417816392906
3200    72.35977612847243
3250    72.4568584668201
3300    72.58978511863245
3350    72.76364677098782
3400    72.9703665093796
3450    73.19458743309895
3500    73.42273211624924
3550    73.64517059448154
3600    73.8529291126372
3650    74.03640517810425
3700    74.18555900928281
3750    74.28998927814726
3800    74.33959134239777
3860    74.31486224050437
3920    74.1903970243267
3980    73.96573483219768
4040    73.6491942062137
4100    73.25658177063198
4160    72.80849113843658
4220    72.32677665086851
4280    71.8326532616212
4340    71.34601905796332
4400    70.88435845701518
4460    70.46185341597646
4520    70.08927574022832
4590    69.72780809002965
4660    69.45160849797787
4730    69.26321302194992
4800    69.16118763305457
4870    69.13972400920781
4940    69.18931194283321
5010    69.30043486682953
5080    69.46421127291566
5150    69.67130127305153
5220    69.91329690427045
5300    70.22382012055557
5380    70.5623133539479
5460    70.92336870538853
5540    71.30418492037515
5620    71.70393709818177
5700    72.12275349176221
5780    72.56097674605365
5860    73.01928496958026
5950    73.5593778492737
6040    74.12644598209422
6130    74.72267295929481
6220    75.35051434939072
6310    76.00968776183997
6400    76.69480892980317
6490    77.39552777252506
6580    78.09536838589406
6680    78.84045379417645
6780    79.5027319805194
6880    80.02085681091559
6980    80.33313590271237
7080    80.39942906592313
7180    80.21983943471488
7280    79.83197658022868
7390    79.22832467925673
7500    78.4937370152924
7610    77.64678046882779
7720    76.69001844237236
7830    75.65913637273408
7940    74.65266778113342
8060    73.74439131427485
8180    73.18527247217557
8300    73.0412355535229
8420    73.17206153361454
8540    73.1737729563217
8660    72.95004998612102
8790    73.15113739048084
8920    73.84334192186992
9050    74.0334122294966
9180    73.53311681147522
9310    72.65735411130694
9450    71.63172290852322
9590    70.6888810736933
9730    69.87806403208094
9870    69.25831053561035
10010    68.82864542997581
10160    68.41467587588814
10310    67.85258521795963
10460    67.09691483918222
10610    66.20191516980066
10760    65.22674022007484
10920    64.12119461316759
11080    62.929852893062716
11240    61.626782755328634
11400    60.203679428046385
11570    58.62829802953321
11740    57.18031405239374
11910    56.06997619642897
12080    55.385128207657516
12260    55.097139932786256
12440    55.2044658407064
12620    55.66109229525924
12800    56.374212105907105
12990    57.255477202626324
13180    58.13401909011344
13370    58.93277492566307
13560    59.62208462357981
13760    60.23071998925485
13960    60.75063200014877
14160    61.234438228923366
14370    61.751986638997955
14580    62.238965178329465
14790    62.54976031893071
15010    62.49684203546899
15230    61.868725066408096
15450    60.60701031723136
15670    58.860662549301736
15900    56.75927632720081
16130    54.60593805363577
16360    52.67854165455445
16600    51.17401835727473
16840    50.177140823461286
17080    49.480889704172995
17330    48.9629100807308
17580    48.740291628613214
17840    48.86650743624621
18100    49.67326866610012
18360    51.38442611649893
18630    51.96441546733179
18900    49.46172476806181
19170    45.39226464414537
19450    40.74166090069554
19730    35.674798787878274
20000    32.27951376890803
