20    76.682654742578
20.3    76.66690116530471
20.6    76.65122505748322
20.9    76.63547319362965
21.2    76.61956110561994
21.5    76.60350722772333
21.8    76.58741369735881
22.1    76.57141936536165
22.4    76.55564703800621
22.7    76.54016906002603
23    76.52499600446308
23.3    76.51007787716216
23.6    76.49531230265906
23.9    76.4805589379546
24.2    76.46565951557821
24.6    76.44530179300945
25    76.42410865243983
25.4    76.40189359450218
25.8    76.3785855423061
26.2    76.35418670417573
26.6    76.32872296667358
27    76.30221235010467
27.4    76.27467361680347
27.8    76.2461601849594
28.2    76.21678199474017
28.6    76.18669739636152
29    76.15608352395093
29.4    76.12510522373381
29.8    76.09390956276008
30.2    76.06264821828348
30.6    76.03150427826675
31    76.00069476479682
31.5    75.9629865684564
32    75.92647116222815
32.5    75.89124781874776
33    75.85714702419553
33.5    75.82378871341382
34    75.79068737479703
34.5    75.75732363904362
35    75.72317637302302
35.5    75.68776320129837
36    75.65071410954462
36.5    75.61182210708009
37    75.57103735204113
37.5    75.52842103881017
38    75.48412791247904
38.6    75.4291616898266
39.2    75.37291211123954
39.8    75.31629889530618
40.4    75.26028203987322
41    75.20569414275735
41.6    75.15312211375908
42.2    75.10287868231822
42.8    75.05514983596416
43.4    75.01031192109166
44    74.96917451007516
44.6    74.93283600507834
45.2    74.90215151163747
45.9    74.87357459114332
46.6    74.8515777880369
47.3    74.8341306701939
48    74.81888865769203
48.7    74.80332299773549
49.4    74.7849056883648
50.1    74.76168956955033
50.8    74.73298637471353
51.5    74.69958206395117
52.2    74.66328901419882
53    74.62091910595109
53.8    74.58002472958782
54.6    74.5421471686647
55.4    74.50767019617315
56.2    74.47602292285761
57    74.44612962830222
57.8    74.41673532661667
58.6    74.38657977574182
59.5    74.35041481439787
60.4    74.31087249015165
61.3    74.26747047534658
62.2    74.22030169763272
63.1    74.16983036030874
64    74.1166527235725
64.9    74.06137710669861
65.8    74.00453174715565
66.8    73.94001317480894
67.8    73.87445276719242
68.8    73.80813416699556
69.8    73.74122681070695
70.8    73.67380350773954
71.8    73.6059136913433
72.8    73.53768152087514
73.9    73.46258141906456
75    73.38810082257862
76.1    73.31521264518457
77.2    73.24513150415383
78.3    73.17920377083955
79.4    73.11872141449638
80.6    73.06008117372528
81.8    73.00955326532362
83    72.96655140980442
84.2    72.92935562564514
85.4    72.89537764790234
86.6    72.86166594204113
87.9    72.82228181205276
89.2    72.77740070862676
90.5    72.72560881763684
91.8    72.66660973151612
93.1    72.60094375458111
94.5    72.52398847386067
95.9    72.44207694384889
97.3    72.3566160882404
98.7    72.26870102287182
100    72.18554705232069
102    72.05580262533495
104    71.92488684620483
106    71.79341445043934
108    71.66158654613193
110    71.52914892144227
112    71.39544085976688
114    71.26001940213735
116    71.12258958106003
118    70.98329585137466
120    70.84336677811226
122    70.70553134122446
124    70.57310605713838
126    70.44950351549514
128    70.33797839822796
130    70.24078720650488
132    70.15845634721254
134    70.09009374107397
136    70.03452641019044
138    69.9914399343298
140    69.96166798549052
142    69.94675589211226
144    69.94808868516219
146    69.96564461989838
148    69.99694779526533
150    70.03675411502144
152    70.07784786606146
154    70.11281379382503
156    70.1362028868479
158    70.14632387944599
160    70.14588170013256
162    70.14103661979323
164    70.13926601232032
166    70.14702580804855
168    70.16816327740315
170    70.20347071947924
173    70.2784413779143
176    70.36896019742116
179    70.46251035521803
182    70.54931895865111
185    70.62359974515371
188    70.68283258451959
191    70.72629754654545
194    70.75428111115629
197    70.76776115462923
200    70.76793532635864
203    70.75557228662976
206    70.73059184282337
209    70.69210536551768
212    70.63898096220657
215    70.57064294096779
218    70.48764055406494
221    70.39174334062585
224    70.28560969091056
227    70.17226171912395
230    70.05458095658823
233    69.93494638039903
236    69.81518970905847
239    69.69660805229981
243    69.54188544414492
247    69.39259685919556
251    69.25038243279485
255    69.11672306646506
259    68.99250638186876
263    68.8778572021876
267    68.77228313806782
271    68.6749802694863
275    68.58506910289685
279    68.50171999119507
283    68.42421161658525
287    68.3517009891006
291    68.28294262276103
295    68.21634435066251
299    68.1501868683514
303    68.08281070358134
307    68.01282499905311
312    67.92032478979323
317    67.82176836858868
322    67.71769465266436
327    67.6091853664101
332    67.49739834577835
337    67.38328271538434
342    67.2675091705774
347    67.15052774750099
352    67.03272945044212
357    66.91457511051004
362    66.79667265525768
367    66.67981968593136
372    66.56501780939672
377    66.45347023335219
383    66.32598684723095
389    66.20835492819546
395    66.1039666960578
401    66.01621018332679
407    65.94799145931268
413    65.90124945300434
419    65.87660367040561
425    65.87336229862595
431    65.88966263022988
437    65.92267310660077
443    65.9688938851002
449    66.02457312299637
456    66.09662170563391
463    66.17104267606877
470    66.24256095892795
477    66.30668801842958
484    66.36013113166499
491    66.4010372467686
498    66.42951169687552
505    66.44798446674551
512    66.46086435069118
519    66.47344422794974
527    66.49311334784149
535    66.5210968434839
543    66.55587248642333
551    66.59408076855263
559    66.63322504022923
567    66.67196910244749
575    66.70931981803047
583    66.74446556617877
592    66.78137228471306
601    66.81655158743061
610    66.85052499445379
619    66.8825874534943
628    66.91217667153569
637    66.94008028785784
646    66.96863286781212
655    67.00071209644315
665    67.04234664620135
675    67.08936196942466
685    67.13855478331025
695    67.18564072132759
705    67.22597822105526
715    67.25499503804969
725    67.26893655914475
736    67.26518602994486
747    67.24456964347499
758    67.21598740546423
769    67.19179587029737
780    67.18315137545108
791    67.19612200716452
803    67.23491546586209
815    67.2942521329451
827    67.36715503512599
839    67.44756960857464
851    67.53144642384224
863    67.6167591075072
876    67.71013990853663
889    67.80467480156713
902    67.90079747339232
915    67.99899222461826
928    68.0997455923582
942    68.21155290675944
956    68.32702815520926
970    68.44617033243891
984    68.56881802374967
998    68.69470644548869
1010    68.80490474378124
1020    68.89813469491058
1030    68.992428603402
1050    69.18330175174873
1070    69.3757782426976
1090    69.56860035331272
1110    69.76083792560804
1130    69.95188076972883
1150    70.14177182718674
1170    70.33081356544102
1190    70.51937020913792
1210    70.70788775322052
1230    70.8969254041792
1250    71.08702800993156
1270    71.27868781224001
1290    71.47223273497224
1310    71.66770421529442
1330    71.86492369451234
1350    72.06352256347157
1370    72.26293361263326
1390    72.46256786732411
1410    72.66187714619082
1430    72.8605508153008
1450    73.05858299561368
1470    73.25625062843747
1490    73.45400886109081
1510    73.65230130527091
1530    73.8514907082799
1550    74.05191538240472
1570    74.25387458138573
1590    74.457540316027
1610    74.66295121956486
1630    74.87002081301307
1650    75.07858360359451
1670    75.2884936155867
1690    75.49959831224434
1710    75.71170067200093
1730    75.92454919568328
1760    76.24440899734145
1790    76.56358932516429
1820    76.88029430593681
1850    77.19226922219843
1880    77.4969925219024
1910    77.79142632003149
1940    78.0721114171251
1970    78.33530182771918
2000    78.57693704649324
2030    78.79288431550499
2060    78.97913428811076
2090    79.13225620166726
2120    79.24944478180748
2150    79.3288720458112
2180    79.36967687795996
2210    79.37204982929552
2240    79.33734010822857
2270    79.26802961711813
2300    79.16730794672996
2330    79.0389127890052
2360    78.88689558979183
2390    78.71528539856425
2420    78.52797445558203
2460    78.26036892870235
2500    77.98010759252654
2540    77.69433492830953
2580    77.40839765265444
2620    77.12594417448781
2660    76.84961254644242
2700    76.58138655046432
2740    76.32264595347908
2780    76.07470029164682
2820    75.83901354255072
2860    75.6173808971777
2900    75.41150237836112
2940    75.22261071027009
2980    75.05098044320522
3020    74.89514437250249
3060    74.75185573424615
3100    74.61707117963934
3150    74.45602312010305
3200    74.30412825795138
3250    74.1726430644602
3300    74.07690429100529
3350    74.01836573820638
3400    73.98038747289243
3450    73.94823644083198
3500    73.92098639665647
3550    73.90466435521324
3600    73.90446017276658
3650    73.92271944213134
3700    73.96017978582437
3750    74.01735333413568
3800    74.09479716105628
3860    74.21501041334244
3920    74.36482699604431
3980    74.5435855249556
4040    74.75102520657131
4100    74.98752218951441
4160    75.25273372433668
4220    75.54439644709421
4280    75.85772145099193
4340    76.18599826988107
4400    76.52060349565735
4460    76.85030433262527
4520    77.16046531367067
4590    77.47289756504821
4660    77.70089031212854
4730    77.81154682614635
4800    77.77652235875217
4870    77.58010821443511
4940    77.22524829664579
5010    76.73700420281776
5080    76.15429713438859
5150    75.51496276161899
5220    74.84870350052617
5300    74.08200127884027
5380    73.33121291098354
5460    72.61019361393805
5540    71.92942556518699
5620    71.30259313605973
5700    70.74755560888309
5780    70.27003859512345
5860    69.84706344211062
5950    69.39850781048847
6040    68.97341504165487
6130    68.59060742629003
6220    68.26086688354823
6310    67.98372004343491
6400    67.75575166517922
6490    67.57487596577164
6580    67.44194501682864
6680    67.35740937443747
6780    67.34835749232863
6880    67.40783341704835
6980    67.51316378718305
7080    67.65460950639435
7180    67.83964489790961
7280    68.07450527021976
7390    68.38678656141853
7500    68.73970372155112
7610    69.09556962577786
7720    69.3876050715131
7830    69.54146817498693
7940    69.5042395525873
8060    69.21890282269555
8180    68.68568200303741
8300    67.94648075513328
8420    67.06975224795396
8540    66.12579958238177
8660    65.17067517949742
8790    64.16548602093941
8920    63.21169891448646
9050    62.314740817768076
9180    61.475824420101844
9310    60.70226116536695
9450    59.9571841538401
9590    59.31190423984796
9730    58.76302207896931
9870    58.30747854671081
10010    57.946053958536126
10160    57.68075353476686
10310    57.60728912722766
10460    57.76698603315225
10610    58.08526698575995
10760    58.4481023838242
10920    58.835415206319524
11080    59.26219257867291
11240    59.783119965861445
11400    60.43400495783327
11570    61.31332638897322
11740    62.44730368362467
11910    63.83416551449053
12080    65.33599322094567
12260    66.70081919029847
12440    67.4452468655137
12620    67.52948815198064
12800    67.189979019541
12990    66.55937022989664
13180    65.68029073946096
13370    64.61838553386495
13560    63.59003994929584
13760    62.78428061704403
13960    62.3765858262976
14160    62.40167128937644
14370    62.89811738767703
14580    63.74749114344993
14790    64.52446222805636
15010    64.62469868567695
15230    63.66023766907077
15450    61.77905626211805
15670    59.38591158670913
15900    56.81800107592906
16130    54.523510174187635
16360    52.689080470541356
16600    51.24846533893569
16840    50.09369969779267
17080    49.18699591696722
17330    48.558921517436765
17580    48.2572695023999
17840    48.312013427323265
18100    48.79943519395992
18360    49.775596015020845
18630    51.12919371270918
18900    52.18960877402476
19170    52.29945232673484
19450    51.21083091313877
19730    49.16159664980152
20000    47.58736536595421
