20    61.138596703480886
20.3    61.162820385833435
20.6    61.18683664340421
20.9    61.210709427417726
21.2    61.23425278088014
21.5    61.256971916001675
21.8    61.27816789212703
22.1    61.29718520135968
22.4    61.31370622599239
22.7    61.32795199248427
23    61.34067957181671
23.3    61.352978338251965
23.6    61.36594079322768
23.9    61.3803334597228
24.2    61.39639466023134
24.6    61.419825882542476
25    61.44411051326159
25.4    61.467715519407584
25.8    61.48974827640131
26.2    61.510075665444475
26.6    61.52901526054157
27    61.546927754328394
27.4    61.564001100305205
27.8    61.58030190003285
28.2    61.595940604942356
28.6    61.61117327270239
29    61.626352480481295
29.4    61.641783601168015
29.8    61.65760208152152
30.2    61.673743141381166
30.6    61.69000700808974
31    61.706168585805926
31.5    61.72598594849717
32    61.74525210019222
32.5    61.76395365803339
33    61.78212623543616
33.5    61.799824825128596
34    61.81713080401974
34.5    61.83413249805295
35    61.850872828941206
35.5    61.86732305879422
36    61.883412240606646
36.5    61.899092449754306
37    61.914368467379674
37.5    61.92928521747338
38    61.94390160411919
38.6    61.96111812027411
39.2    61.97803105018512
39.8    61.99463183828115
40.4    62.010860173736916
41    62.02664138562428
41.6    62.041876936999756
42.2    62.056421393100734
42.8    62.070135691658436
43.4    62.08296638148947
44    62.09492241359193
44.6    62.106016813191054
45.2    62.11637590266457
45.9    62.128173072230645
46.6    62.14086843273982
47.3    62.155512574394415
48    62.172206087028975
48.7    62.19016983100542
49.4    62.20844152827406
50.1    62.226392513923116
50.8    62.24377470405862
51.5    62.26063239928859
52.2    62.27721354181416
53    62.29609940814348
53.8    62.314910860791585
54.6    62.333325913764526
55.4    62.35035429181529
56.2    62.36419505024332
57    62.37361712226266
57.8    62.37921111885931
58.6    62.382706242223065
59.5    62.38623403124578
60.4    62.391171324084624
61.3    62.39897095074667
62.2    62.41066439562603
63.1    62.426797207396135
64    62.44734294298189
64.9    62.47203761049203
65.8    62.50056749661276
66.8    62.535964726794404
67.8    62.57375449402143
68.8    62.61210452871915
69.8    62.649237992437676
70.8    62.683606850615895
71.8    62.714137204760135
72.8    62.74037334326864
73.9    62.76435789346308
75    62.78381080906455
76.1    62.799599407032275
77.2    62.812683841280005
78.3    62.82394947023873
79.4    62.83405588513541
80.6    62.84429551487148
81.8    62.85410923198117
83    62.863824987123905
84.2    62.87381868544192
85.4    62.88450681308504
86.6    62.89615765001204
87.9    62.90981740341594
89.2    62.924146468532946
90.5    62.938453699617654
91.8    62.951877318986526
93.1    62.96349061740261
94.5    62.97300480139876
95.9    62.97872781052065
97.3    62.980440335332084
98.7    62.978315141572494
100    62.97325756548563
102    62.960740464895366
104    62.944107523706435
106    62.92510739924285
108    62.90507356432417
110    62.88468505585617
112    62.864182248433906
114    62.84408338575339
116    62.82613878213045
118    62.814052147671504
120    62.81353281227171
122    62.83157652057184
124    62.875359375797274
126    62.9511190386457
128    63.063116248174246
130    63.21279140157151
132    63.39826379400981
134    63.614135628539366
136    63.85159089436492
138    64.09901848691148
140    64.34325954799914
142    64.57134572082296
144    64.77238143770393
146    64.9389296020129
148    65.06755267127218
150    65.15853658305488
152    65.2151080527116
154    65.24241493837509
156    65.24648566707441
158    65.23336262494232
160    65.20850280225949
162    65.17644181824018
164    65.14069653050666
166    65.10381044025692
168    65.06748525761779
170    65.03275410446062
173    64.98472208876355
176    64.94204790063372
179    64.90471021759775
182    64.87240976917218
185    64.84482426110203
188    64.82182555263759
191    64.80345981088583
194    64.78971474216553
197    64.78049935154252
200    64.77563494678353
203    64.77483415096947
206    64.77769611908201
209    64.78369220234828
212    64.79220704105396
215    64.80261368007501
218    64.81433019840324
221    64.82688841271585
224    64.84002537218404
227    64.85374804173588
230    64.8683099639291
233    64.88408965243946
236    64.90139627833688
239    64.92027627228944
243    64.94731011635096
247    64.97508757191063
251    65.0017957246956
255    65.02573077174107
259    65.04561412665677
263    65.06078088682517
267    65.07118637855456
271    65.07726680311801
275    65.07972968031893
279    65.0793534066411
283    65.07681623874788
287    65.07260001915328
291    65.06699057338176
295    65.06014017604116
299    65.05212605212097
303    65.04300651712853
307    65.0328705519726
312    65.01892919625371
317    65.00369430910175
322    64.98718679644628
327    64.96934873082097
332    64.95008289354081
337    64.92926320007312
342    64.90674207766378
347    64.88235410754308
352    64.85590606016532
357    64.82719747713654
362    64.79605858643873
367    64.76237837004669
372    64.72616554352132
377    64.68759192803923
383    64.63864733662137
389    64.58759947585826
395    64.53570500150632
401    64.48471449286473
407    64.43675685114229
413    64.39411683625171
419    64.35900632786479
425    64.33328874357501
431    64.31820693045191
437    64.31428496738224
443    64.32131653187238
449    64.33835154287408
456    64.36876675594101
463    64.40771288687637
470    64.45216311267738
477    64.49901179275031
484    64.54495556264419
491    64.58646771963535
498    64.6200401465218
505    64.64264710357803
512    64.65213833957068
519    64.6475051320773
527    64.62522078109362
535    64.58655710539941
543    64.53410085427961
551    64.47056739425727
559    64.3983306855145
567    64.31927849122825
575    64.23475305555476
583    64.14549413223092
592    64.03972174392626
601    63.92823146120034
610    63.81093706314863
619    63.68804542108521
628    63.56027089965245
637    63.429054937551236
646    63.296522774422115
655    63.16519626558228
665    63.023855280369744
675    62.8905211673988
685    62.76792181631346
695    62.65805830141096
705    62.562113630349586
715    62.48058810532498
725    62.413634517751134
736    62.35680603736456
747    62.31760995381019
758    62.29625585216945
769    62.29303181924102
780    62.30801676409284
791    62.3408227347816
803    62.39604239565927
815    62.4702433836478
827    62.5617694478462
839    62.66872376239797
851    62.78921732196292
863    62.921497978577776
876    63.07620875669507
889    63.240996386545504
902    63.41428551294594
915    63.59464194676812
928    63.780711005181466
942    63.985944741991034
956    64.19455919450976
970    64.40492554377103
984    64.61563710509785
998    64.82558950337099
1010    65.0043055733807
1020    65.15201334961026
1030    65.29838834923234
1050    65.58660354699757
1070    65.86815638518237
1090    66.14261262730054
1110    66.4098981577049
1130    66.67044151437076
1150    66.92481440176272
1170    67.1732823463712
1190    67.41591764090666
1210    67.65286992473688
1230    67.88430248388737
1250    68.11042577885388
1270    68.33151898092402
1290    68.54771853089804
1310    68.75896742258189
1330    68.96515458905209
1350    69.16621512862147
1370    69.36215911162185
1390    69.55299364789077
1410    69.73870286615528
1430    69.91916040778358
1450    70.0942196951421
1470    70.26376870138208
1490    70.42774402905985
1510    70.58614734623575
1530    70.7389344590612
1550    70.88591663406973
1570    71.0267986753697
1590    71.16122960400025
1610    71.28888366763107
1630    71.40963529024009
1650    71.52340184610603
1670    71.63009452338636
1690    71.72957040819728
1710    71.82159963815556
1730    71.90594317017147
1760    72.01783996125462
1790    72.11224446802035
1820    72.18981056340903
1850    72.25127052687861
1880    72.29713418321546
1910    72.32782674049128
1940    72.3439826385412
1970    72.34663785082748
2000    72.33697166381339
2030    72.31598654858632
2060    72.28470385850363
2090    72.24451567490239
2120    72.19708302915002
2150    72.14389628182082
2180    72.08614039610339
2210    72.02481231396905
2240    71.96083385470266
2270    71.89484021028305
2300    71.8275157379582
2330    71.75954306264858
2360    71.69144827361418
2390    71.62373697680876
2420    71.55689116312033
2460    71.46957654819975
2500    71.38490085369148
2540    71.30359113292315
2580    71.22613488525505
2620    71.15277716391424
2660    71.08371757408693
2700    71.0191753671852
2740    70.95921288990365
2780    70.90383036037886
2820    70.85293013481487
2860    70.80627753084607
2900    70.7634244874638
2940    70.72384991697285
2980    70.68707582090066
3020    70.6527330824596
3060    70.62040712869236
3100    70.58947970879174
3150    70.55161243222071
3200    70.51308424354967
3250    70.47221413651815
3300    70.42722439257149
3350    70.37572585450928
3400    70.31432737249467
3450    70.23945283509761
3500    70.14812611350126
3550    70.03790629130668
3600    69.90667057509549
3650    69.75243632784262
3700    69.57373516547071
3750    69.37012104762637
3800    69.1422677943051
3860    68.83894819897812
3920    68.50635030919724
3980    68.14819744188736
4040    67.7682422982538
4100    67.37093803737825
4160    66.96055728985215
4220    66.53828755995318
4280    66.09981273839992
4340    65.63462822500216
4400    65.12899108417237
4460    64.57988518079907
4520    64.02037936773706
4590    63.449626617929056
4660    63.03581791257075
4730    62.71107696707891
4800    62.3598606751235
4870    61.965990220042215
4940    61.62787014547254
5010    61.418029416170626
5080    61.27247294229666
5150    61.0715307797527
5220    60.7599121523175
5300    60.33749285769784
5380    60.04635826844642
5460    60.01468185590304
5540    60.116074926543774
5620    60.176331051992705
5700    60.16367687771823
5780    60.12501321730983
5860    60.10211514677363
5950    60.117316200422465
6040    60.182617171052364
6130    60.29841104967913
6220    60.45557082464805
6310    60.64953009326554
6400    60.885435309696305
6490    61.16812545632405
6580    61.50366364042605
6680    61.9531955307739
6780    62.493230534472374
6880    63.120149189764284
6980    63.83422945471604
7080    64.63349666003981
7180    65.49757829142135
7280    66.35428454681997
7390    66.94579161797833
7500    66.67005018987999
7610    65.76713519974122
7720    64.92194341250661
7830    63.943603543803
7940    62.43709956214278
8060    60.693472089985136
8180    59.70017316893639
8300    59.77108575883075
8420    60.12392147318596
8540    60.0267007869337
8660    59.66421348642376
8790    59.14842038905413
8920    58.32977688943198
9050    57.710221664133286
9180    58.29610167233868
9310    59.607042073829874
9450    60.76623816513359
9590    61.66108851305707
9730    62.43982621834073
9870    63.03579566125986
10010    63.13513116887016
10160    62.36855409031516
10310    61.16853656462344
10460    60.132566177416706
10610    59.18961078726651
10760    59.11860209147322
10920    60.22595224453597
11080    60.92127775357574
11240    59.98888623527985
11400    57.689193078688646
11570    55.50840683868131
11740    54.22298170689685
11910    53.491799784400996
12080    53.20682405606682
12260    53.50751709230093
12440    54.32685244401897
12620    55.34357284051964
12800    56.65217129491227
12990    58.8689094285717
13180    61.63955967330752
13370    64.04544816030248
13560    66.07056615155756
13760    68.07957298756921
13960    68.99017253950481
14160    67.7155662725045
14370    64.52979571474687
14580    61.24425258805726
14790    60.348561468483226
15010    62.23584743466677
15230    64.26848459395086
15450    65.10957599063126
15670    64.77131533348242
15900    63.30201106234074
16130    61.27564321806729
16360    59.63406512656695
16600    57.669748209486315
16840    54.637941471213885
17080    52.1440963178831
17330    51.48484737982268
17580    52.15008707781385
17840    53.4723682756546
18100    53.23357993449218
18360    52.26441469732411
18630    53.64175822643563
18900    56.498388410077226
19170    58.964491028565064
19450    60.531721944290524
19730    61.20479164609887
20000    61.284981540720636
