20    67.45067042144463
20.3    67.42320266927248
20.6    67.39627616887213
20.9    67.36989618655693
21.2    67.34384190026461
21.5    67.31772425878304
21.8    67.29116718028547
22.1    67.26399642009433
22.4    67.23633760994582
22.7    67.2085367161317
23    67.18098673844389
23.3    67.15392197825761
23.6    67.12727380894508
23.9    67.10067370793536
24.2    67.07359331178463
24.6    67.03594786938348
25    66.99607162745231
25.4    66.954154968551
25.8    66.91092261366255
26.2    66.86715821865087
26.6    66.82333831338339
27    66.77955984885833
27.4    66.73571249505363
27.8    66.6916877864983
28.2    66.64750671708788
28.6    66.60333985097425
29    66.55945852897621
29.4    66.51615454230571
29.8    66.47365014898955
30.2    66.4320440562859
30.6    66.39131899447975
31    66.35139802599569
31.5    66.30251667177544
32    66.25461332438766
32.5    66.20728541104185
33    66.15976813648354
33.5    66.11121889461148
34    66.06126132201629
34.5    66.01026994318768
35    65.95908153652968
35.5    65.90843619716821
36    65.85867230709115
36.5    65.8098278176767
37    65.76186956910001
37.5    65.71475801856963
38    65.66838369786899
38.6    65.61345306694561
39.2    65.55906685741449
39.8    65.50512818771847
40.4    65.45159817931392
41    65.39837252908032
41.6    65.34523856329673
42.2    65.29188934006436
42.8    65.23800150543721
43.4    65.183377462534
44    65.1280284308672
44.6    65.07211781848895
45.2    65.01586810014592
45.9    64.95017172858738
46.6    64.88490388923807
47.3    64.82058636575834
48    64.75753626259024
48.7    64.69578375207155
49.4    64.6351195885467
50.1    64.57521286182816
50.8    64.51580452596215
51.5    64.45687990254773
52.2    64.39868660196741
53    64.33350162608903
53.8    64.27004086098052
54.6    64.20843900995028
55.4    64.1487898456065
56.2    64.09114071104287
57    64.03537991525816
57.8    63.9811080253446
58.6    63.9275387835371
59.5    63.866958163097074
60.4    63.804824694331856
61.3    63.74032647028531
62.2    63.67394866688872
63.1    63.607279449712124
64    63.54100627777564
64.9    63.47459799700523
65.8    63.40748845946248
66.8    63.331737080861366
67.8    63.254796708182695
68.8    63.17713004350769
69.8    63.09954561587044
70.8    63.02325171090808
71.8    62.94953146010962
72.8    62.87930158531348
73.9    62.806063142934875
75    62.73544446912961
76.1    62.66550916446459
77.2    62.59523179393149
78.3    62.52424479265946
79.4    62.45252056585895
80.6    62.37365447896053
81.8    62.29468493042421
83    62.216443614021074
84.2    62.139744415051226
85.4    62.06512301544613
86.6    61.99269805906668
87.9    61.916314591245225
89.2    61.841386597366046
90.5    61.76735859890028
91.8    61.69402505992569
93.1    61.62147244450368
94.5    61.544297288401836
95.9    61.46814015797028
97.3    61.39298661299836
98.7    61.31882849457227
100    61.25092542065376
102    61.14829741630642
104    61.04753163292236
106    60.947641598495444
108    60.84762746983324
110    60.74667845838002
112    60.64367377626658
114    60.53803070079887
116    60.429809794222955
118    60.31962242700409
120    60.2092051166726
122    60.10092223361262
124    59.99755229627952
126    59.90213988021195
128    59.81792769725631
130    59.74808075477971
132    59.695266455097304
134    59.66115071102388
136    59.6457172534501
138    59.64761850348557
140    59.6646240567789
142    59.693198924332364
144    59.72859953642896
146    59.765599432897744
148    59.799474914112025
150    59.82700981386209
152    59.84671056551211
154    59.85801163319246
156    59.860991931734475
158    59.856628531542384
160    59.84690872363837
162    59.83458358957426
164    59.82275091158709
166    59.81431154901574
168    59.81143415315293
170    59.81516715963783
173    59.83238199722376
176    59.85922122606438
179    59.888407742637334
182    59.9115741482644
185    59.92196241297573
188    59.91603669158704
191    59.8933064244074
194    59.85564982271582
197    59.80604701014211
200    59.74758513427133
203    59.68308890963603
206    59.6148978468454
209    59.544626995001806
212    59.47335428330145
215    59.402154784872636
218    59.332243692356485
221    59.264813109104985
224    59.20076374227766
227    59.140640946610105
230    59.08483951734173
233    59.03361562332528
236    58.986954154729716
239    58.9445173640711
243    58.89332389647629
247    58.8464608926718
251    58.802097698034046
255    58.758764540299765
259    58.71527543295273
263    58.67072359514389
267    58.624391554987646
271    58.57570120428861
275    58.5242748085486
279    58.47001565669736
283    58.413164697055464
287    58.35422473569416
291    58.29380362890062
295    58.232494409482875
299    58.17087107201617
303    58.10956315236112
307    58.04907621351387
312    57.974983819621684
317    57.90251557850321
322    57.8313995713184
327    57.76158900693346
332    57.69349478230655
337    57.627464279396285
342    57.56334886086677
347    57.50108279985232
352    57.44136068426717
357    57.385771865771446
362    57.33680660378117
367    57.29774243024796
372    57.27237225668975
377    57.264835486555725
383    57.283611358401814
389    57.334098686862326
395    57.41417744732131
401    57.518295781022346
407    57.63784273743494
413    57.76300889483219
419    57.8849832946124
425    57.997176060670256
431    58.095714232387905
437    58.179065172859666
443    58.24759502892529
449    58.302801125218465
456    58.35325486880172
463    58.39211774723202
470    58.42293834573127
477    58.44909973431196
484    58.47336295009567
491    58.49782683178465
498    58.52417604518423
505    58.55412085867681
512    58.589502351378336
519    58.6318376055585
527    58.68965131987229
535    58.75720457648869
543    58.832983773977894
551    58.91472310317468
559    58.999810955032345
567    59.08558449642106
575    59.16950782341931
583    59.24917043493357
592    59.33133336413185
601    59.40430019786474
610    59.46803721840146
619    59.52349129864156
628    59.572623151154104
637    59.61755601764909
646    59.660345958208126
655    59.702760532184215
665    59.75080080299059
675    59.80030888699057
685    59.851041400215465
695    59.90234029598581
705    59.95357432698171
715    60.004422234089304
725    60.05483762161194
736    60.10997167113858
747    60.16516869868747
758    60.220788839897125
769    60.27704171015884
780    60.33405437724328
791    60.391885897691246
803    60.45597707354107
815    60.52124762832595
827    60.5877211966788
839    60.65526854491395
851    60.72373944398555
863    60.79302327244827
876    60.86907793593864
889    60.946432186751444
902    61.02515068149697
915    61.10511138991271
928    61.18623691566752
942    61.27491543833437
956    61.36487209450155
970    61.45593763006069
984    61.54797978142327
998    61.64088232600595
1010    61.721046659259216
1020    61.788096308261125
1030    61.85526035146764
1050    61.989624741861476
1070    62.12375516574268
1090    62.25760826104967
1110    62.39158563757684
1130    62.52599415064374
1150    62.660917888521126
1170    62.79681030341179
1190    62.93394267601156
1210    63.07258752917429
1230    63.21320758886276
1250    63.35603237155307
1270    63.50058710880721
1290    63.64540936673292
1310    63.78858026113696
1330    63.92766332375247
1350    64.0600146024698
1370    64.18317325591997
1390    64.29541604830294
1410    64.39605503941948
1430    64.48506945180102
1450    64.56247089770864
1470    64.62921472201438
1490    64.68686737330151
1510    64.73691713322125
1530    64.78060345664613
1550    64.81900965316451
1570    64.85322410589019
1590    64.88446073256495
1610    64.91379885866586
1630    64.94198070754749
1650    64.9693623599434
1670    64.99604030103872
1690    65.02213739789285
1710    65.04788779946678
1730    65.07354989228054
1760    65.11232262415805
1790    65.15197158759815
1820    65.1932852203657
1850    65.23712151002084
1880    65.28404329233993
1910    65.33441213585635
1940    65.38868482184199
1970    65.4473032331371
2000    65.51072690152566
2030    65.57964187826055
2060    65.65495316968472
2090    65.737173002146
2120    65.82588885433955
2150    65.92082376493306
2180    66.02202180663284
2210    66.12992377489397
2240    66.24468322561421
2270    66.36656526811932
2300    66.49529425104637
2330    66.63044971621042
2360    66.77191279079588
2390    66.91987676309222
2420    67.07379494633557
2460    67.2863167715393
2500    67.50399867571915
2540    67.72339059409913
2580    67.94007887402964
2620    68.14800290105046
2660    68.34004979455833
2700    68.5080492399881
2740    68.64217949457901
2780    68.73348410806041
2820    68.77381976727682
2860    68.75685653698594
2900    68.67430240466356
2940    68.52041848167846
2980    68.30106993046809
3020    68.0248307258523
3060    67.69805747819095
3100    67.32882248425457
3150    66.82567848367528
3200    66.29756823842112
3250    65.764787368577
3300    65.24500878744828
3350    64.75160007625726
3400    64.29393061416901
3450    63.880616470972164
3500    63.517985046527556
3550    63.20882686767659
3600    62.95451402459467
3650    62.75430131420139
3700    62.606752463559
3750    62.50935325633314
3800    62.45709793813177
3860    62.44790062860555
3920    62.50652669684803
3980    62.64062226755992
4040    62.866680754059665
4100    63.18926356299316
4160    63.60677828590572
4220    64.10807936083904
4280    64.6669073413643
4340    65.24615116824006
4400    65.79376422308334
4460    66.24867374759503
4520    66.54614692900759
4590    66.64491317170082
4660    66.490511462749
4730    66.12574429550406
4800    65.6280665151558
4870    65.07251456548761
4940    64.5154738788923
5010    63.99514795400813
5080    63.529024931231326
5150    63.12766927366229
5220    62.793773070028756
5300    62.49429228043219
5380    62.27936266363707
5460    62.143158342092065
5540    62.07769832004557
5620    62.075689274886514
5700    62.13320345457187
5780    62.254480370206835
5860    62.43138945916326
5950    62.68934313843476
6040    63.00683867751042
6130    63.3847248098817
6220    63.82434367325143
6310    64.32615379801359
6400    64.8832468100399
6490    65.49402726298361
6580    66.14520251552767
6680    66.88996048532773
6780    67.61772459513222
6880    68.27448358628064
6980    68.79509983465486
7080    69.11776527038667
7180    69.20596392890174
7280    69.06450575157417
7390    68.6948816617307
7500    68.17347964180108
7610    67.57784335223948
7720    66.97471214651364
7830    66.39833423258818
7940    65.86364478807343
8060    65.3415071036666
8180    64.89371061129378
8300    64.52656631675654
8420    64.24883863872617
8540    64.06963881608345
8660    63.983594149512555
8790    63.97704372270795
8920    64.04028503114313
9050    64.1412543090053
9180    64.26867615200972
9310    64.41680891159687
9450    64.59811046248946
9590    64.80528085205515
9730    65.04949937157429
9870    65.34470530385644
10010    65.70023211413618
10160    66.13957299760253
10310    66.6238183833877
10460    67.13843220546241
10610    67.67329026415601
10760    68.23360412503786
10920    68.83669748886257
11080    69.40038021630973
11240    69.94418848658538
11400    70.57692915297125
11570    71.35587164105745
11740    72.08517309055388
11910    72.63919764304939
12080    73.03042063443597
12260    72.9593925185851
12440    72.39020601511024
12620    71.18123300450776
12800    69.53084608454945
12990    67.50926548095647
13180    65.48308781035466
13370    63.58530869719907
13560    61.843438017388465
13760    60.185900517959865
13960    58.72948357761316
14160    57.496784926505086
14370    56.355934799407336
14580    55.45415160226681
14790    54.75018945936094
15010    54.24516558801524
15230    54.019720798138565
15450    54.092311812310626
15670    54.504926948132535
15900    55.37495865051588
16130    56.5941116689614
16360    57.991307354726786
16600    59.2507930595374
16840    59.092834602077716
17080    56.65579778501915
17330    53.04606394117213
17580    49.76322218393198
17840    47.024050988740804
18100    44.89564301223808
18360    43.36945464159305
18630    42.41347264933297
18900    42.00517929688638
19170    42.04434217512661
19450    42.424829557998095
19730    42.87211874658824
20000    42.91786080985567
