20    66.72809436304483
20.3    66.77548108709075
20.6    66.82228105519286
20.9    66.86859154081931
21.2    66.91440292647816
21.5    66.95956798369293
21.8    67.00383673855949
22.1    67.04694093952162
22.4    67.08867913368135
22.7    67.12895935148808
23    67.16780258700781
23.3    67.20530091105125
23.6    67.24155505635746
23.9    67.27662491144982
24.2    67.31051032117134
24.6    67.3537663413579
25    67.39471419788738
25.4    67.43334941879095
25.8    67.46985507130086
26.2    67.50459091199218
26.6    67.53800964960764
27    67.57052799069113
27.4    67.6024262482814
27.8    67.63381096416046
28.2    67.66464350660155
28.6    67.69481940056768
29    67.72425473720543
29.4    67.75292243287672
29.8    67.78083301509443
30.2    67.80800285008672
30.6    67.83443142541967
31    67.86010270894724
31.5    67.8911150634936
32    67.92096068783434
32.5    67.94970148094914
33    67.97739968715209
33.5    68.00410692967895
34    68.02987186419006
34.5    68.0547441323223
35    68.07876148364448
35.5    68.10192244781099
36    68.12418330142938
36.5    68.14549222183459
37    68.16583867763816
37.5    68.18528274919296
38    68.20393451906924
38.6    68.22542060746787
39.2    68.2460261196056
39.8    68.26576546041461
40.4    68.28461802964608
41    68.30258586604903
41.6    68.31971061880465
42.2    68.33605900935737
42.8    68.35169338925057
43.4    68.3666614369154
44    68.38100009976264
44.6    68.39473918555996
45.2    68.40789717021079
45.9    68.42251014494803
46.6    68.43628584891326
47.3    68.44915553491535
48    68.461048438321
48.7    68.47188639360891
49.4    68.48159611156467
50.1    68.49018086869741
50.8    68.49776091360681
51.5    68.50450740705205
52.2    68.51054921358492
53    68.51668401631696
53.8    68.52208154921331
54.6    68.52683775540751
55.4    68.53105414027762
56.2    68.53483390898111
57    68.53827221586994
57.8    68.54146634480264
58.6    68.54453755529138
59.5    68.54797714377594
60.4    68.5514134951924
61.3    68.55469260508856
62.2    68.55752680856513
63.1    68.55953774479457
64    68.56036920940134
64.9    68.55980658939825
65.8    68.55778418347876
66.8    68.55386936479135
67.8    68.54833621884245
68.8    68.54138899692265
69.8    68.5332588639355
70.8    68.52416126882417
71.8    68.51427634606102
72.8    68.50373335902422
73.9    68.4914675630346
75    68.47856082412655
76.1    68.46504929394158
77.2    68.45095829958035
78.3    68.43630184506097
79.4    68.42106270508535
80.6    68.4037169493483
81.8    68.38553696761112
83    68.36641204932712
84.2    68.3462004972808
85.4    68.32476982306719
86.6    68.30202486005156
87.9    68.27585311819183
89.2    68.24812441667396
90.5    68.21897589306333
91.8    68.18866573224008
93.1    68.15758270934697
94.5    68.12380553933508
95.9    68.09035604025696
97.3    68.05786035515675
98.7    68.02682922382868
100    67.99958644129956
102    67.96052783258338
104    67.92391157607051
106    67.88780016749965
108    67.84972703684855
110    67.80737527917992
112    67.75913685450703
114    67.70437256078714
116    67.64335275522629
118    67.57699619202677
120    67.50650879272624
122    67.43303209940899
124    67.35766086949016
126    67.28137992828884
128    67.20484642515713
130    67.12841135770825
132    67.0522755855346
134    66.9766233911842
136    66.90168396484228
138    66.82777013886587
140    66.75531177856845
142    66.68480414818174
144    66.61663016915158
146    66.55087921289334
148    66.48726588004925
150    66.42514671527864
152    66.3636458482252
154    66.30191480862135
156    66.23943622309928
158    66.17629220573943
160    66.11336488563273
162    66.05240189274267
164    65.9959533909702
166    65.94718854736027
168    65.90955634890594
170    65.88631681323662
173    65.88382679180614
176    65.92416171669822
179    66.00716658784712
182    66.12752333667338
185    66.27567232597022
188    66.43954879996458
191    66.60620934922463
194    66.76287156232901
197    66.89817182259615
200    67.00353382045091
203    67.0739892165901
206    67.10824887089305
209    67.10823182652231
212    67.07816855107305
215    67.02356553582581
218    66.95020366206302
221    66.86339726723165
224    66.76758218720407
227    66.6662113268575
230    66.56195058960816
233    66.45682270292862
236    66.35214001526779
239    66.24860143283317
243    66.1128500082259
247    65.97981759377413
251    65.84918115515951
255    65.72040551621672
259    65.59296216181944
263    65.46652374893954
267    65.34099431616741
271    65.21649969631824
275    65.09333508608705
279    64.9718819101013
283    64.8525183885631
287    64.73556563717395
291    64.62123021891244
295    64.50943471446074
299    64.39984187273055
303    64.29214029967396
307    64.1861277525557
312    64.05559403689011
317    63.92651306141663
322    63.79798756893868
327    63.66914735908436
332    63.53911110028849
337    63.40718866232989
342    63.27313443191869
347    63.13689568540852
352    62.99863346144579
357    62.859127857047156
362    62.719866199446635
367    62.58285454802441
372    62.45049299319194
377    62.32547236221788
383    62.189219654888674
389    62.07302917932675
395    61.98256088205014
401    61.92327703412991
407    61.899024656697
413    61.91050391647254
419    61.954459815560156
425    62.02404439380979
431    62.110341248462674
437    62.20414404351477
443    62.29725209228091
449    62.38324717494208
456    62.468978262633215
463    62.53576909953267
470    62.58286617154275
477    62.61151152222264
484    62.62419905301225
491    62.62412835131818
498    62.61483775617401
505    62.59987389647534
512    62.582351476534086
519    62.564556135293216
527    62.54553968263228
535    62.5285586642413
543    62.513381586926556
551    62.499293146068624
559    62.48552532500641
567    62.471460781775015
575    62.45672101274266
583    62.44102130799528
592    62.42165455597977
601    62.39961997284831
610    62.37405196682222
619    62.344351194716154
628    62.31035560931658
637    62.27234900815012
646    62.230945656248146
655    62.1869985431792
665    62.136400327851206
675    62.085386245662214
685    62.035593829943664
695    61.98873392173944
705    61.94635613793515
715    61.90954356501855
725    61.878832796958264
736    61.852219081492024
747    61.83285099124127
758    61.82009061525465
769    61.81294992978323
780    61.81028066382842
791    61.81100596422674
803    61.81468286774684
815    61.82070239657773
827    61.82880237269805
839    61.839115186754604
851    61.85200703739649
863    61.86789800349979
876    61.88890688359403
889    61.91420092059645
902    61.94405735177956
915    61.978682871706894
928    62.018127611456805
942    62.0658233377317
956    62.11863875366093
970    62.17618752914743
984    62.23808054920597
998    62.30391835237595
1010    62.36317811689095
1020    62.414366320494835
1030    62.467061230917636
1050    62.57657703454506
1070    62.69106249155516
1090    62.809907835453615
1110    62.93286040049112
1130    63.059854184434215
1150    63.19094586107318
1170    63.32658392020652
1190    63.46743060436944
1210    63.614106704636995
1230    63.766943823946136
1250    63.92609963170388
1270    64.09159923179011
1290    64.26320416630905
1310    64.44056843239085
1330    64.62319741589995
1350    64.81038163295693
1370    65.00143100913556
1390    65.19574951894097
1410    65.39279990722608
1430    65.59216593660744
1450    65.79360601290534
1470    65.99688021763453
1490    66.20161383423994
1510    66.40745462033888
1530    66.61414431122347
1550    66.82139051799425
1570    67.02873533296534
1590    67.23555202406907
1610    67.44125448595952
1630    67.64541872475101
1650    67.8476749026675
1670    68.04762075945777
1690    68.24484704902808
1710    68.43898777629528
1730    68.62978401225129
1760    68.90950844963531
1790    69.1812846184141
1820    69.44521636910682
1850    69.70177025400329
1880    69.95147521958839
1910    70.19481354373025
1940    70.43221381776073
1970    70.66410341709474
2000    70.89077756205322
2030    71.1127753453664
2060    71.33061180343825
2090    71.54376168210655
2120    71.74877679588741
2150    71.93687930690882
2180    72.0938676235013
2210    72.2069065275941
2240    72.28051179331074
2270    72.34689701240757
2300    72.4479232832697
2330    72.60166046126963
2360    72.7937835920859
2390    72.99647086571912
2420    73.18867232109795
2460    73.41538880061027
2500    73.60956991638693
2540    73.77595419892891
2580    73.91771489740509
2620    74.03682087294013
2660    74.13417550374368
2700    74.20886588879857
2740    74.2604162243343
2780    74.29273390721846
2820    74.31276455637902
2860    74.32612780235755
2900    74.33523461189853
2940    74.34039634993904
2980    74.34169217118837
3020    74.33994248448806
3060    74.33649519611139
3100    74.33275232261988
3150    74.33000192699896
3200    74.33261442456572
3250    74.34390989346996
3300    74.3671037766974
3350    74.40498497421005
3400    74.45977892561686
3450    74.53332811013331
3500    74.62689743710311
3550    74.74142333963468
3600    74.87746454984013
3650    75.03515818952516
3700    75.2140239358202
3750    75.41300472845904
3800    75.63060117945551
3860    75.91273361050756
3920    76.21040166680794
3980    76.5115886001122
4040    76.79889057877313
4100    77.04886336672749
4160    77.2329683487686
4220    77.32091011217757
4280    77.28612374929197
4340    77.11194385570269
4400    76.79592646394835
4460    76.34999000362728
4520    75.79662904975535
4590    75.05262694085327
4660    74.24589766059995
4730    73.4139073193837
4800    72.58388806193362
4870    71.77439849297122
4940    70.99714400642368
5010    70.2584803196488
5080    69.56106322648
5150    68.90592899910942
5220    68.29352976308874
5300    67.64530716238497
5380    67.05005033264516
5460    66.50570728008857
5540    66.00935919222627
5620    65.55812336917553
5700    65.14959582195641
5780    64.78178866716365
5860    64.4535005743065
5950    64.130028413581
6040    63.85314388979539
6130    63.622419679494755
6220    63.438535306376274
6310    63.30209422222289
6400    63.21293237876043
6490    63.170964520694504
6580    63.176388410498745
6680    63.23766350968501
6780    63.355008350534604
6880    63.52529253781809
6980    63.745769640692544
7080    64.01243752904304
7180    64.31884315541348
7280    64.65439861135216
7390    65.03503858400994
7500    65.39025408575648
7610    65.66919405021025
7720    65.81772725961696
7830    65.79263704551556
7940    65.57327963172331
8060    65.11849390998901
8180    64.47587905343389
8300    63.70185082271308
8420    62.85610369614494
8540    61.99034756871279
8660    61.14360600692363
8790    60.276386741782545
8920    59.475612288294656
9050    58.74676389083977
9180    58.09142293976899
9310    57.5093395469083
9450    56.96397237961999
9590    56.50189516484512
9730    56.121864597732724
9870    55.821854065004445
10010    55.600202990873456
10160    55.44899037356171
10310    55.38690316081404
10460    55.41662650175182
10610    55.54631306237348
10760    55.77825985149284
10920    56.13520198204402
11080    56.61247433849499
11240    57.22227732573296
11400    57.977209672368446
11570    58.95613536576688
11740    60.14166300696358
11910    61.56118772629762
12080    63.22319186392206
12260    65.15297484788299
12440    66.90417358730394
12620    67.89442900181993
12800    67.76119115714961
12990    66.66609211820213
13180    65.26461029845785
13370    64.04716877904684
13560    63.18315145864887
13760    62.67364932291079
13960    62.56104281403508
14160    62.84436729442845
14370    63.5347931786531
14580    64.47028917836347
14790    65.41577021681354
15010    66.05114610927008
15230    65.78247609826008
15450    64.39772523619925
15670    62.31502346070663
15900    60.036811908155116
16130    58.081179693363914
16360    56.69662031060059
16600    55.89035088335484
16840    55.486532816971376
17080    55.18971116330718
17330    55.026503723382746
17580    55.41704088606525
17840    56.6002651160325
18100    58.616273789782156
18360    60.976250740948515
18630    62.33385260659679
18900    61.4452200163961
19170    59.020425798408624
19450    56.48895743833302
19730    54.55850628311319
20000    53.52169704245086
