20    62.607152022393706
20.3    62.6164232035901
20.6    62.62594879608682
20.9    62.63642903918661
21.2    62.64875180957861
21.5    62.663656439126164
21.8    62.68142065195893
22.1    62.701725797602165
22.4    62.72371351557936
22.7    62.74626736719944
23    62.76834489951074
23.3    62.789235991575566
23.6    62.80867645755848
23.9    62.82678869414046
24.2    62.84390702044034
24.6    62.86578701555544
25    62.88711153889376
25.4    62.90815742439533
25.8    62.929019195268445
26.2    62.94974643576363
26.6    62.97033698398558
27    62.9906717602437
27.4    63.010510346964196
27.8    63.02957292967638
28.2    63.047668205601795
28.6    63.06475503239062
29    63.08090802637718
29.4    63.0962418091957
29.8    63.11085176027816
30.2    63.12481602520319
30.6    63.138229532891515
31    63.15123032534068
31.5    63.16716480474274
32    63.18304992169079
32.5    63.19911150172136
33    63.21546002913789
33.5    63.23210198287619
34    63.24895811637111
34.5    63.265881300984034
35    63.28266535708259
35.5    63.299079319405486
36    63.31490833149063
36.5    63.329989317898175
37    63.344215693617244
37.5    63.357536131025526
38    63.36997472016055
38.6    63.38387904548678
39.2    63.39680264880823
39.8    63.408681885872326
40.4    63.41937876031491
41    63.429012733843564
41.6    63.43802006392177
42.2    63.446715316279864
42.8    63.45504816782473
43.4    63.46315685208762
44    63.47200584141894
44.6    63.48309395039274
45.2    63.497306896247565
45.9    63.51705480432439
46.6    63.53788350431152
47.3    63.55767830646234
48    63.57548182700886
48.7    63.591150361309744
49.4    63.60479779731136
50.1    63.61654947523148
50.8    63.6266711383102
51.5    63.63573145418796
52.2    63.644398164516076
53    63.654251340116645
53.8    63.6639159917456
54.6    63.67278949337374
55.4    63.680125200524486
56.2    63.6856813082905
57    63.6897684603863
57.8    63.69283047369061
58.6    63.69555710405205
59.5    63.69981372349439
60.4    63.707260133576455
61.3    63.71920137060556
62.2    63.73568640809418
63.1    63.755326287375595
64    63.77576154797504
64.9    63.79380673101202
65.8    63.80574507143138
66.8    63.810198096630984
67.8    63.80779291280597
68.8    63.80162564609206
69.8    63.79353022428583
70.8    63.78470427538516
71.8    63.77608388033464
72.8    63.76839467308318
73.9    63.76146283293724
75    63.756081008297045
76.1    63.751747295617335
77.2    63.74777063336657
78.3    63.74344318018592
79.4    63.73824320516398
80.6    63.731283799077744
81.8    63.72293897122343
83    63.71333396028011
84.2    63.7027615807432
85.4    63.6917165395275
86.6    63.68087866189356
87.9    63.67031053389612
89.2    63.66186769019364
90.5    63.6558211412643
91.8    63.65162706178083
93.1    63.64828851797556
94.5    63.64442548793416
95.9    63.639164519179886
97.3    63.63174478687783
98.7    63.62197270845964
100    63.61114238606788
102    63.59281868630433
104    63.57532446382736
106    63.56131216824565
108    63.55144702264643
110    63.54407355310718
112    63.53664885631019
114    63.528154109282255
116    63.51859776612862
118    63.50768368723823
120    63.49463352028751
122    63.47836499772336
124    63.45818518120103
126    63.43419791780235
128    63.4071908134498
130    63.37814679190895
132    63.34797434930269
134    63.31732003886701
136    63.28662809643528
138    63.25664738987042
140    63.228541470138644
142    63.20349181647154
144    63.182210581907654
146    63.164590250315726
148    63.14956536590482
150    63.13529982099301
152    63.119534104763716
154    63.09998752167771
156    63.07479594554292
158    63.042749821654496
160    63.003422497467014
162    62.95720887239994
164    62.90514806800742
166    62.848536627938735
168    62.78866505030729
170    62.72669571452454
173    62.63181952625811
176    62.536476789879444
179    62.44186177276975
182    62.34872187399161
185    62.257762372651385
188    62.16988040436756
191    62.086283998724014
194    62.008683284363
197    61.93952622494726
200    61.882229770348204
203    61.841058295730804
206    61.821083094866275
209    61.828387973589955
212    61.86913904140236
215    61.94769147134787
218    62.064562756890105
221    62.21507555604421
224    62.38866470146013
227    62.570202989540476
230    62.74240649087222
233    62.8893445361004
236    62.99999922250744
239    63.070744416441
243    63.11136190614338
247    63.11357520292104
251    63.10655919249024
255    63.113313923601744
259    63.1440007439999
263    63.195332758245264
267    63.254787064544786
271    63.306954541166604
275    63.33900166824502
279    63.343726921152054
283    63.31974894229979
287    63.26996097170256
291    63.199445488412756
295    63.11387935808922
299    63.01855295681717
303    62.91784900964333
307    62.81496794933226
312    62.68635516521273
317    62.55970991433304
322    62.435955392029015
327    62.315213393974275
332    62.19715529447544
337    62.081211722303436
342    61.96673819081159
347    61.85313996056348
352    61.73997576385625
357    61.62706346375907
362    61.51452502996874
367    61.40273557269227
372    61.29222419739864
377    61.18364208016533
383    61.05706958085858
389    60.93642029912248
395    60.82435782252822
401    60.72418081231089
407    60.639180783733345
413    60.57233519835851
419    60.52607807012936
425    60.50199198488335
431    60.50060475120809
437    60.52103289245797
443    60.56110592282911
449    60.617788197121115
456    60.70032548832148
463    60.79497481677403
470    60.895627514815956
477    60.996397226817926
484    61.09211860170245
491    61.17882824707944
498    61.25407322294639
505    61.316968860721516
512    61.36815830604111
519    61.40957061478145
527    61.448516604120094
535    61.48251672238239
543    61.514478194926326
551    61.54570919995561
559    61.57645437769008
567    61.60646924745825
575    61.63526126455614
583    61.662262612521516
592    61.68982413427844
601    61.713674920983415
610    61.7330078598641
619    61.74721303087575
628    61.75624479651902
637    61.7606742386463
646    61.76136102390316
655    61.75902686918275
665    61.753493655276486
675    61.745402833551935
685    61.73543552171397
695    61.72466905813683
705    61.714686580326585
715    61.707334257690626
725    61.70427022818636
736    61.70720795189777
747    61.717507675772296
758    61.735288908765796
769    61.760036290518585
780    61.79077472640007
791    61.826362586389756
803    61.86945874338812
815    61.91591740412744
827    61.96494144730087
839    62.01595577970194
851    62.06860253193423
863    62.12274808097221
876    62.18337792821665
889    62.24691512593553
902    62.31428863482945
915    62.38606235103845
928    62.46242085459368
942    62.549738355594
956    62.64218570800121
970    62.73945626505366
984    62.84111986655867
998    62.94686136987339
1010    63.04062107853638
1020    63.120820523766426
1030    63.2026787631524
1050    63.370358583415104
1070    63.542180890892865
1090    63.71796987144034
1110    63.89763983408082
1130    64.08031082357456
1150    64.2647438487876
1170    64.45031068020457
1190    64.6370748366122
1210    64.82532934471932
1230    65.0151850095827
1250    65.2060725622205
1270    65.39751736492215
1290    65.58936317941416
1310    65.78153466355629
1330    65.97402849008252
1350    66.16680372573771
1370    66.35969975171406
1390    66.5526700809888
1410    66.74572999285269
1430    66.9383579311829
1450    67.12954055826488
1470    67.3186330870641
1490    67.50553781952827
1510    67.69022138136965
1530    67.87270960145648
1550    68.0532191590368
1570    68.23199657146407
1590    68.40895966406552
1610    68.5838215485897
1630    68.75620073710361
1650    68.92563068288688
1670    69.0917053637892
1690    69.25437899613291
1710    69.41367586488681
1730    69.56954561925212
1760    69.79674652377676
1790    70.0156197711345
1820    70.22481020025614
1850    70.42295174660089
1880    70.61059333747903
1910    70.78900063109774
1940    70.95818799991699
1970    71.1171760343833
2000    71.2654192538107
2030    71.40299396498105
2060    71.53017348793064
2090    71.64720579402078
2120    71.75423771634794
2150    71.85183501622032
2180    71.94113985594348
2210    72.02282115650661
2240    72.0975119711382
2270    72.16526557445533
2300    72.22602937122926
2330    72.2799551672764
2360    72.32722507721724
2390    72.36810413284185
2420    72.40298131349212
2460    72.44019645991119
2500    72.46656301523637
2540    72.48172508095547
2580    72.48704804581094
2620    72.484446329133
2660    72.47465380261272
2700    72.45745640592517
2740    72.43314953322572
2780    72.40310122644328
2820    72.36817451047132
2860    72.3288609697855
2900    72.28567288425316
2940    72.23905008052174
2980    72.18857184723824
3020    72.1341750083219
3060    72.07624175009468
3100    72.01574036646875
3150    71.93835462197535
3200    71.86003480221606
3250    71.78063846569765
3300    71.69962289872359
3350    71.61636077179708
3400    71.53123947484028
3450    71.44504670848171
3500    71.35797515151968
3550    71.27026489465212
3600    71.1831974305235
3650    71.09751896069574
3700    71.01329617107139
3750    70.93055094903117
3800    70.84972064848296
3860    70.75553004579186
3920    70.66349549033663
3980    70.57228487399256
4040    70.48159410070556
4100    70.3915479870446
4160    70.30125434275774
4220    70.20914337790737
4280    70.11449511615938
4340    70.01688817504144
4400    69.91506880010478
4460    69.80717988418576
4520    69.69130964508093
4590    69.54492454536651
4660    69.38746984983955
4730    69.21908767074645
4800    69.0400602004191
4870    68.85208018820902
4940    68.6579105061688
5010    68.46165509108752
5080    68.26500326891977
5150    68.06693966438499
5220    67.86872385440984
5300    67.64867206427137
5380    67.4460590794285
5460    67.26366947318743
5540    67.10202688108845
5620    66.97459212873937
5700    66.9007110367838
5780    66.89832330245339
5860    66.96682921890964
5950    67.10011160136474
6040    67.20943679661173
6130    67.24418439644086
6220    67.28725209874516
6310    67.4134866985247
6400    67.62212176833786
6490    67.90095653678188
6580    68.21949679994324
6680    68.60717708465492
6780    69.0341157813182
6880    69.49684246630727
6980    69.98119418594393
7080    70.46311795510165
7180    70.90925008637697
7280    71.28029367771475
7390    71.55831403529768
7500    71.66017856670675
7610    71.55645726011159
7720    71.26526617681378
7830    70.83116669889151
7940    70.29190695875434
8060    69.62080751471245
8180    68.90651670653891
8300    68.1870440575566
8420    67.49352115302634
8540    66.83811966618029
8660    66.19277446549312
8790    65.46191649992284
8920    64.67101784841475
9050    63.83075557894475
9180    62.9582277858009
9310    62.070631909128096
9450    61.10607637648586
9590    60.14442940206699
9730    59.20379894762146
9870    58.30536221752229
10010    57.46660384361368
10160    56.648168235959325
10310    55.92435337944464
10460    55.30462599481309
10610    54.791707732949256
10760    54.40398676807131
10920    54.12359639805163
11080    53.96723226100154
11240    53.94197521507411
11400    54.03631010358063
11570    54.28013139452806
11740    54.61233552957218
11910    55.02582718708
12080    55.43816192886456
12260    55.73141478596609
12440    55.85597578701672
12620    55.85991912699641
12800    55.87291597487041
12990    55.96611168983506
13180    56.06664293136685
13370    56.12804706695116
13560    56.13892475386207
13760    56.16420452370519
13960    56.30929290178349
14160    56.81307904225265
14370    57.2730878257472
14580    56.927782033415646
14790    55.56330781754102
15010    53.26266762192896
15230    50.73647617831905
15450    48.5610867442858
15670    46.85850317217759
15900    45.48673394023151
16130    44.243857811516506
16360    42.958774952907845
16600    41.90188532245635
16840    41.28229044435462
17080    40.55545759519526
17330    39.23684821023528
17580    37.01335318637147
17840    34.10684895898588
18100    31.18063641010843
18360    28.504982965895458
18630    26.216950024622292
18900    24.778795524104694
19170    24.067518094243816
19450    23.464014935006226
19730    22.856557676163405
20000    22.794258438547462
