21.67187470340008    11.347723406456709
22.653325031911926    11.183249959696731
23.679222126590474    10.99136427181009
24.751578840216233    10.817753411341227
25.872499181274957    10.698967033125687
27.044182442109843    10.52535617265682
28.268927514024604    10.306058243643516
29.5491373978038    10.086760314630213
30.88732391850043    9.894874626743572
32.28611265374114    9.712126352565821
33.74824808521876    9.520240664679179
35.27659898347958    9.36490463162809
36.874164036570484    9.200431184868112
38.544077733589695    8.999408083272584
40.28961651468476    8.743560499423726
42.11420519956443    8.442025847030436
44.02142370713744    8.177040849472693
46.01501407946231    7.939468093041615
48.09888782378958    7.711032750319422
50.27713358710175    7.464322580179456
52.554025178208676    7.217612410039489
54.93402995313852    6.970902239899523
57.42181758027578    6.733329483468445
60.0222692024452    6.5231689681640255
62.74048701391696    6.322145866568501
65.58180427112414    6.102847937555197
68.55179575673365    5.847000353706342
71.65628871760187    5.545465701313049
74.9013742980753    5.280480703755309
78.29341949106923    5.015495706197566
81.8390796303728    4.759648122348711
85.54531144869048    4.494663124790968
89.41938672704167    4.229678127233228
93.4689065622968    3.9555557159665966
97.70181628084636    3.6631584772821917
102.12642102766117    3.3342115837622366
106.75140206133304    2.9778524491156197
111.58583378706463    2.6032184870512225
116.6392015610302    2.1828974564423937
121.92142030103943    1.8630879766313235
127.44285394001827    1.7808512532513348
133.60826630183928    2.0915233193535165
139.24718964985837    2.680886503576769
145.170022863348    3.2976619289266864
152.1448965236571    3.5900591676110913
159.035055345548    3.5078224442311026
166.2372475624169    3.3342115837622366
173.76560417502895    3.0875014136222703
181.63489613226272    2.822516416064527
189.86056331232697    2.5392565910890106
198.45874481644447    2.2925464209490443
207.44631063443956    2.0366988371001895
216.84089474435976    1.817400908086885
226.66092971107466    1.6072403927824723
236.92568285173544    1.4336295323136028
247.6552940390524    1.3148431540980638
258.8708152165625    1.177781948464748
270.594251703419    1.0681329839580975
282.8486053697438    0.9310717783247817
295.657919767252    0.7940105726914659
309.0473273037016    0.6660867807670421
323.0430985537235    0.5198881614248378
337.67269380278145    0.39196436950041047
352.9648169253939    0.26404057757598665
368.9494717033306    0.12697937194267084
385.65802069428116    0.017330407436020323
403.12324676649786    -0.10145597077952218
421.3794174201458    -0.17455528045062252
440.4623520215647    -0.2111049352861727
460.40949208235696    -0.2111049352861727
481.25997472118996    -0.16541786674173764
503.0547094524506    -0.08318114336174887
525.8364584524148    0.0264678211449052
549.6499204604186    0.17266644048710944
574.5418184796408    0.30059023241153326
600.5609914495808    0.4285140243359642
627.7584900700906    0.5381629888426147
656.1876769649714    0.6569493670581537
685.9043313816595    0.784873158982581
716.9667586324321    0.9219343646158968
749.4359044918565    0.9950336742869972
783.375474774935    1.1046826387936477
818.8520603305617    1.1503697073380863
855.9352676955406    1.2143316033003018
894.6978556655089    1.2417438444269635
935.2158780507161    1.3239805678069523
977.5688328967664    1.3331179815158407
1021.839818463093    1.3788050500602793
1068.1156962651994    1.3788050500602793
1116.4872615005636    1.3331179815158407
1167.049421192595    1.305705740389179
1219.9013804021654    1.2143316033003018
1275.1468368720637    1.1412322936292014
1332.8941844862784    1.0589955702492126
1393.2567259433097    0.9858962605781088
1456.3528950607813    0.8945221234892351
1522.3064891475167    0.8214228138181312
1591.246911898998    0.7483235041470309
1663.3094272928186    0.6660867807670421
1738.6354249822245    0.5747126436781649
1817.3726977084928    0.510750747715953
1899.6757312764494    0.41023919691818733
1985.7060076620346    0.30059023241153326
2075.632321846662    0.17266644048710944
2169.6311130000013    -0.0009444199817600918
2267.8868106609557    -0.20196752157728426
2370.592196596105    -0.46695251913502744
2477.9487830455378    -0.8233116537816478
2590.1672080982657    -1.252770098099365
2660.414056307809    -1.7530434986609649
2757.897094828661    -2.116255693589249
2819.6538420266397    -2.589116853024187
2925.6701289871994    -2.890651505417477
2991.1837664899635    -3.411484086824075
3115.1259748535467    -3.65590990353682
3256.200129868673    -4.01226903818344
3403.6630850074134    -4.158467657525641
3567.1962961479276    -4.001826279658992
3707.960933345095    -3.5170212151617264
3830.3738601363543    -2.6782066366858395
3943.0821144348006    -1.941992160712605
4035.631901152049    -1.260602166992701
4166.664839096895    -0.6551832415381149
4353.982175032423    -0.2111049352861727
4508.169478318891    -0.5557159665927927
4606.689895464901    -1.1613959610104878
4709.846095102354    -1.8192897480504016
4815.312240007474    -2.522870603634747
4925.736602043045    -3.1168024947124486
5070.675763028879    -3.4822990430679504
5300.310552889534    -3.637635076119043
5540.34477256561    -3.619360248701266
5791.249379182332    -3.326963010016865
6053.516658016347    -2.902987013924477
6281.123093094041    -2.2505756751099
6517.287312384674    -1.5652696469433245
6762.331080387618    -0.879963618776749
7028.369880229365    -0.255961329857076
7315.036523436326    0.337139887247087
7666.496518862131    0.5473004025514996
8013.6877808064255    0.3188650598293101
8376.602231572884    -0.01008183369064497
8742.11242123527    -0.461731139872807
9073.996601108982    -1.076113433060872
9352.497211409707    -1.8401752650992869
9541.778921923222    -2.623382154432516
9632.771035049569    -3.289108010365755
9858.865972693979    -3.9939942107656634
10000.22551552653    -4.688437652641124
10143.611916255839    -5.294117647058819
10453.103946752723    -5.885438848505409
10948.919823228423    -5.748377642872093
11267.78919019408    -4.9869265004647865
11442.41506929738    -4.076230934145652
11591.190527752628    -3.235588872927984
11780.970054518772    -2.371189536067213
11933.658024658673    -1.3685106717452769
12116.118708032356    -0.3317187962434893
12316.972201081475    0.7906878767973247
12474.095469454884    1.9514163091505736
12664.819217288308    2.9138905531534043
12841.332192090042    3.818494510333281
13065.0063834273    4.629113640793172
13238.368628747443    5.307892944881971
13559.812545955307    5.949796257931329
14185.108159946332    6.172031212779633
14647.229006699608    5.841517905481009
14898.037755194848    5.207381394084205
15119.620674942342    4.442122995964866
15355.830579815934    3.7581875798546243
15477.219859715062    3.1057762410400436
15663.307607319828    2.443966419553469
15936.135816288022    1.7762825463968923
16520.068583433607    1.4153547048958295
17268.20998606479    1.2234690170091902
17525.045178081327    0.5838500573870533
17813.856623419313    -0.10145597077952218
17939.53585899995    -0.8507238949083096
18161.61186733151    -1.536029923074885
18311.18773066539    -2.4528170985332807
18454.425674033817    -3.3726500785613
18522.665768689923    -4.220145200060632
18640.236371572162    -5.051323511365524
18853.747230724326    -6.115701673969376
18890.897442629226    -6.981928493571928
