20    70.50548746086727
20.3    70.51600460089537
20.6    70.5263117503206
20.9    70.53631457499232
21.2    70.54583330646199
21.5    70.55459299701812
21.8    70.56227754933835
22.1    70.56864461887974
22.4    70.57365473010704
22.7    70.57754148929084
23    70.58081779423827
23.3    70.58416265308207
23.6    70.58822488518148
23.9    70.59342243637008
24.2    70.59981410733397
24.6    70.60965323912228
25    70.61986015288278
25.4    70.6292590631011
25.8    70.6371818148602
26.2    70.64357543959619
26.6    70.64877714756022
27    70.65318384138502
27.4    70.65705169674438
27.8    70.66047960438772
28.2    70.66350776280669
28.6    70.66619482822193
29    70.66861234295199
29.4    70.67079320715666
29.8    70.67268612877157
30.2    70.67416822212508
30.6    70.67510264781984
31    70.67539981056252
31.5    70.6748545399166
32    70.67336658474392
32.5    70.67105318604513
33    70.66801403507525
33.5    70.6642984330035
34    70.6598661099583
34.5    70.65457213157063
35    70.6482397786774
35.5    70.64079053111104
36    70.63231757922856
36.5    70.62304043571055
37    70.61318744362734
37.5    70.60292067149166
38    70.59235080815971
38.6    70.57939488799349
39.2    70.56623638055115
39.8    70.55290738037924
40.4    70.53943180588848
41    70.52584706335672
41.6    70.51211718224818
42.2    70.49809754401801
42.8    70.48366042347115
43.4    70.46881863984989
44    70.45367668915767
44.6    70.43826567747507
45.2    70.42248402593103
45.9    70.4034086248862
46.6    70.38346567316584
47.3    70.3624973213819
48    70.34029810954992
48.7    70.31680513885331
49.4    70.29227680366463
50.1    70.26710859442849
50.8    70.2413804578532
51.5    70.21482655953672
52.2    70.18722881350698
53    70.15453662214902
53.8    70.12097278666117
54.6    70.0867719441137
55.4    70.05211052859173
56.2    70.01737513653582
57    69.98297546692828
57.8    69.94883298228304
58.6    69.9142326507928
59.5    69.87380619777574
60.4    69.83139138103866
61.3    69.78741619688236
62.2    69.74276409574638
63.1    69.69819643541382
64    69.65408380242164
64.9    69.61045864212849
65.8    69.56723597335203
66.8    69.51971183161962
67.8    69.47294899162222
68.8    69.42732528763283
69.8    69.3832229334127
70.8    69.34082821181573
71.8    69.2999835525364
72.8    69.26013245860608
73.9    69.2165129625356
75    69.17214478041004
76.1    69.12615540942005
77.2    69.07792101125355
78.3    69.02711618160448
79.4    68.9736355177981
80.6    68.91232434571798
81.8    68.84818123461991
83    68.78154750414606
84.2    68.71274590140104
85.4    68.64206778726316
86.6    68.56978386849975
87.9    68.48997328707489
89.2    68.40891241534015
90.5    68.3269121003248
91.8    68.24434230356584
93.1    68.16176949942076
94.5    68.07372667490388
95.9    67.98760156671183
97.3    67.90430504252836
98.7    67.82450491694323
100    67.75386796164605
102    67.65184339289306
104    67.55689044224272
106    67.46598603461231
108    67.37476925217143
110    67.27943741721127
112    67.17837831110657
114    67.07282350958134
116    66.9666203210441
118    66.86515638812034
120    66.77356822298961
122    66.69497544012995
124    66.62975320276428
126    66.5756247089979
128    66.52846988570961
130    66.48478637235254
132    66.44396690433632
134    66.40879343303381
136    66.38440807455318
138    66.3751820562579
140    66.38172309908849
142    66.4000408241696
144    66.42331035875831
146    66.44495469147435
148    66.46068819511494
150    66.46896432260007
152    66.47059531337547
154    66.4682272331111
156    66.46581567191024
158    66.46794190625539
160    66.47907414661756
162    66.50289296711557
164    66.54174770191818
166    66.5962135651502
168    66.66456850060435
170    66.74245821261829
173    66.86210165263171
176    66.96197582456017
179    67.02074939603455
182    67.02779456574478
185    66.9841695219363
188    66.89935790885961
191    66.78649562038714
194    66.65828683474581
197    66.52503884612284
200    66.39427246809188
203    66.27044438508338
206    66.15489209987771
209    66.04693793623333
212    65.94522779918087
215    65.84804181181556
218    65.75358779414164
221    65.66041123173974
224    65.56776369987713
227    65.47614975273154
230    65.38712584941021
233    65.30263821256338
236    65.22476162183318
239    65.15522755352913
243    65.07688166652136
247    65.01444677957363
251    64.96474523795598
255    64.92250995375696
259    64.88182251336005
263    64.83732998386317
267    64.7852918002272
271    64.72407194862524
275    64.6540972406222
279    64.57728027655111
283    64.49601449385975
287    64.41253092239138
291    64.32862240373677
295    64.24561653154717
299    64.16444130506991
303    64.08564950351101
307    64.00949437136086
312    63.91798579412231
317    63.83016471225448
322    63.74545914667014
327    63.663234908419554
332    63.58289971516194
337    63.50398285809948
342    63.42612682970655
347    63.34908556829643
352    63.27273160182476
357    63.197063688201446
362    63.122242201613474
367    63.04866532580895
372    62.97688096102296
377    62.907364486448174
383    62.827328448494534
389    62.75134950716519
395    62.680201757625845
401    62.61553408775758
407    62.55978788080152
413    62.51593395308392
419    62.48733127745979
425    62.477426040669414
431    62.489176131357056
437    62.52445338287711
443    62.58352215651877
449    62.66496460255486
456    62.78422158548213
463    62.922921559169566
470    63.072560000248515
477    63.22405131791032
484    63.36898051002069
491    63.50087947170286
498    63.616200352690825
505    63.71451945530224
512    63.79825304171729
519    63.87176128131438
527    63.95005292832278
535    64.02935200835365
543    64.11496602168015
551    64.2095307050894
559    64.3134335729431
567    64.42545823395852
575    64.54320402157649
583    64.66374673868586
592    64.79902520456514
601    64.93029149665863
610    65.05447391299295
619    65.16939352357102
628    65.2737600518382
637    65.36749860444033
646    65.45172025526387
655    65.52810611433084
665    65.60589153657904
675    65.6782518646385
685    65.74692941416579
695    65.81322548540511
705    65.8779553310261
715    65.94155164925613
725    66.00427168850881
736    66.0724979796478
747    66.14017121971207
758    66.20757312243175
769    66.2749752270374
780    66.3426175203673
791    66.4107350951883
803    66.48580371152258
815    66.5617393497792
827    66.63855055158908
839    66.71623928401456
851    66.79462606245741
863    66.87334822188649
876    66.95853320283034
889    67.04303154764055
902    67.12622558950517
915    67.20783957026029
928    67.28804416502211
942    67.373179763053
956    67.45716041060982
970    67.54004957657395
984    67.62211176915727
998    67.70380224840264
1010    67.77385239840149
1020    67.8322502866472
1030    67.89048191872874
1050    68.00550246116165
1070    68.11745512902786
1090    68.22547004393253
1110    68.32933345826564
1130    68.42915208138679
1150    68.5242783515624
1170    68.61369365082155
1190    68.69731244109394
1210    68.77582520502025
1230    68.85000509044917
1250    68.92045727525938
1270    68.98727591136176
1290    69.05049291560042
1310    69.11027327620414
1330    69.16683700478725
1350    69.22049818773837
1370    69.2715006552551
1390    69.31993566530241
1410    69.3658674430136
1430    69.4093448687517
1450    69.45026853361279
1470    69.48866442720323
1490    69.5249022691327
1510    69.55932189989821
1530    69.59195418079804
1550    69.62254459225241
1570    69.65088363280233
1590    69.67719629735187
1610    69.70188065573471
1630    69.72532267289438
1650    69.74783758283078
1670    69.7696788795937
1690    69.79116581665151
1710    69.8127286955106
1730    69.83475165386966
1760    69.86916951812472
1790    69.90551043599642
1820    69.94334618587291
1850    69.98232782130174
1880    70.0229016909587
1910    70.06517468161053
1940    70.10850310855147
1970    70.15195250615639
2000    70.19531173107868
2030    70.23853438263188
2060    70.28126980506087
2090    70.32314430830729
2120    70.3641154655152
2150    70.40438978536845
2180    70.44354906952302
2210    70.48070376065147
2240    70.51530925679057
2270    70.54693857686148
2300    70.57536368872263
2330    70.60060837033777
2360    70.62322673227001
2390    70.64372852787002
2420    70.66227974773454
2460    70.68334792810155
2500    70.69903201610703
2540    70.70923363470835
2580    70.71546846278272
2620    70.7182670062105
2660    70.71795714565478
2700    70.7152165679288
2740    70.71053762178096
2780    70.7039707017051
2820    70.695530280612
2860    70.6857260487875
2900    70.67546781094055
2940    70.66593604721606
2980    70.65816494134205
3020    70.65236969035894
3060    70.64824686936966
3100    70.6457000099459
3150    70.64517180084701
3200    70.6479122984716
3250    70.65379632640736
3300    70.66262731239127
3350    70.67343092808444
3400    70.6848490374014
3450    70.6955136709231
3500    70.7036602327131
3550    70.70884335291716
3600    70.7118451736549
3650    70.71374807010022
3700    70.71498903851385
3750    70.71606948390061
3800    70.71645377723175
3860    70.71426872467359
3920    70.70582987867218
3980    70.68749108825114
4040    70.65441861813787
4100    70.60344539396537
4160    70.53189416311957
4220    70.43798576517237
4280    70.3219380768167
4340    70.1835983201467
4400    70.02394428706032
4460    69.84516553328768
4520    69.64855626712603
4590    69.39915814116802
4660    69.132845485758
4730    68.85405060642009
4800    68.56895211947996
4870    68.28420439309593
4940    68.00691801256431
5010    67.74247325889596
5080    67.49476357261028
5150    67.27093376405732
5220    67.07693380942607
5300    66.89597648165329
5380    66.76338781448078
5460    66.6873514291594
5540    66.67680137168746
5620    66.74053979809156
5700    66.89402122575447
5780    67.14050274282926
5860    67.3601067646478
5950    67.44126282955514
6040    67.3923992724203
6130    67.39162192453117
6220    67.52110658067444
6310    67.7291696618941
6400    67.95178827031705
6490    68.15910117062998
6580    68.3392844446257
6680    68.49703716634954
6780    68.59937855809204
6880    68.63974500121981
6980    68.61872301983396
7080    68.54461335600237
7180    68.42691167490273
7280    68.27201313969083
7390    68.06106206217186
7500    67.80381747386524
7610    67.4982275050181
7720    67.14547864929374
7830    66.74811088983448
7940    66.30862791737349
8060    65.78389203543348
8180    65.22109129805382
8300    64.6357518609843
8420    64.0455733355866
8540    63.471499664874685
8660    62.92918503656752
8790    62.3810573242704
8920    61.88685065709281
9050    61.46556442807176
9180    61.15574215531703
9310    60.964843386140686
9450    60.88928127850989
9590    60.9425443205477
9730    61.10172966652041
9870    61.329624726589216
10010    61.593518096921194
10160    61.88776327008161
10310    62.18308076568055
10460    62.48457142710526
10610    62.81270430656761
10760    63.197856869512044
10920    63.66911151279885
11080    64.2093040119234
11240    64.83488579037544
11400    65.53973706356683
11570    66.37079787472621
11740    67.22434083601557
11910    68.03915338230203
12080    68.85683358213089
12260    69.8271689460454
12440    70.82396301600915
12620    71.62674419009362
12800    72.1283456504487
12990    72.2901644561168
13180    72.37987586224384
13370    72.34975280769743
13560    72.33650468819367
13760    72.39633429529047
13960    72.50714307936602
14160    72.58355305931784
14370    72.55794416666001
14580    72.26521839974387
14790    71.70761216516462
15010    70.82835415012758
15230    69.68243817984683
15450    68.33223044038314
15670    66.75096624072765
15900    65.06518588429356
16130    63.80594114842175
16360    63.13952442166375
16600    62.76768074788234
16840    62.30085346733024
17080    61.58861853494142
17330    60.60863473720657
17580    59.30923696370138
17840    57.7010077694554
18100    56.09385408490746
18360    54.641984734076985
18630    53.31994116405747
18900    52.19846524835603
19170    51.17452978161948
19450    49.827866891759484
19730    48.24457147710453
20000    48.0765049632797
