20    66.01811301593796
20.3    66.05382410017916
20.6    66.08906744083083
20.9    66.12387457980897
21.2    66.15817646028643
21.5    66.19177649474359
21.8    66.22438889355094
22.1    66.25572932742567
22.4    66.2856072678193
22.7    66.31398691290804
23    66.34098879322102
23.3    66.36684157747678
23.6    66.39181012864888
23.9    66.4161149901436
24.2    66.43987162328531
24.6    66.47065741843548
25    66.50015958734804
25.4    66.52802031391074
25.8    66.5539806108406
26.2    66.57797754022039
26.6    66.60011743240447
27    66.62056673438718
27.4    66.63945504910208
27.8    66.65685564472886
28.2    66.6728276978242
28.6    66.6874730455719
29    66.7009553996229
29.4    66.71347275740439
29.8    66.72520990227687
30.2    66.7363078260718
30.6    66.74685494403187
31    66.75689280525054
31.5    66.76873963513276
32    66.77979951526919
32.5    66.79003710083494
33    66.79938545026462
33.5    66.80776832286051
34    66.81513458636903
34.5    66.82147837094172
35    66.82683237364864
35.5    66.831250385376
36    66.83479581356715
36.5    66.83753442750847
37    66.83952916776056
37.5    66.8408290218276
38    66.84147896323955
38.6    66.8414992489642
39.2    66.84083662533646
39.8    66.83959043868515
40.4    66.837748209316
41    66.83525436417048
41.6    66.83209176393817
42.2    66.82822111657423
42.8    66.82351399447626
43.4    66.81786728738348
44    66.81136096876699
44.6    66.8041910363456
45.2    66.79648706087778
45.9    66.78698139040438
46.6    66.77744732069159
47.3    66.76881313306586
48    66.76177682717983
48.7    66.75646636023906
49.4    66.75270726917456
50.1    66.75012101803895
50.8    66.74793774245285
51.5    66.74513608107654
52.2    66.74082841460643
53    66.73328569925837
53.8    66.72229210624289
54.6    66.70712522880105
55.4    66.68722576081312
56.2    66.66315864401349
57    66.63703764576309
57.8    66.61126240291179
58.6    66.58703324302155
59.5    66.56149648050872
60.4    66.53704986052304
61.3    66.51327574919225
62.2    66.49020196622706
63.1    66.46781322557273
64    66.44575527817308
64.9    66.42366437417189
65.8    66.40148764786775
66.8    66.37674766767776
67.8    66.35152688997945
68.8    66.32519653332605
69.8    66.2972661879218
70.8    66.26741924303741
71.8    66.23538904299407
72.8    66.20105822949583
73.9    66.1608754474666
75    66.11875769981557
76.1    66.07541407675733
77.2    66.03151913331553
78.3    65.98758970015973
79.4    65.94382373802631
80.6    65.8962254359619
81.8    65.84870452693906
83    65.80114828222725
84.2    65.75325144652726
85.4    65.7046642512767
86.6    65.65499397719799
87.9    65.59936849271176
89.2    65.5413813564557
90.5    65.48081351161522
91.8    65.41748615797493
93.1    65.35134869799555
94.5    65.27714870606971
95.9    65.19997369948354
97.3    65.11962139409044
98.7    65.03571501284198
100    64.95448077152042
102    64.82420957150424
104    64.69079581009862
106    64.56020712770365
108    64.44066455170709
110    64.34247660064901
112    64.27668020624945
114    64.2518224400949
116    64.27103956033267
118    64.33056083358032
120    64.41942400453904
122    64.52238200951578
124    64.62527303810711
126    64.71853657603538
128    64.79838540906323
130    64.86615556301359
132    64.92645580844211
134    64.98417289812704
136    65.04263458301834
138    65.10323995483392
140    65.16542090173425
142    65.22640052361928
144    65.28158835992687
146    65.32600167764613
148    65.35585173488126
150    65.36935053332918
152    65.36659412796516
154    65.34893087463999
156    65.31834428184493
158    65.27709270875494
160    65.22753736415656
162    65.17203988752026
164    65.1128420466878
166    65.05197315963208
168    64.99120506466927
170    64.93204111216693
173    64.84871892866869
176    64.77367132234991
179    64.70688544191498
182    64.64652262492322
185    64.58964117844657
188    64.53317256831939
191    64.47484423513153
194    64.41360744985016
197    64.34951422557539
200    64.28316873222181
203    64.21530798599504
206    64.14660939344154
209    64.0776334849966
212    64.00916094379028
215    63.94227695798784
218    63.8779836262246
221    63.81707898713686
224    63.7603366064703
227    63.70832234144608
230    63.66110678445514
233    63.618371244399626
236    63.57950668364718
239    63.54351137824113
243    63.497767161776764
247    63.45193166809972
251    63.403878633325874
255    63.35237890452638
259    63.29700644104203
263    63.23802460167061
267    63.176129890468644
271    63.1122719817509
275    63.047531556230595
279    62.98290904819653
283    62.91908493635093
287    62.8563125793485
291    62.79451597596057
295    62.7334913302105
299    62.673064008184795
303    62.61307999164002
307    62.55338698461474
312    62.47918512363553
317    62.40566059500654
322    62.33289825029986
327    62.260626466036
332    62.18843765646391
337    62.11604967727045
342    62.04340161370695
347    61.97058538706026
352    61.89758574400122
357    61.82428598147592
362    61.750784192321504
367    61.677519621214884
372    61.60510318329813
377    61.534236436746845
383    61.45265304456224
389    61.377049201041814
395    61.31006781297208
401    61.25455665054666
407    61.21324976452127
413    61.188563428229386
419    61.18222969146128
425    61.194661995472586
431    61.22492954330046
437    61.27115756414199
443    61.33086618585017
449    61.4011235223512
456    61.492010730145566
463    61.58742034128407
470    61.68264054577995
477    61.773885388954696
484    61.85827061009853
491    61.93379302023972
498    61.999465141618764
505    62.05539671874971
512    62.1026234022208
519    62.142865479371366
527    62.18297330279745
535    62.219708304631155
543    62.255620866256564
551    62.29257030154734
559    62.331539186942265
567    62.37268706621106
575    62.41562475608139
583    62.45967097630156
592    62.50963796050392
601    62.5592683419436
610    62.608087870806045
619    62.65598926493958
628    62.70327366952212
637    62.7505073256047
646    62.79837211264076
655    62.84757349096215
665    62.904285826954634
675    62.96296463474664
685    63.02288613358205
695    63.08313248067563
705    63.14291044715259
715    63.20175469225623
725    63.25953415602145
736    63.32187392281003
747    63.38298791137784
758    63.442981060151695
769    63.501985866044535
780    63.56018882632975
791    63.61786649552618
803    63.68044462848548
815    63.74284895625675
827    63.80532515844594
839    63.86810056574127
851    63.93140792964409
863    63.99555994113387
876    64.06645397595545
889    64.13934408608932
902    64.21472006325443
915    64.29288781937379
928    64.37393713391424
942    64.46417963027083
956    64.55705248182542
970    64.65227491848714
984    64.74958533288572
998    64.84831503943231
1010    64.93308941296033
1020    65.0027970303973
1030    65.07037370437664
1050    65.1936236337712
1070    65.29631785805623
1090    65.38704039223732
1110    65.48129917235818
1130    65.58200738422721
1150    65.68872986227515
1170    65.80302472468404
1190    65.92229853047152
1210    66.04179387222906
1230    66.15940940907902
1250    66.27607120596358
1270    66.39345193563983
1290    66.51275417571341
1310    66.63440382736067
1330    66.75799244736822
1350    66.88266164017213
1370    67.00765148360006
1390    67.13224645593365
1410    67.25575496656333
1430    67.37793804653417
1450    67.49926579208035
1470    67.62046161465491
1490    67.74202889781247
1510    67.8642330639777
1530    67.98719535317333
1550    68.11085759311419
1570    68.23499258394006
1590    68.35941029251839
1610    68.48422019200551
1630    68.60986585655857
1650    68.73679527472149
1670    68.86521312084251
1690    68.99508786791505
1710    69.12621536507517
1730    69.25835828349105
1760    69.45855222414585
1790    69.66145356285745
1820    69.8661709939102
1850    70.07123389392208
1880    70.27598510574117
1910    70.4805046479822
1940    70.68415273691465
1970    70.88499659171475
2000    71.08177059308765
2030    71.2744316730751
2060    71.46233051747075
2090    71.64342299981752
2120    71.81579734607818
2150    71.97832399911502
2180    72.13023938822857
2210    72.27052383093479
2240    72.39786471846271
2270    72.51120822842432
2300    72.6100246875288
2330    72.69411392277749
2360    72.76288702070214
2390    72.81544281651742
2420    72.85133552813693
2460    72.87391452919167
2500    72.86933311738912
2540    72.83854101465312
2580    72.78246868316796
2620    72.70265767877214
2660    72.60124382427205
2700    72.48117757390514
2740    72.34537718009062
2780    72.19661348988726
2820    72.0376237801093
2860    71.87081749960528
2900    71.69800414771566
2940    71.5208221258296
2980    71.34091773945438
3020    71.16045735766147
3060    70.98186702890743
3100    70.80705906458408
3150    70.59594052118625
3200    70.39503590856057
3250    70.20599037818252
3300    70.02930189173932
3350    69.86578386068794
3400    69.71755127499851
3450    69.58588395047262
3500    69.47025757276937
3550    69.37006748820752
3600    69.28655423095898
3650    69.22176887031371
3700    69.17666426428524
3750    69.15112813899216
3800    69.14247141255277
3860    69.14287390020277
3920    69.1419146512427
3980    69.14961691607526
4040    69.1942070739569
4100    69.29262626866188
4160    69.4393225671136
4220    69.61810498539961
4280    69.81862369962573
4340    70.0384958463617
4400    70.27738073938784
4460    70.53325810060205
4520    70.80221132794465
4590    71.1260340226057
4660    71.45106628729033
4730    71.76204910439992
4800    72.03816692956518
4870    72.25599656162782
4940    72.39337549923572
5010    72.43273716960499
5080    72.36452902463947
5150    72.19357759064168
5220    71.94135618987706
5300    71.59485830945523
5380    71.23445503287994
5460    70.89547489514804
5540    70.59084306134531
5620    70.3178650957442
5700    70.06993139625047
5780    69.8427942500534
5860    69.63572556867565
5950    69.42787538245301
6040    69.24739101135002
6130    69.09582089674672
6220    68.97387862562644
6310    68.87958756557917
6400    68.80839979359217
6490    68.75483257248965
6580    68.7149951229458
6680    68.68534095120883
6780    68.66860607190537
6880    68.66052683969329
6980    68.65712232995058
7080    68.65666760249294
7180    68.65961772120556
7280    68.6639569100122
7390    68.66254045580592
7500    68.6401380907611
7610    68.57472076367759
7720    68.44138436528974
7830    68.21970732289658
7940    67.9021262191491
8060    67.45626929130472
8180    66.9316582752765
8300    66.35990822011766
8420    65.77664197042164
8540    65.21763889177846
8660    64.71418654909459
8790    64.26208886523267
8920    63.933974071514925
9050    63.75372486978286
9180    63.745878661238606
9310    63.9365810175577
9450    64.38442259570988
9590    65.08810490689645
9730    66.01447582523129
9870    67.01727750466574
10010    67.78727353820005
10160    67.94290309058754
10310    67.19682591777277
10460    65.71961309347788
10610    63.94097210133289
10760    62.24627098645706
10920    60.73712249084865
11080    59.59919384801652
11240    58.83012154441626
11400    58.366764424227966
11570    58.05354129456579
11740    57.70052143215304
11910    57.19746559195673
12080    56.71755465353593
12260    56.59320534882535
12440    57.058086837669144
12620    58.02065736806475
12800    59.276244177667664
12990    60.71657580384832
13180    62.07364025172411
13370    63.11613514078408
13560    63.62277999992612
13760    63.43831810945596
13960    62.57207993156892
14160    61.28730528072331
14370    59.79453097576834
14580    58.130951861280366
14790    55.98831926735522
15010    53.49618529083512
15230    51.828425546625425
15450    51.36026576989191
15670    51.49829641030047
15900    51.691135517516805
16130    51.34537663332064
16360    49.64232091945151
16600    46.4233281682793
16840    44.645803788943155
17080    46.45331058086589
17330    49.72302029807065
17580    51.415913927718044
17840    50.5735247854883
18100    48.24041848668108
18360    45.87939618306622
18630    43.926129570753204
18900    42.43235080171327
19170    41.30474118676507
19450    40.44400462573851
19730    39.84623573170404
20000    39.56211132623535
