20    66.82521455143302
20.3    66.87447871826677
20.6    66.92291437755162
20.9    66.97043837471841
21.2    67.01698510521919
21.5    67.06249271697217
21.8    67.10687129145236
22.1    67.14999461054353
22.4    67.19170826682159
22.7    67.2318690087377
23    67.27039645667296
23.3    67.30730312230936
23.6    67.34268021885518
23.9    67.37663730184877
24.2    67.4092386086171
24.6    67.45057082318937
25    67.48934962505763
25.4    67.52562900342033
25.8    67.55986645178466
26.2    67.59283984147929
26.6    67.62522187439126
27    67.65711834183847
27.4    67.68801175001879
27.8    67.71717374023777
28.2    67.74427966812016
28.6    67.7697422187967
29    67.79449099108307
29.4    67.81937315870363
29.8    67.8445382370166
30.2    67.86932754267593
30.6    67.89266748783308
31    67.9136504012964
31.5    67.93614122231662
32    67.95502906127584
32.5    67.9713155422173
33    67.98576455544097
33.5    67.99871122602666
34    68.0102326488637
34.5    68.02028764857877
35    68.02874463017852
35.5    68.03542755463602
36    68.04021030278997
36.5    68.04307599057051
37    68.0440946907843
37.5    68.04342935177544
38    68.0414231179299
38.6    68.0380950194599
39.2    68.03498733895819
39.8    68.03329281916812
40.4    68.03386265035186
41    68.03719293961305
41.6    68.04357541457262
42.2    68.05316080761514
42.8    68.06588179538264
43.4    68.08137310585334
44    68.09903067379543
44.6    68.11821046064259
45.2    68.13835780284724
45.9    68.16236816987566
46.6    68.18588497923835
47.3    68.20755948116731
48    68.22601828820734
48.7    68.24019338307023
49.4    68.24964999281258
50.1    68.2547312604223
50.8    68.2562329920382
51.5    68.25489731369757
52.2    68.2512069104636
53    68.2445769758952
53.8    68.23598628282846
54.6    68.22620177290838
55.4    68.21578186407763
56.2    68.2047712743472
57    68.19294492426111
57.8    68.18016263733375
58.6    68.1664286477384
59.5    68.15005044908384
60.4    68.13299296176947
61.3    68.11536251201873
62.2    68.09708069380548
63.1    68.07818655547632
64    68.05879056259344
64.9    68.03894960685219
65.8    68.0187884213765
66.8    67.99626959759138
67.8    67.97376155081784
68.8    67.95125761917328
69.8    67.92860315497643
70.8    67.90529387394989
71.8    67.88056959839557
72.8    67.85363908293357
73.9    67.82070059223645
75    67.7838103205955
76.1    67.74286359252795
77.2    67.69808724072688
78.3    67.64984857576825
79.4    67.59844306949745
80.6    67.53900079084565
81.8    67.47628796256951
83    67.41062362396777
84.2    67.34259208993697
85.4    67.27309605083293
86.6    67.20310661156944
87.9    67.12757574214726
89.2    67.0528619049661
90.5    66.97936066649319
91.8    66.90756845086965
93.1    66.83814456899533
94.5    66.7671691522296
95.9    66.7018645412472
97.3    66.64421879561199
98.7    66.59567413941085
100    66.55897628656427
102    66.51680049327072
104    66.48947509058891
106    66.47436991087508
108    66.46892092373088
110    66.4711613297847
112    66.48040739593944
114    66.49851997164726
116    66.53046080366644
118    66.58305542983518
120    66.66249315530554
122    66.77145327132689
124    66.90771458908483
126    67.06380130631922
128    67.22895969039482
130    67.39199504459117
132    67.54334636235347
134    67.67588409843918
136    67.78534199604442
138    67.86994628068123
140    67.92997127405536
142    67.96727019414176
144    67.98470169174
146    67.98546453615413
148    67.97272961464236
150    67.94935969390855
152    67.91779419908619
154    67.8800409199753
156    67.8376850650724
158    67.79192940237652
160    67.7436761716715
162    67.6936224751216
164    67.6423343617188
166    67.59032004321536
168    67.53803599384085
170    67.48583283123102
173    67.40807420594223
176    67.33118047514586
179    67.25535616928155
182    67.18083709945616
185    67.107791543622
188    67.03617097401512
191    66.96568437291319
194    66.8959267345745
197    66.82652291354286
200    66.75727867908958
203    66.68846298897763
206    66.62086038378784
209    66.55553964087821
212    66.49364890331844
215    66.43613396621774
218    66.3835738921486
221    66.33625785830111
224    66.29417128562928
227    66.25685536499759
230    66.22330287120207
233    66.1921178364131
236    66.16177403802082
239    66.13088232745541
243    66.0871088858417
247    66.03913723177993
251    65.98661310910731
255    65.93003954242528
259    65.8703402092187
263    65.80850827415132
267    65.74543879602868
271    65.6818230054565
275    65.6181361087933
279    65.55465467210081
283    65.49153458990651
287    65.42889599249497
291    65.36682694555978
295    65.3053775209693
299    65.24458128223452
303    65.18446384967288
307    65.12500224992729
312    65.05149849034191
317    64.9787663712809
322    64.90658268036472
327    64.8347309217144
332    64.76315953479677
337    64.69194383257576
342    64.62110042631254
347    64.55041703417984
352    64.47945386004017
357    64.40771369703229
362    64.33480877629802
367    64.26059856473488
372    64.18525804791649
377    64.10925607530214
383    64.01826084594823
389    63.92928978110331
395    63.84488501912142
401    63.76814281154855
407    63.702318204805366
413    63.65067329322932
419    63.61620483327495
425    63.601288978091375
431    63.60724130054499
437    63.633859020723825
443    63.679192128493966
449    63.73959420623618
456    63.82287900159838
463    63.912515274112195
470    64.00152993284625
477    64.0848042069737
484    64.15940947984423
491    64.22439337558609
498    64.28028719684256
505    64.32852042824649
512    64.37108933138474
519    64.41012951831121
527    64.45291269299125
535    64.49596292088448
543    64.5406673478914
551    64.58722446145015
559    64.63495431960965
567    64.68288823165179
575    64.7301699169063
583    64.77616816618917
592    64.82574071073876
601    64.87230821158388
610    64.9151969207671
619    64.95396320466756
628    64.98856972192155
637    65.01948378173773
646    65.04756696694443
655    65.07369615208269
665    65.10122786615024
675    65.12778039917555
685    65.1538335031123
695    65.17973202356188
705    65.2056319817302
715    65.23151783212681
725    65.25741938900944
736    65.2862958558446
747    65.31624733097158
758    65.34791485019093
769    65.38167372211177
780    65.41771058454654
791    65.45606372757925
803    65.50038725794249
815    65.54701149740762
827    65.5957169415603
839    65.64639539417459
851    65.6989531240324
863    65.75343617318126
876    65.81487298257913
889    65.87911946472352
902    65.94636921753987
915    66.01682890109154
928    66.09062364585097
942    66.17381825949167
956    66.26079588285593
970    66.35144031089584
984    66.4457032166701
998    66.54363254621458
1010    66.6306322148181
1020    66.70539905488967
1030    66.78214406545015
1050    66.93909575082888
1070    67.09218939655184
1090    67.22451700471045
1110    67.31683276456187
1130    67.3682400210417
1150    67.41092239743124
1170    67.48270234138748
1190    67.59128373668693
1210    67.72720401965216
1230    67.87848298841503
1250    68.03256618102318
1270    68.18123680927889
1290    68.32325048887675
1310    68.46095780656954
1330    68.59679501237412
1350    68.73193535183961
1370    68.86615009943529
1390    68.99823496467097
1410    69.12677973064734
1430    69.25074180736328
1450    69.36962054967483
1470    69.48386463766774
1490    69.59418891475002
1510    69.70091411831842
1530    69.80384290800649
1550    69.902356387545
1570    69.9956921719075
1590    70.08342647156748
1610    70.16547604315744
1630    70.24191400396248
1650    70.31271901118906
1670    70.37768438057486
1690    70.43669465448963
1710    70.4897103348013
1730    70.53666456214401
1760    70.59553941070104
1790    70.64027746985438
1820    70.67012084843732
1850    70.68494729593965
1880    70.68587065241361
1910    70.67359689185048
1940    70.64831982952163
1970    70.61085555200378
2000    70.56263628754323
2030    70.50550134526081
2060    70.4411196150916
2090    70.37108792787018
2120    70.2973425548492
2150    70.2220628326745
2180    70.14695750694435
2210    70.07335898656092
2240    70.00311027277462
2270    69.93878860086372
2300    69.8829084586329
2330    69.83796047400186
2360    69.80636574650421
2390    69.79022061855375
2420    69.7909582420168
2460    69.82156950527461
2500    69.89073346664182
2540    70.00502657894639
2580    70.16852698398318
2620    70.38315629222774
2660    70.64872505966463
2700    70.96248977136105
2740    71.32254354326687
2780    71.72418325312626
2820    72.15924903837745
2860    72.61288648934809
2900    73.06189298794513
2940    73.47423513117062
2980    73.81856312575597
3020    74.06617662269909
3060    74.18958046925466
3100    74.17357273094802
3150    73.96753829999776
3200    73.59174771471515
3250    73.11214228372671
3300    72.59601585253264
3350    72.09165931982332
3400    71.62582203621383
3450    71.21079305339336
3500    70.85087732179315
3550    70.54671301841466
3600    70.29702131377731
3650    70.09836112883218
3700    69.94597044731898
3750    69.83515690932506
3800    69.75905815667896
3860    69.69778765565779
3920    69.65957922053138
3980    69.64859586700743
4040    69.68104728457439
4100    69.75656796507633
4160    69.86167845294838
4220    69.98661116183803
4280    70.12927250009935
4340    70.29198555338047
4400    70.47556901126515
4460    70.67908926107357
4520    70.90245719791253
4590    71.18740084807251
4660    71.498160117505
4730    71.83478277130193
4800    72.19230205294087
4870    72.56604364181555
4940    72.95349867700801
5010    73.3498016913439
5080    73.74701096418855
5150    74.13504156653984
5220    74.50398281432425
5300    74.88954811363067
5380    75.2205499594651
5460    75.48146839888736
5540    75.66101793690945
5620    75.74847208086356
5700    75.71871093317412
5780    75.51946905011354
5860    75.13951427739892
5950    74.51508124174
6040    73.73308695926013
6130    72.88298468027162
6220    72.07761033970326
6310    71.40696062904476
6400    70.90701010918438
6490    70.60113534784875
6580    70.4710995877745
6680    70.49851536984715
6780    70.67307352170369
6880    70.95253115900748
6980    71.29224791787013
7080    71.64169351184188
7180    71.92741031210295
7280    72.08109952821846
7390    72.06488345935117
7500    71.85167901180353
7610    71.47189356834888
7720    70.99589120587973
7830    70.48210098215279
7940    69.96395413724892
8060    69.42171159526035
8180    68.92124759619358
8300    68.46753910025184
8420    68.06392802361216
8540    67.71217604305119
8660    67.40760253677604
8790    67.12698633772715
8920    66.90093813270101
9050    66.72246048447653
9180    66.59537201696938
9310    66.5129259968222
9450    66.46883095350063
9590    66.47047147075813
9730    66.51879099148243
9870    66.61363352196082
10010    66.73959030427386
10160    66.88860634397382
10310    67.01878841897194
10460    67.0658431691396
10610    66.98324267662473
10760    66.73354734624021
10920    66.17698263292368
11080    65.28083965681438
11240    64.12439912494965
11400    62.94684932349167
11570    61.989435672197516
11740    61.29605449128634
11910    60.74630061465855
12080    60.18837109938563
12260    59.599291060251204
12440    59.163636099955596
12620    59.0585517994145
12800    59.172729432995524
12990    59.333242857925875
13180    59.46465465210173
13370    59.369225489983464
13560    58.87361191176278
13760    57.949402476942865
13960    56.908904774384254
14160    56.044837336943445
14370    55.305324307651816
14580    54.802883788744985
14790    54.42987794419593
15010    54.002197656921346
15230    52.95411749957675
15450    50.58240296886295
15670    46.94764186113571
15900    42.699498389287015
16130    39.192413670346895
16360    37.938987542207656
16600    38.180267732524584
16840    37.25608520911545
17080    34.46624134160045
17330    30.589260777074948
17580    29.95017240779661
17840    35.175937965925336
18100    40.246547862334
18360    43.08087652218791
18630    43.382381817925115
18900    41.46086017764948
19170    38.344993048674894
19450    35.16062679526234
19730    33.096549303243975
20000    32.92001290626562
