20    68.47617700150576
20.3    68.48674670746075
20.6    68.49688658807364
20.9    68.50622745595305
21.2    68.51437280411484
21.5    68.5210277381486
21.8    68.52610820163217
22.1    68.52980091566299
22.4    68.53254864062475
22.7    68.53496913648726
23    68.5377266417483
23.3    68.54138519267144
23.6    68.54628818784317
23.9    68.55249096495248
24.2    68.55975494664916
24.6    68.57024480550513
25    68.58034714311778
25.4    68.58875607115331
25.8    68.59456466499387
26.2    68.59737194639649
26.6    68.59721364551456
27    68.59439591711023
27.4    68.58932735334605
27.8    68.58241191855714
28.2    68.57401782830487
28.6    68.56447233376386
29    68.55405341042396
29.4    68.54295811437947
29.8    68.53126888677897
30.2    68.51894750624447
30.6    68.5058681577086
31    68.49187422596812
31.5    68.472902813286
32    68.45216727199046
32.5    68.42964909227068
33    68.40541880283803
33.5    68.3796230173089
34    68.35249413179099
34.5    68.32434736892388
35    68.29556555447671
35.5    68.26658454178364
36    68.23789480475855
36.5    68.21004679537681
37    68.18363214094384
37.5    68.15921271863901
38    68.13720796443454
38.6    68.11419926141994
39.2    68.09460075032699
39.8    68.07754394257967
40.4    68.06175369731127
41    68.04584718583399
41.6    68.0286202836714
42.2    68.00924037853743
42.8    67.9873240646191
43.4    67.96288471569068
44    67.93616981484254
44.6    67.9074931556583
45.2    67.8771534225721
45.9    67.84000079281219
46.6    67.80123559208582
47.3    67.76097900915804
48    67.71924240230803
48.7    67.67602532727057
49.4    67.63133594373164
50.1    67.58526038694092
50.8    67.53806948171058
51.5    67.49012156644028
52.2    67.44163142916747
53    67.38555346940302
53.8    67.32863213362127
54.6    67.27068215216528
55.4    67.2115442364572
56.2    67.15122034733805
57    67.0898446753622
57.8    67.02750693910386
58.6    66.96419571423876
59.5    66.8917781544063
60.4    66.81814921189425
61.3    66.74341748289629
62.2    66.66763106096059
63.1    66.59068040731918
64    66.5122590397149
64.9    66.43187941560704
65.8    66.34894770541644
66.8    66.25304199819985
67.8    66.15234444160052
68.8    66.04602355510526
69.8    65.93334884432122
70.8    65.813848011989
71.8    65.6874881485183
72.8    65.55493837169301
73.9    65.40417050338195
75    65.25262653835162
76.1    65.10740039805765
77.2    64.97814278026395
78.3    64.87631217136834
79.4    64.81374967186929
80.6    64.80229035603038
81.8    64.85821875092367
83    64.98251533339749
84.2    65.16750145460426
85.4    65.39788536349309
86.6    65.65349246977918
87.9    65.93374572251349
89.2    66.19309809544364
90.5    66.41258586071046
91.8    66.58111788076053
93.1    66.69532348127625
94.5    66.76090858687314
95.9    66.77540979418112
97.3    66.7497442643602
98.7    66.69505093926594
100    66.62697550821645
102    66.50440218400615
104    66.37460733296633
106    66.2480823757354
108    66.13014758092464
110    66.02250807531303
112    65.92464871671613
114    65.8348752005098
116    65.75091513446044
118    65.67024215165196
120    65.59052454501358
122    65.51026312644778
124    65.42924496478946
126    65.3479365685728
128    65.26707087904849
130    65.18749265643217
132    65.1100946254243
134    65.03578786123813
136    64.9654283575671
138    64.8996396951674
140    64.83859895873148
142    64.78192826937817
144    64.72874461186846
146    64.67785193049554
148    64.62797454126917
150    64.57796455570008
152    64.5269356118755
154    64.47432294105471
156    64.41988761101472
158    64.36366455061128
160    64.30587691971543
162    64.24686266814439
164    64.18700005293985
166    64.12663656057023
168    64.06606499463358
170    64.00551194786239
173    63.914985466591446
176    63.824881374526626
179    63.735033916175695
182    63.64512583525642
185    63.55496691204031
188    63.464911582665735
191    63.376186180031084
194    63.291016452773384
197    63.2125116178722
200    63.14436906081035
203    63.09033618728658
206    63.05341324943305
209    63.034881683658014
212    63.03341976432024
215    63.04485673807826
218    63.06292403177859
221    63.08071594228775
224    63.09214119444424
227    63.09286656623955
230    63.080684548299985
233    63.05541481020154
236    63.01842165389027
239    62.97192505602483
243    62.89928950395159
247    62.81913170556841
251    62.735514529652235
255    62.65139920613528
259    62.56886080219397
263    62.489318914033575
267    62.41364812053996
271    62.34223230430575
275    62.27491527162349
279    62.211084124105774
283    62.1498951781627
287    62.09046216485527
291    62.03201163285861
295    61.974075701126964
299    61.91659304460654
303    61.8598297995247
307    61.8041961907857
312    61.73665866261793
317    61.671381754776974
322    61.608085023637486
327    61.54654320283633
332    61.48712206469623
337    61.43117668765799
342    61.381234865443346
347    61.3406690644773
352    61.312817875544226
357    61.30013351323589
362    61.303996149203144
367    61.3250651420763
372    61.36355964144437
377    61.419280527658415
383    61.50780922662408
389    61.617708309524886
395    61.74562975888024
401    61.887336067617206
407    62.037713097006296
413    62.191038107068636
419    62.341888910813466
425    62.48623538229428
431    62.62206689936224
437    62.74925366577979
443    62.8688857593341
449    62.98233486289067
456    63.10782758820886
463    63.225233841545545
470    63.332001237386486
477    63.42474617088115
484    63.50082440031568
491    63.5595917067134
498    63.60322829663125
505    63.63672760380425
512    63.66660617225452
519    63.69917304059163
527    63.74569532184667
535    63.805531327401226
543    63.87864370953611
551    63.96213700679317
559    64.0516664562823
567    64.14295801185762
575    64.2328195450796
583    64.31953153742839
592    64.41305740651659
601    64.50348179953733
610    64.59234517304255
619    64.6803506163109
628    64.76672798853389
637    64.84956268219665
646    64.92669934625019
655    64.99672088990636
665    65.06597816130912
675    65.12741786311082
685    65.18297115884057
695    65.23465040757311
705    65.28422785593196
715    65.33324292764226
725    65.3829287514723
736    65.43926480057289
747    65.49774144075116
758    65.55833082002445
769    65.62083127045139
780    65.6851048136489
791    65.75118666121097
803    65.82558968923766
815    65.90260538717101
827    65.98217420535029
839    66.06421976856257
851    66.14875069867276
863    66.23569777256981
876    66.33261612082543
889    66.43276000429904
902    66.53671408674712
915    66.64474285609572
928    66.7564366668206
942    66.87981859986911
956    67.00526471801464
970    67.13150715174595
984    67.25675722920062
998    67.37810577566555
1010    67.47576404725388
1020    67.55001481674114
1030    67.61556318401001
1050    67.717311645249
1070    67.79124056041209
1090    67.88199528480403
1110    68.04553578904117
1130    68.28850592178651
1150    68.56272789446597
1170    68.81585360243626
1190    69.02365184513586
1210    69.19090790767339
1230    69.33558466672426
1250    69.47272938199097
1270    69.60915845526262
1290    69.74563016024963
1310    69.88012903905752
1330    70.01027860294687
1350    70.13478260984078
1370    70.25353572457928
1390    70.36686086482764
1410    70.47466380518273
1430    70.57640681803151
1450    70.67157358319159
1470    70.76007334386324
1490    70.8421989606512
1510    70.91834479552173
1530    70.98878454637537
1550    71.05349384213616
1570    71.1120788169064
1590    71.1639064367461
1610    71.20827510895496
1630    71.24455772268854
1650    71.2723246270767
1670    71.29147798143372
1690    71.30225954108175
1710    71.30524020305457
1730    71.30123535887671
1760    71.28388038599087
1790    71.25519242768262
1820    71.2178093740722
1850    71.17352713833662
1880    71.12304613191901
1910    71.06635063749277
1940    71.00339888960923
1970    70.93430364307254
2000    70.85956362345118
2030    70.77962761616857
2060    70.69398666122214
2090    70.60236058928112
2120    70.5051434310825
2150    70.40290903160326
2180    70.29663514206933
2210    70.18793066811669
2240    70.07813748505555
2270    69.96798051392746
2300    69.85776998529002
2330    69.74788572979129
2360    69.63890832601486
2390    69.53134682996199
2420    69.4255601267115
2460    69.28779119899511
2500    69.15390368077365
2540    69.02400746644909
2580    68.89862101950267
2620    68.77829739072669
2660    68.66334025845438
2700    68.55396325515935
2740    68.45019350318708
2780    68.35157546245684
2820    68.25658861602196
2860    68.1636976908232
2900    68.07220683816087
2940    67.98237919030936
2980    67.8949144240213
3020    67.81018647991885
3060    67.72836208249413
3100    67.64970050511107
3150    67.55590582692523
3200    67.46687045165504
3250    67.38276941673465
3300    67.30396008335342
3350    67.23033371225003
3400    67.1614563337718
3450    67.09738844805906
3500    67.03888854825848
3550    66.98732567688074
3600    66.9438862507077
3650    66.90603513810152
3700    66.86503339012108
3750    66.8111420976183
3800    66.74937266017804
3860    66.70166451911837
3920    66.71231328779292
3980    66.76109712812354
4040    66.82304104919379
4100    66.88960987724053
4160    66.96059076905956
4220    67.03846442533211
4280    67.1278450939219
4340    67.2356904680604
4400    67.36952726048335
4460    67.53519112426676
4520    67.73577631085723
4590    68.01374354742242
4660    68.33447647517399
4730    68.69218659941774
4800    69.0811831855253
4870    69.49685749848737
4940    69.93649842101806
5010    70.39707510656876
5080    70.87366503347621
5150    71.36040123686934
5220    71.85046431343838
5300    72.40353629127276
5380    72.93553955317853
5460    73.43290678856863
5540    73.88577934453085
5620    74.28917025742078
5700    74.64280700609476
5780    74.9511961519556
5860    75.22330818709818
5950    75.50329480108394
6040    75.77912884042473
6130    76.073548515075
6220    76.40144061900116
6310    76.76572794914418
6400    77.15680592290023
6490    77.55318363776556
6580    77.92286686091299
6680    78.25619951039178
6780    78.46516692344137
6880    78.52384256789858
6980    78.42135774022933
7080    78.156036655973
7180    77.73285678459843
7280    77.16177405489162
7390    76.38202252925977
7500    75.47618904448814
7610    74.4859350935348
7720    73.4575181368958
7830    72.43486055905507
7940    71.45431420732103
8060    70.45967390414248
8180    69.55109836795202
8300    68.71915647295269
8420    67.9395444248905
8540    67.1739823834856
8660    66.37340160462294
8790    65.41021928834157
8920    64.30920313527032
9050    63.0688260546691
9180    61.71213277174455
9310    60.25613208523867
9450    58.615442340906206
9590    57.013106942871254
9730    55.460049022917715
9870    53.72282514777325
10010    51.60148258827317
10160    48.98645140022887
10310    46.36781761009547
10460    44.37634472488219
10610    44.5737708216483
10760    46.13204263702723
10920    46.78899958686928
11080    47.08561284517755
11240    47.45815970049078
11400    47.81304519420942
11570    48.105420181130725
11740    48.636547097109464
11910    49.9866083479909
12080    52.028591992019926
12260    54.13614218368069
12440    55.70561818651781
12620    56.67327916320188
12800    57.196817649932925
12990    57.48069785101181
13180    57.539265161577376
13370    57.25981758758337
13560    56.52522968920516
13760    55.23631812247997
13960    53.514910244942854
14160    51.529537146480436
14370    49.371846431893694
14580    47.36745224839051
14790    45.72004399315358
15010    44.45032465583121
15230    43.68547032634544
15450    43.58842921402662
15670    44.07320367130441
15900    44.85416134460931
16130    45.701522328808196
16360    46.56723287379985
16600    47.495889596842204
16840    48.54166132397198
17080    49.96206986579074
17330    51.934951136745134
17580    53.713827253438865
17840    53.88075587203366
18100    51.79814496867061
18360    48.49666560765178
18630    44.714681518398585
18900    40.84817013120577
19170    38.93633278094353
19450    39.972111121399514
19730    40.75980603831964
20000    40.497955108120834
