20    65.22675439656172
20.3    65.25768980547045
20.6    65.28795626795787
20.9    65.3173135599863
21.2    65.34553124657158
21.5    65.37241792373312
21.8    65.39783218803458
22.1    65.42167454916404
22.4    65.44389764668739
22.7    65.46451296997624
23    65.48359670552748
23.3    65.5012821656739
23.6    65.51773735061542
23.9    65.5331348983228
24.2    65.54762477228674
24.6    65.56572008207961
25    65.58256455962609
25.4    65.59823807362139
25.8    65.61272834928809
26.2    65.62593648614855
26.6    65.63771460177938
27    65.6479370242375
27.4    65.6565695438082
27.8    65.66370454646511
28.2    65.66953518242511
28.6    65.67426965125303
29    65.67803973480733
29.4    65.68086103397175
29.8    65.68266525091367
30.2    65.68336980197995
30.6    65.68293648227863
31    65.68139218311714
31.5    65.6780204753646
32    65.67322475030997
32.5    65.66716428945847
33    65.65993747075211
33.5    65.6515883887777
34    65.64213161508309
34.5    65.63158779091933
35    65.62002480582125
35.5    65.60755455517324
36    65.59429832861957
36.5    65.58034258212973
37    65.5657195222579
37.5    65.55041908113138
38    65.53440635137189
38.6    65.514187713763
39.2    65.4928243234823
39.8    65.47033864774217
40.4    65.44683279896766
41    65.42241896455147
41.6    65.39717097334724
42.2    65.37115066487138
42.8    65.34445591756604
43.4    65.31722417023877
44    65.28959655700717
44.6    65.26169213246231
45.2    65.23359897650414
45.9    65.20064134664054
46.6    65.16746192030612
47.3    65.13395617384478
48    65.09998862179455
48.7    65.06542266967426
49.4    65.03011970467824
50.1    64.99395187411943
50.8    64.95683801312256
51.5    64.9187649209089
52.2    64.87976424292687
53    64.83409658367275
53.8    64.78728928008212
54.6    64.73939473890177
55.4    64.69049328855291
56.2    64.64065078473142
57    64.58989944184206
57.8    64.53825548146068
58.6    64.48573739286238
59.5    64.4256595481215
60.4    64.36464828911659
61.3    64.3029037807946
62.2    64.24063912294987
63.1    64.17800908929435
64    64.11509996099542
64.9    64.05190945284714
65.8    63.98830090003487
66.8    63.916851828179176
67.8    63.8443502138823
68.8    63.77082343583727
69.8    63.69663848461813
70.8    63.622465883962285
71.8    63.5492332730763
72.8    63.47805681254733
73.9    63.403535695674876
75    63.33428962041924
76.1    63.271261201075575
77.2    63.21482174853061
78.3    63.164684961079935
79.4    63.11989475211092
80.6    63.07527649797198
81.8    63.032505414447044
83    62.98857942073093
84.2    62.94044419472845
85.4    62.885397856512355
86.6    62.82152282363441
87.9    62.74146787712375
89.2    62.6506977506034
90.5    62.551247854655784
91.8    62.446453983862924
93.1    62.34070014189304
94.5    62.23145841946279
95.9    62.133034145222126
97.3    62.05061457184554
98.7    61.98760024809329
100    61.947196442887744
102    61.91470047586145
104    61.90843034448241
106    61.92054100935994
108    61.9490474275955
110    61.996296701235096
112    62.06648966123163
114    62.16262282817455
116    62.28368943988325
118    62.4227981965514
120    62.56751371253946
122    62.7029709334056
124    62.81654634304097
126    62.90006477332105
128    62.949887575435845
130    62.96630827622166
132    62.95251327280255
134    62.913369252566866
136    62.85428309881476
138    62.78046474014626
140    62.696649696437845
142    62.60688249104133
144    62.51421561923485
146    62.420703099696155
148    62.327530271414446
150    62.23530681712275
152    62.14435336872198
154    62.054829545295924
156    61.966695419271346
158    61.87971118983984
160    61.79361021778661
162    61.7082950375015
164    61.6240121531255
166    61.54129017404281
168    61.46093384671026
170    61.383980826704395
173    61.277511747380785
176    61.18517329728557
179    61.10952436079502
182    61.05084017746222
185    61.00691052961756
188    60.97333246129851
191    60.944641696757444
194    60.91584522477241
197    60.88339055540142
200    60.845232203952875
203    60.800625347035165
206    60.74993195122546
209    60.69425953408533
212    60.6351085605377
215    60.574231257903946
218    60.51313997280526
221    60.452430444711865
224    60.391834523558686
227    60.33086162800164
230    60.2691655375334
233    60.206591303213
236    60.143155239084784
239    60.07892496935863
243    59.99211673109832
247    59.9041721715638
251    59.81547972709228
255    59.72658538958233
259    59.63777844025053
263    59.549610851359965
267    59.4623807180976
271    59.375863030067364
275    59.289989620852246
279    59.2049795434631
283    59.12115163622078
287    59.03889011467241
291    58.95863367606961
295    58.880818901029436
299    58.80581638479037
303    58.73389569506243
307    58.665146039750695
312    58.583192560942855
317    58.50431633963489
322    58.42662419609884
327    58.34814820383021
332    58.2672089460289
337    58.18270634839765
342    58.09455620176679
347    58.00389495878179
352    57.91300041705091
357    57.82526604773722
362    57.74495936044275
367    57.67665328709124
372    57.62471857599963
377    57.59328711760028
383    57.58776622955979
389    57.621019872792516
395    57.69309295901923
401    57.799816287215464
407    57.9331973574908
413    58.082955821213346
419    58.23806015554307
425    58.38829499257134
431    58.52623132095006
437    58.647672043524786
443    58.75136349200711
449    58.837457647964264
456    58.91711595357623
463    58.978247383614395
470    59.02627844534174
477    59.06652372326568
484    59.1033516116117
491    59.1399637163856
498    59.17829738301466
505    59.219410923803366
512    59.26388685536459
519    59.31193353260384
527    59.37074509068624
535    59.43229707147007
543    59.494507896915806
551    59.555207967259406
559    59.612885280135984
567    59.66713456860137
575    59.71863694311203
583    59.768724050940286
592    59.825111095781494
601    59.88276756236924
610    59.941927989110916
619    60.00209197981088
628    60.06258600709531
637    60.12286165670101
646    60.18244089098417
655    60.24079734135762
665    60.303685746096164
675    60.36434648559904
685    60.423032286008294
695    60.48018778676305
705    60.536158577966624
715    60.59105895578935
725    60.644994365354044
736    60.703505913001564
747    60.76170500447705
758    60.820276812629146
769    60.87988519573494
780    60.94104749308033
791    61.00400030330775
803    61.074752729296975
815    61.14773933663841
827    61.223156904514184
839    61.301325125681785
851    61.38265514388441
863    61.46747226354009
876    61.563404887689536
889    61.66342850932026
902    61.76737921318032
915    61.87508370380923
928    61.98637450947971
942    62.10995185575088
956    62.236879675456805
970    62.36642987540196
984    62.49784725537818
998    62.630436656869115
1010    62.74458109219448
1020    62.83981813531853
1030    62.9349845184541
1050    63.12450653360443
1070    63.31221853857253
1090    63.497676221658715
1110    63.68087058533843
1130    63.86193610279093
1150    64.03999173204957
1170    64.2121489398669
1190    64.37470111934732
1210    64.52705921736205
1230    64.67581266539779
1250    64.83035594500326
1270    64.99420129985032
1290    65.16369304764136
1310    65.33304867238354
1330    65.49923813567848
1350    65.66288209453808
1370    65.8257391144938
1390    65.98838377030788
1410    66.150089315254
1430    66.3099737464972
1450    66.46764142909613
1470    66.62323161428043
1490    66.7771982408781
1510    66.930004586109
1530    67.08198060396094
1550    67.23330989299095
1570    67.38406536635043
1590    67.53430079167842
1610    67.68406376143616
1630    67.8333170252144
1650    67.98192101975626
1670    68.12979530504485
1690    68.27698033340633
1710    68.42353525033236
1730    68.56940311012198
1760    68.78649762278195
1790    69.00089755194878
1820    69.21197298298216
1850    69.41893918984323
1880    69.62093594606961
1910    69.81736439867461
1940    70.00793697829242
1970    70.19225049464606
2000    70.36943938948887
2030    70.53863709254162
2060    70.69911714556568
2090    70.85047993426737
2120    70.99223108140237
2150    71.12382643190043
2180    71.24485955172105
2210    71.35495240833488
2240    71.45376714097924
2270    71.54085331742496
2300    71.61607902969587
2330    71.67971205695125
2360    71.73203140180479
2390    71.7730056568332
2420    71.80242532270799
2460    71.82406857257747
2500    71.82765429102216
2540    71.81564922971984
2580    71.79013607840213
2620    71.75276857533034
2660    71.70477605413231
2700    71.6477923272609
2740    71.58407478163178
2780    71.5154338922681
2820    71.44323713775566
2860    71.36867415692429
2900    71.29262941385394
2940    71.2160146188401
2980    71.13992980059379
3020    71.065396973692
3060    70.9931091913289
3100    70.92369861023553
3150    70.8421625570172
3200    70.76742200380777
3250    70.7002244298418
3300    70.6413841722455
3350    70.59171492354629
3400    70.55136215768329
3450    70.52014849296924
3500    70.49850024233406
3550    70.48696049235733
3600    70.48564859791614
3650    70.49433422121946
3700    70.51247344769055
3750    70.5396450186
3800    70.57580092599504
3860    70.63109313967503
3920    70.69888995033045
3980    70.77823287271153
4040    70.86739270741853
4100    70.96306374342583
4160    71.06187576218508
4220    71.16030136176582
4280    71.25331519198144
4340    71.33625268844821
4400    71.40444921385071
4460    71.4509853227613
4520    71.4686010863212
4590    71.44607926698379
4660    71.37205605905976
4730    71.24224820730785
4800    71.05675287150594
4870    70.8193396104324
4940    70.53711354828386
5010    70.22049479055136
5080    69.88147594185246
5150    69.5322055939439
5220    69.18204518992204
5300    68.78717910688276
5380    68.40215926149457
5460    68.03098119889728
5540    67.67666607034081
5620    67.34128024205751
5700    67.02580771505428
5780    66.7310206611092
5860    66.45913785417528
5950    66.18341339634232
6040    65.94170519629103
6130    65.74104566126427
6220    65.59046210999729
6310    65.48936777740555
6400    65.42407904703872
6490    65.38099354697414
6580    65.35833766963225
6680    65.36292481716495
6780    65.40014475186999
6880    65.4655335488984
6980    65.55268387393514
7080    65.65249985676905
7180    65.75273404739954
7280    65.83803363926211
7390    65.88931853626232
7500    65.8581943756754
7610    65.69704981197651
7720    65.36719844686456
7830    64.86142833488034
7940    64.21051859303992
8060    63.396637650633444
8180    62.53775007726456
8300    61.67847640571399
8420    60.84308516185732
8540    60.042535664820704
8660    59.28299656666468
8790    58.51054454531267
8920    57.791754334908404
9050    57.12744552442945
9180    56.51861651152295
9310    55.96466425719605
9450    55.42833530247236
9590    54.95387248759815
9730    54.54209734034922
9870    54.19378217906291
10010    53.9078408375379
10160    53.670079300293985
10310    53.50536672430224
10460    53.422511315894056
10610    53.44121027724016
10760    53.593081042359216
10920    53.95950901990717
11080    54.621071246013194
11240    55.64838868443256
11400    57.04004988314799
11570    58.81786937088718
11740    60.73492643980063
11910    62.58733307823364
12080    64.1429356732944
12260    65.2201049274114
12440    65.55172917898938
12620    65.15919724082286
12800    64.25810736043084
12990    63.07869688696928
13180    61.9392005808251
13370    60.99309489963201
13560    60.29849015431257
13760    59.86745462104807
13960    59.77194963181498
14160    60.04274189838585
14370    60.74201869134896
14580    61.76129515057772
14790    62.71459474581761
15010    63.1545811201253
15230    62.95015188828668
15450    62.172426352112325
15670    60.603427525596416
15900    58.17847645084733
16130    55.64962583700925
16360    53.676607799815585
16600    52.209932082017396
16840    51.055854639205094
17080    50.25075585248212
17330    49.8369704394443
17580    49.87835370111631
17840    50.45620453996078
18100    51.46764584374108
18360    52.26521656538333
18630    51.90990640530808
18900    49.964810694130435
19170    46.50027694425191
19450    41.8013728281304
19730    37.68153159677132
20000    35.81113843318734
