20    64.96234265257682
20.3    65.00194170867431
20.6    65.04120039578444
20.9    65.08071795384632
21.2    65.12139532394109
21.5    65.16409740389835
21.8    65.20920396211528
22.1    65.25626378791247
22.4    65.30393049829627
22.7    65.35023248580677
23    65.39306809568023
23.3    65.43074454175297
23.6    65.46237722331534
23.9    65.48803184918629
24.2    65.50859608361873
24.6    65.53052891159857
25    65.54939280836837
25.4    65.5679007427226
25.8    65.58759779794048
26.2    65.60900279142297
26.6    65.63196665964684
27    65.6559892076225
27.4    65.68041656685682
27.8    65.70455330450288
28.2    65.72775306384469
28.6    65.7494950567217
29    65.76942274695253
29.4    65.78734262198503
29.8    65.8032173757859
30.2    65.81715487218364
30.6    65.82938193533519
31    65.84017665663464
31.5    65.85200106305396
32    65.86217048332642
32.5    65.8706909202777
33    65.87753197955396
33.5    65.88282542044139
34    65.88690818516292
34.5    65.89020166011736
35    65.89304228130878
35.5    65.89558022232234
36    65.89777941219847
36.5    65.89948301100351
37    65.9004843238811
37.5    65.90056921816668
38    65.89954140195816
38.6    65.89663561805092
39.2    65.8917972396673
39.8    65.8850399399364
40.4    65.87644139225436
41    65.86607369362682
41.6    65.85399494838649
42.2    65.8402690298681
42.8    65.82497896217038
43.4    65.80825349651192
44    65.79029443141012
44.6    65.77134627198288
45.2    65.75159724892286
45.9    65.72763515903958
46.6    65.7027185846712
47.3    65.67702450862393
48    65.65087663176766
48.7    65.62461584116541
49.4    65.59858997889185
50.1    65.57325242920179
50.8    65.54916290984306
51.5    65.52686283729412
52.2    65.50675582673809
53    65.48671768304493
53.8    65.4697223885221
54.6    65.45512195828982
55.4    65.44174258751335
56.2    65.42835461588673
57    65.41427679550753
57.8    65.3996444594903
58.6    65.3851892465791
59.5    65.37005515399827
60.4    65.35634801921866
61.3    65.34327455507533
62.2    65.32934523434746
63.1    65.31287953041374
64    65.29244585577462
64.9    65.26720251870645
65.8    65.23704491952591
66.8    65.19846710981236
67.8    65.15590755154483
68.8    65.11104466985162
69.8    65.06555153865537
70.8    65.02083024620673
71.8    64.97783027715471
72.8    64.93695079602924
73.9    64.89426511655091
75    64.8533751644487
76.1    64.81340217792808
77.2    64.77314074519511
78.3    64.73123844387163
79.4    64.686493816201
80.6    64.63342741378959
81.8    64.5753065043535
83    64.51187000935224
84.2    64.44311048505807
85.4    64.36923465972365
86.6    64.29060120486264
87.9    64.20052694122356
89.2    64.10590904167312
90.5    64.00726162765496
91.8    63.90490778514097
93.1    63.79897792882099
94.5    63.68108547128867
95.9    63.55980943331735
97.3    63.43646965535667
98.7    63.3134854591099
100    63.202901232516304
102    63.04977470298881
104    62.93372208432992
106    62.87298689661589
108    62.881746003733994
110    62.965959597689604
112    63.12017910903262
114    63.327429194629254
116    63.56292390493472
118    63.79961670122346
120    64.01357799351875
122    64.18788524613316
124    64.31415589145311
126    64.39160431748036
128    64.42479846790195
130    64.42125904230927
132    64.38940264475013
134    64.33718234467943
136    64.27133957943349
138    64.19708853122337
140    64.11810979042993
142    64.03685069159282
144    63.9549102366849
146    63.87330804678648
148    63.79265296004607
150    63.71326686016708
152    63.63536376186522
154    63.55919011984895
156    63.48503076908918
158    63.413088336638744
160    63.343304876403465
162    63.27528549394315
164    63.20848493117822
166    63.14251836764292
168    63.07721479614797
170    63.01256923974813
173    62.91701447742038
176    62.82340335833541
179    62.7319875355661
182    62.64291841425231
185    62.55608526051557
188    62.47138813647065
191    62.38868763908889
194    62.307876009203824
197    62.229219218598054
200    62.15313145751276
203    62.08005103089015
206    62.01067957395238
209    61.946179793807715
212    61.887780896973894
215    61.83625192700366
218    61.79167137846371
221    61.75341052543112
224    61.7202466507332
227    61.6904950219138
230    61.66216658891635
233    61.633274844537965
236    61.60214723830168
239    61.567610280651614
243    61.51543929462429
247    61.45659160438599
251    61.39243162548799
255    61.32461435816056
259    61.25460774143795
263    61.183690254308054
267    61.11286554480562
271    61.04276577746752
275    60.97368258732811
279    60.9057134440221
283    60.838876391786485
287    60.77318897717901
291    60.708701473832875
295    60.64544563085326
299    60.58342213835084
303    60.522641278577595
307    60.46308598150506
312    60.390292405260766
317    60.31929312259206
322    60.250039245075186
327    60.18239388900849
332    60.11614331969693
337    60.051006035767415
342    59.98667678239154
347    59.92285519891538
352    59.85918272260809
357    59.79529056866352
362    59.73097788320055
367    59.66638369151781
372    59.60203668354829
377    59.53876484972533
383    59.46559568614411
389    59.39691580071283
395    59.33424628651301
401    59.27926210539516
407    59.23371228563127
413    59.199160116545166
419    59.17670324448727
425    59.16679330780987
431    59.16917051430665
437    59.182797154279456
443    59.20589073587477
449    59.23639800830166
456    59.279006813543674
463    59.32708711535096
470    59.37881880369594
477    59.43265848304262
484    59.487240182738724
491    59.54146360078664
498    59.59491112450308
505    59.64809227246489
512    59.70209833305384
519    59.757994166517484
527    59.8252988681875
535    59.897419179850175
543    59.97522386909611
551    60.058556909573944
559    60.14610256554195
567    60.235786121957446
575    60.32531263621392
583    60.41262983244876
592    60.50617627168183
601    60.59288963790169
610    60.67126871353362
619    60.7407451859262
628    60.80190190294325
637    60.856261781214414
646    60.905934558584875
655    60.953185435228875
665    61.00514551679487
675    61.05778858381927
685    61.111046502312234
695    61.16424003653468
705    61.21690435988309
715    61.26923908372771
725    61.32192351475959
736    61.38110552039386
747    61.44205881902269
758    61.50484165210175
769    61.56928695725221
780    61.63520214950712
791    61.70253953774885
803    61.777608310063144
815    61.85452148371159
827    61.933702846560216
839    62.01564395613153
851    62.10066709751935
863    62.18871725183595
876    62.28696153817623
889    62.3875813479108
902    62.4904074091357
915    62.59571603267135
928    62.70356260962372
942    62.82214865814711
956    62.94290390994806
970    63.06572946427278
984    63.190396710727896
998    63.316217375060035
1010    63.42426242621497
1020    63.51413131164669
1030    63.603774362389366
1050    63.7824625978944
1070    63.96054894968903
1090    64.13866232140921
1110    64.31773660094589
1130    64.4979490594541
1150    64.67857314665768
1170    64.85847005188194
1190    65.03579515533715
1210    65.20823261403632
1230    65.37264035368256
1250    65.52568702704363
1270    65.66856728081629
1290    65.80973360993485
1310    65.95975632387582
1330    66.12330690201946
1350    66.29796580369029
1370    66.47848818586073
1390    66.66060427915954
1410    66.84212748995421
1430    67.02268745057015
1450    67.2026163436173
1470    67.38223220653151
1490    67.56200483131965
1510    67.74222203769457
1530    67.92272367167742
1550    68.103439470923
1570    68.28476180089885
1590    68.46710112475157
1610    68.65045788100497
1630    68.834675427924
1650    69.01965631367838
1670    69.20520222960806
1690    69.39094427757666
1710    69.5764889756338
1730    69.76155340383878
1760    70.03775265343677
1790    70.3118395026043
1820    70.58372156746088
1850    70.85260090956714
1880    71.11692860358177
1910    71.37498993449088
1940    71.62461905619236
1970    71.86338838749325
2000    72.08965160099905
2030    72.30269849636952
2060    72.5014367758583
2090    72.68434705833671
2120    72.8500852459118
2150    72.99762422359689
2180    73.1264217393153
2210    73.23621919331171
2240    73.3266787144043
2270    73.39793638103117
2300    73.45058476100021
2330    73.48547241646361
2360    73.50372712016306
2390    73.50663800799737
2420    73.49557333517373
2460    73.46205913166754
2500    73.41139357774637
2540    73.3469610213706
2580    73.27093065510721
2620    73.18554236105943
2660    73.09342514188708
2700    72.99736856968428
2740    72.90004890088451
2780    72.80363655960326
2820    72.70980852445376
2860    72.61972481792957
2900    72.5335881986031
2940    72.45152797781046
2980    72.37460717345118
3020    72.30403898666401
3060    72.24048878298532
3100    72.18432756209474
3150    72.12451037722911
3200    72.07549781012168
3250    72.03723847622796
3300    72.00981614631633
3350    71.99321099898455
3400    71.9869828459058
3450    71.99010725134468
3500    72.00137199929347
3550    72.02002764109935
3600    72.04528698513832
3650    72.07561902591837
3700    72.10886765165407
3750    72.14233453642063
3800    72.17357048138604
3860    72.20494505029171
3920    72.22455235955108
3980    72.22694241838761
4040    72.20770121516696
4100    72.16205315851361
4160    72.08554026736417
4220    71.97460102715105
4280    71.82693808959924
4340    71.64237071427723
4400    71.42293294101376
4460    71.1722112797789
4520    70.89456137727979
4590    70.54290673819189
4660    70.16911390899702
4730    69.78103752024138
4800    69.38622894250429
4870    68.99160084469526
4940    68.60306323984784
5010    68.2255846182776
5080    67.8631890354564
5150    67.51865358864688
5220    67.19302377796312
5300    66.84495403098458
5380    66.5251179109429
5460    66.23587537483982
5540    65.97734431937138
5620    65.7489441431691
5700    65.552096843418
5780    65.38810378961156
5860    65.25695491227226
5950    65.14995685893822
6040    65.0865031396738
6130    65.06805437094084
6220    65.09818772286238
6310    65.18028406218365
6400    65.31643735186779
6490    65.50752735531293
6580    65.75533700193702
6680    66.09924927292167
6780    66.51210277973604
6880    66.98690589071535
6980    67.51551266440222
7080    68.08515245680778
7180    68.67223492219333
7280    69.24078555474325
7390    69.78827888975836
7500    70.1837408612038
7610    70.36542978718722
7720    70.31008286546577
7830    70.04265854920581
7940    69.62198251494851
8060    69.07155849004977
8180    68.50590414743019
8300    67.99157213868526
8420    67.58313938165836
8540    67.30772492828288
8660    67.15621238415906
8790    67.11344392189591
8920    67.19114115517766
9050    67.37034807542175
9180    67.59236071220494
9310    67.75234733408479
9450    67.70331564651892
9590    67.28954187462715
9730    66.46820719721771
9870    65.31416928608755
10010    63.96839339838793
10160    62.47274696738566
10310    61.04484120612466
10460    59.75813225851799
10610    58.65187867485915
10760    57.73847133211982
10920    56.96783552587736
11080    56.40291821336308
11240    56.05136216608725
11400    55.92185697678377
11570    56.0444185228899
11740    56.45794025390943
11910    57.16523921637235
12080    58.06606761475348
12260    58.80673494272432
12440    58.469197302966826
12620    56.49917469944366
12800    54.42947070054025
12990    54.28688614034205
13180    54.375916816702635
13370    52.74131886197833
13560    50.70062174677231
13760    49.111757437427826
13960    48.11104936865323
14160    47.59714134793547
14370    47.50571686737749
14580    47.739195610473104
14790    47.9766788027924
15010    47.826184145963055
15230    47.41113222336912
15450    46.421634922079946
15670    43.90571431114729
15900    40.245623898167025
16130    36.93022324846329
16360    34.36941406522637
16600    32.52975825946004
16840    31.4043292019473
17080    30.66943752466603
17330    30.19958998937941
17580    30.230114962869507
17840    30.45537453213162
18100    29.551740056483947
18360    26.40454223982946
18630    21.69577350725457
18900    17.90897260743074
19170    16.371496191416778
19450    16.667118129835682
19730    17.828272867060903
20000    18.73332602218092
