20    66.26087832773527
20.3    66.25239420469251
20.6    66.24438282499463
20.9    66.23756061594216
21.2    66.23288769493546
21.5    66.23120431341519
21.8    66.23294074494245
22.1    66.23804854189808
22.4    66.24609374105425
22.7    66.25646190964397
23    66.26852894689563
23.3    66.28171648534943
23.6    66.295428981779
23.9    66.30896596992298
24.2    66.3215079547783
24.6    66.33528853937574
25    66.3444526981674
25.4    66.3487407144556
25.8    66.34925179736027
26.2    66.34795408474037
26.6    66.34681665878199
27    66.34715319326321
27.4    66.34954153900203
27.8    66.35413972460447
28.2    66.36099910113086
28.6    66.3700551821369
29    66.3808229536337
29.4    66.3921136662395
29.8    66.40212493953948
30.2    66.40909439994223
30.6    66.41202895452415
31    66.41111663360523
31.5    66.40643544070817
32    66.40044134879128
32.5    66.3945836352003
33    66.38838717163182
33.5    66.38047848941228
34    66.37003356672864
34.5    66.35742017330355
35    66.34381651491788
35.5    66.33044933378494
36    66.31812899111375
36.5    66.30721963335273
37    66.29774693438762
37.5    66.28944972891824
38    66.28184054092706
38.6    66.27286086875534
39.2    66.26336610726919
39.8    66.25284798141173
40.4    66.24078088089783
41    66.22660433717591
41.6    66.2100970939573
42.2    66.19167541498892
42.8    66.17221493369155
43.4    66.15254124727022
44    66.13307373477855
44.6    66.11388274311825
45.2    66.0949522738139
45.9    66.07323350043512
46.6    66.05189798673305
47.3    66.030831592955
48    66.00995345994872
48.7    65.98917214287263
49.4    65.96815393849016
50.1    65.94633606385946
50.8    65.92325347237868
51.5    65.89870858145284
52.2    65.87273337433614
53    65.84152354747523
53.8    65.80898605919411
54.6    65.77536843284493
55.4    65.74097690028123
56.2    65.70621866730855
57    65.67141602937087
57.8    65.63667530357483
58.6    65.60194069831533
59.5    65.56277949711873
60.4    65.52345010114567
61.3    65.4838896809895
62.2    65.44410253270979
63.1    65.40407473999605
64    65.36366538554924
64.9    65.32282733876539
65.8    65.28150105389531
66.8    65.23481861892195
67.8    65.18711544258858
68.8    65.13776809197964
69.8    65.08627556857257
70.8    65.033129190253
71.8    64.9793783384805
72.8    64.92583660225897
73.9    64.86756473141781
75    64.8099409995894
76.1    64.75285262233993
77.2    64.69624098648177
78.3    64.64014361639717
79.4    64.58469616121192
80.6    64.52514679103486
81.8    64.46673169146868
83    64.40960760726229
84.2    64.35414023395812
85.4    64.30098497391663
86.6    64.25088763274485
87.9    64.20068067304791
89.2    64.15488658779259
90.5    64.11319247841328
91.8    64.07499902934809
93.1    64.03953559424913
94.5    64.00292364014564
95.9    63.965802441990206
97.3    63.92595272357828
98.7    63.8814754052426
100    63.83478942040884
102    63.751862918336236
104    63.656441135542494
106    63.55111869701064
108    63.439438397128164
110    63.324942478789396
112    63.21065899736158
114    63.09887398163237
116    62.989646362229166
118    62.881209143307416
120    62.77179709240348
122    62.66105304022029
124    62.549865891023835
126    62.44050259845437
128    62.336972525872525
130    62.24372147629924
132    62.164171057803046
134    62.100620919768446
136    62.05447971034712
138    62.02737159417465
140    62.02203326881673
142    62.041947376569226
144    62.08966978768034
146    62.16493233919476
148    62.26351565298392
150    62.3779697988322
152    62.49948087131477
154    62.61995299994511
156    62.73316642362211
158    62.835008280546816
160    62.92317629198304
162    62.99669109447828
164    63.05543482435928
166    63.09975680453236
168    63.13016190772677
170    63.14710372637454
173    63.148048912143416
176    63.12098823027675
179    63.06889317014168
182    62.99670864286892
185    62.910502617487424
188    62.81610592506324
191    62.71816043146985
194    62.61979520291345
197    62.522905054584356
200    62.42860756091768
203    62.33752744713736
206    62.24984090449365
209    62.16529778763517
212    62.08343192716569
215    62.00388170229329
218    61.926575215232674
221    61.85168932846287
224    61.779473257232425
227    61.71016157945151
230    61.64395091620198
233    61.58102401095091
236    61.52152546618242
239    61.465589574987874
243    61.39704469965469
247    61.336345375074984
251    61.28448862895874
255    61.24200672695035
259    61.20876082635046
263    61.183610146499156
267    61.164197595308174
271    61.147378311970634
275    61.13003860334993
279    61.109766260015554
283    61.085245365934874
287    61.05630811650347
291    61.023604420486826
295    60.98814515385403
299    60.950952144603306
303    60.91295290194924
307    60.87493916287231
312    60.82838736289588
317    60.783714648158664
322    60.741351301895506
327    60.70135084232148
332    60.66338826037499
337    60.6268590484445
342    60.59107559846494
347    60.55539015243954
352    60.519237943396554
357    60.48231803255072
362    60.444835201970456
367    60.40766130293903
372    60.37237408266661
377    60.34113779515002
383    60.312743563870185
389    60.29899947619438
395    60.30462751938957
401    60.33347311006068
407    60.38741673810664
413    60.465939453050424
419    60.565972942898426
425    60.6823503472908
431    60.80878879732023
437    60.93890814443063
443    61.067215335686825
449    61.18966321160724
456    61.32204763735054
463    61.442311043229296
470    61.551681308078436
477    61.65235642427568
484    61.74673659142516
491    61.83714730515345
498    61.925980843045465
505    62.015449668095236
512    62.10723761679364
519    62.20232328084953
527    62.31537846897105
535    62.432532661345974
543    62.552482257205625
551    62.67351508676736
559    62.793824414481364
567    62.911763511135945
575    63.025806878921586
583    63.13505613365555
592    63.25192864868745
601    63.362765209050025
610    63.46875961548272
619    63.57152978862756
628    63.67263442042132
637    63.77320700604206
646    63.87388259108431
655    63.97475161808422
665    64.08638856534398
675    64.19623280423829
685    64.30307735640875
695    64.40628060647671
705    64.50551966197798
715    64.60054002469744
725    64.69141419755888
736    64.78748214638384
747    64.88089500717457
758    64.97253988696983
769    65.06239847137056
780    65.15033084283986
791    65.2363446484157
803    65.32811091861291
815    65.41793879049871
827    65.50600484546973
839    65.5930098447751
851    65.67978616644163
863    65.76584438069804
876    65.85728266268157
889    65.946786681542
902    66.03497718156862
915    66.12276282218679
928    66.21106924614969
942    66.30758022527294
956    66.40596907667272
970    66.50537722565275
984    66.60449407319918
998    66.70239344580256
1010    66.78526919273996
1020    66.85411503920696
1030    66.92333742190159
1050    67.06300297291398
1070    67.20115285561388
1090    67.33559139304855
1110    67.46514973195869
1130    67.58878136214022
1150    67.70679291777321
1170    67.82059424740805
1190    67.9319493322876
1210    68.04250290590042
1230    68.15166884990947
1250    68.25894468199903
1270    68.36509484952923
1290    68.4700576244962
1310    68.5735090157426
1330    68.67531246597508
1350    68.77520336244794
1370    68.8726312252818
1390    68.96715756968838
1410    69.05892072975519
1430    69.14859082587333
1450    69.23699050166738
1470    69.32463321206738
1490    69.41093711642355
1510    69.49465828904994
1530    69.57492258698204
1550    69.65174733595495
1570    69.72598063189923
1590    69.7988799975339
1610    69.87089528921426
1630    69.94187757211552
1650    70.01191696219905
1670    70.08167822820587
1690    70.15197186186363
1710    70.22359898458565
1730    70.29693606253532
1760    70.41028399958645
1790    70.52804796152762
1820    70.65025332744511
1850    70.77617337703124
1880    70.9044470729163
1910    71.03364142930549
1940    71.16285983804289
1970    71.2910799826058
2000    71.4167305730744
2030    71.53860829184464
2060    71.65594068594227
2090    71.76800145985428
2120    71.87404241538292
2150    71.97291549243829
2180    72.06320699018958
2210    72.14319343899918
2240    72.21252139409236
2270    72.27054442973719
2300    72.31647386453062
2330    72.34966606270306
2360    72.36994106026751
2390    72.37733969868509
2420    72.37268284751951
2460    72.34860314240106
2500    72.30386663471421
2540    72.23884821089726
2580    72.15672220397177
2620    72.06041185647628
2660    71.95210728608026
2700    71.83362307048912
2740    71.70616407893036
2780    71.57292045511882
2820    71.43848084222813
2860    71.30656967173906
2900    71.18025221627704
2940    71.0629054900367
2980    70.9547279574405
3020    70.8557108996975
3060    70.76670424657986
3100    70.68806412351321
3150    70.60238799087492
3200    70.52637465434267
3250    70.45552151603461
3300    70.3887352281044
3350    70.32327517633685
3400    70.26188130305871
3450    70.21312757782147
3500    70.17937186395305
3550    70.16140413259956
3600    70.16288600744795
3650    70.1895674543276
3700    70.24726315373555
3750    70.33706572570254
3800    70.4584352437681
3860    70.64221056408999
3920    70.86738547667981
3980    71.12746502408851
4040    71.4179077962716
4100    71.72956194420414
4160    72.05354040471968
4220    72.38035710961032
4280    72.6988396519888
4340    72.9939301885062
4400    73.24618700972735
4460    73.43323008180192
4520    73.52584444927503
4590    73.47947674479553
4660    73.24786721995102
4730    72.822811147722
4800    72.23000521922435
4870    71.51158914441615
4940    70.71115045020937
5010    69.87982881141869
5080    69.05215993030308
5150    68.2563978438769
5220    67.5137615205195
5300    66.74448185467473
5380    66.07637019512612
5460    65.52549575871849
5540    65.10171239086407
5620    64.8066117363704
5700    64.66001872815771
5780    64.68363588202578
5860    64.76257009612763
5950    64.85871771042528
6040    65.12410757766732
6130    65.70558120510952
6220    66.51570694010668
6310    67.45795106149359
6400    68.47767139208605
6490    69.53770008086255
6580    70.58235676806319
6680    71.65065173479834
6780    72.54117610126947
6880    73.19447570572024
6980    73.59561864833995
7080    73.78106432428255
7180    73.82096585659343
7280    73.77953675899283
7390    73.69472671382579
7500    73.59816186848144
7610    73.48763623112555
7720    73.34525713454794
7830    73.14613199475784
7940    72.86777152789276
8060    72.45226582879602
8180    71.9177097208566
8300    71.28489981705201
8420    70.583633748095
8540    69.84809437556655
8660    69.11282826092216
8790    68.34902228353195
8920    67.64217692785803
9050    67.0008136676222
9180    66.44282038484394
9310    65.96164206401122
9450    65.52593509330299
9590    65.17044154842728
9730    64.89048854016858
9870    64.67018551141024
10010    64.49496562059666
10160    64.33182117335221
10310    64.1537603158678
10460    63.90522884237113
10610    63.54838206624785
10760    63.05762820060029
10920    62.37323997743714
11080    61.58897845567248
11240    60.83033720276833
11400    60.24361762424532
11570    59.96098489467267
11740    59.935881794389445
11910    60.20992583026735
12080    60.60710101382455
12260    61.17998013454564
12440    61.83479272072821
12620    62.541160781072236
12800    63.24750991770556
12990    63.923494492154106
13180    64.57267531601346
13370    65.14789756687446
13560    65.70148122846078
13760    66.24870753230306
13960    66.6703080312887
14160    66.83586075310475
14370    66.79298778277223
14580    66.39091235967288
14790    65.69185157894618
15010    64.64714288613935
15230    63.44903338048543
15450    62.30966792217891
15670    61.09386150122799
15900    59.67061568310456
16130    58.00810166481082
16360    56.34620716661145
16600    55.12636378438236
16840    54.58867343661555
17080    54.473589874326635
17330    54.637597486677876
17580    54.95367018745264
17840    55.38244937681628
18100    55.752067498546914
18360    55.78484801032537
18630    55.65982875414558
18900    55.74017513006761
19170    56.11836575337921
19450    56.76562585988677
19730    57.46911810713188
20000    57.5415781609848
