20    104.88284195492494
20.3    104.86504530604726
20.6    104.84793979944706
20.9    104.83197964828675
21.2    104.81745149759496
21.5    104.8043343264001
21.8    104.79233172764904
22.1    104.78102028346363
22.4    104.76999943073031
22.7    104.75896189334073
23    104.7476881595993
23.3    104.73596507449011
23.6    104.72350824287997
23.9    104.70996021623942
24.2    104.69498659093279
24.6    104.67258149515669
25    104.64776280550862
25.4    104.62162633466181
25.8    104.59563456567506
26.2    104.57103450141658
26.6    104.54850976109078
27    104.5282590790037
27.4    104.51030098089609
27.8    104.49466181396869
28.2    104.48124671664478
28.6    104.46956921562631
29    104.4586229661594
29.4    104.44702728135117
29.8    104.4334236758883
30.2    104.41685470606203
30.6    104.39688827338509
31    104.37351625814034
31.5    104.33981211376269
32    104.30152198437503
32.5    104.2590454819051
33    104.21281685715414
33.5    104.1632658527295
34    104.11075203076336
34.5    104.05562663175837
35    103.99841766199674
35.5    103.94000103668733
36    103.88163795389575
36.5    103.82488456631165
37    103.77141890894359
37.5    103.72284916883214
38    103.68058544668074
38.6    103.63976712735956
39.2    103.61089354477133
39.8    103.59390927834804
40.4    103.58686154361183
41    103.58588077064681
41.6    103.58617587667416
42.2    103.5832985951559
42.8    103.5739104971714
43.4    103.55598724553423
44    103.52882862637351
44.6    103.493004760063
45.2    103.45014165735651
45.9    103.39432560578183
46.6    103.33598394177659
47.3    103.27833500738858
48    103.2231169353329
48.7    103.17063412902695
49.4    103.12069964744953
50.1    103.0733589288626
50.8    103.02864005499885
51.5    102.9865035794073
52.2    102.94734480889606
53    102.90704450112699
53.8    102.87156940069278
54.6    102.84028846171601
55.4    102.81273447435215
56.2    102.78832085932154
57    102.76599751279974
57.8    102.74441669936982
58.6    102.72209682842154
59.5    102.69450965751841
60.4    102.66322435334502
61.3    102.62774293581657
62.2    102.58782662138299
63.1    102.5431851962641
64    102.49324241042052
64.9    102.43754422168094
65.8    102.37640074063631
66.8    102.3030028273925
67.8    102.22492193328273
68.8    102.14320280406682
69.8    102.05857069368376
70.8    101.97124693478295
71.8    101.8812790750842
72.8    101.78905092125396
73.9    101.68569191461847
75    101.5807349793684
76.1    101.47404353452916
77.2    101.36534495613336
78.3    101.25463894425097
79.4    101.14196841300011
80.6    101.01702160976643
81.8    100.89026425290996
83    100.7616804759289
84.2    100.63123520463802
85.4    100.49955251045984
86.6    100.36767282165069
87.9    100.22543941150113
89.2    100.08435077419406
90.5    99.94463442159145
91.8    99.80622616207398
93.1    99.66895160701371
94.5    99.52290034171435
95.9    99.38004502927942
97.3    99.24171314622282
98.7    99.10877883652155
100    98.99063212730132
102    98.82070091960756
104    98.6694058264535
106    98.54452405777525
108    98.45704347595458
110    98.41827079102282
112    98.43672439611353
114    98.51320404932648
116    98.63834691342126
118    98.795065278078
120    98.9604893234721
122    99.10924172313763
124    99.22069367196713
126    99.2850724870967
128    99.3041618559819
130    99.28786534656575
132    99.24969674507827
134    99.20303129628583
136    99.15870873187174
138    99.12304194499656
140    99.09677199821797
142    99.07592385292044
144    99.05415221304452
146    99.02508507035623
148    98.98395812567836
150    98.92832533730038
152    98.85799169407258
154    98.77437042052905
156    98.67985501378955
158    98.57679312497456
160    98.4669739094976
162    98.35189274842949
164    98.23314742910269
166    98.11253444611242
168    97.99192883254025
170    97.8729838163481
173    97.69979578660033
176    97.53362779772857
179    97.3743171469822
182    97.2216983266006
185    97.07551423511396
188    96.93543869246116
191    96.80099837009593
194    96.67238977716381
197    96.55035200186008
200    96.43558696103199
203    96.32860707573951
206    96.2294897772408
209    96.13808408098537
212    96.05427131013234
215    95.97796326587428
218    95.90893358715915
221    95.84673656263364
224    95.7906248866253
227    95.7396301114879
230    95.6926180267763
233    95.64846322978585
236    95.60620472207857
239    95.56505117520022
243    95.5108988682152
247    95.45692666992412
251    95.4029553467568
255    95.3490525159149
259    95.29532533097726
263    95.24181436827573
267    95.18864218431571
271    95.13603583958063
275    95.08409279091498
279    95.03296465122821
283    94.98302137876144
287    94.93458539117529
291    94.88764906749428
295    94.84196739379145
299    94.79736667143337
303    94.75382631885795
307    94.71136799347477
312    94.65980631842889
317    94.60976626171313
322    94.56106494256387
327    94.5136719608681
332    94.46769750098748
337    94.42332786145252
342    94.38071089266379
347    94.34007511550453
352    94.30207661772172
357    94.26799773080529
362    94.23979240503482
367    94.2200013220966
372    94.21157552503304
377    94.21771332853959
383    94.24910131384996
389    94.31155756507526
395    94.40733403078156
401    94.53532766523477
407    94.69135801810398
413    94.86870231215916
419    95.05819835228382
425    95.24921478710388
431    95.43127975529822
437    95.59620088706492
443    95.73921834026743
449    95.85869506181078
456    95.96926389578168
463    96.0524868376598
470    96.11436637636743
477    96.1620299398503
484    96.2022790088732
491    96.2406846999045
498    96.28124741882593
505    96.32635668313574
512    96.37719922908425
519    96.43403503724643
527    96.50509140614508
535    96.57995824463303
543    96.65548449612261
551    96.72878096967581
559    96.79712503580436
567    96.8580902183935
575    96.91000555021283
583    96.95209965206405
592    96.98785696003975
601    97.01245860759305
610    97.02761148024074
619    97.03513696043954
628    97.0367587023411
637    97.0340696555809
646    97.02839755218221
655    97.02068174857916
665    97.01061795744995
675    96.99986856343202
685    96.98919535638348
695    96.97929319741706
705    96.97097959472873
715    96.96512634327325
725    96.96231033091955
736    96.9628845043592
747    96.9670797350669
758    96.97434311813646
769    96.98384424629404
780    96.99467394246689
791    97.00612171568562
803    97.01896714794788
815    97.0323535705613
827    97.04673569493389
839    97.06251348721102
851    97.08004862413297
863    97.09976024944885
876    97.12393195667173
889    97.15102700871356
902    97.18102238659122
915    97.21407488643135
928    97.25046526322782
942    97.29366993305118
956    97.34112316398642
970    97.39268097960061
984    97.44803747952503
998    97.50679975175598
1010    97.55953283709736
1020    97.60490489069338
1030    97.65144940198046
1050    97.7479420494781
1070    97.84900373585936
1090    97.95515938892227
1110    98.06721393935682
1130    98.18522880848391
1150    98.30767778551453
1170    98.43101091964164
1190    98.55061312850427
1210    98.66243081181656
1230    98.76359453206646
1250    98.85327708369202
1270    98.93251814222552
1290    99.00416068587349
1310    99.07140604637203
1330    99.13665426476615
1350    99.2015202446532
1370    99.26710780251989
1390    99.33403743426989
1410    99.40247757890631
1430    99.47241183252927
1450    99.54396734656078
1470    99.61740241053636
1490    99.69319260584408
1510    99.77174280049066
1530    99.85320185682836
1550    99.93750249956776
1570    100.02449930053126
1590    100.11406386689754
1610    100.20618107226022
1630    100.30094185954883
1650    100.39836430112598
1670    100.49820414615272
1690    100.60009548342421
1710    100.70392942252505
1730    100.80981009607049
1760    100.97263320264402
1790    101.14008170548463
1820    101.31169944516611
1850    101.48681354101794
1880    101.66466659074797
1910    101.84414214237945
1940    102.02380778892487
1970    102.20226784510753
2000    102.37878791421028
2030    102.55247791722763
2060    102.72068049928151
2090    102.88198208601182
2120    103.03589390475054
2150    103.18256671943809
2180    103.32223459801435
2210    103.4548039203346
2240    103.58063275995403
2270    103.69981955823977
2300    103.81270211804984
2330    103.91989718441098
2360    104.02229339267053
2390    104.12090962237923
2420    104.21685222509659
2460    104.34237902023841
2500    104.46767260830208
2540    104.59524258288381
2580    104.72694160177588
2620    104.86374804587146
2660    105.00556832830803
2700    105.15151252256513
2740    105.29949692441585
2780    105.44536677411475
2820    105.58296216106706
2860    105.70414351426118
2900    105.79770221795181
2940    105.85225623493804
2980    105.8644729711555
3020    105.83802142592802
3060    105.78133399759005
3100    105.70760657370727
3150    105.6122649461993
3200    105.52855573879863
3250    105.45854189551548
3300    105.39453886034931
3350    105.32711323893997
3400    105.25063214861493
3450    105.16423701224264
3500    105.06906362344078
3550    104.967284425984
3600    104.86222229297876
3650    104.75785680914868
3700    104.65869601639903
3750    104.56925645900847
3800    104.49290199089384
3860    104.42125655897166
3920    104.37543411488033
3980    104.35536126007503
4040    104.36374321869386
4100    104.3996200029662
4160    104.46000986959203
4220    104.54078759203844
4280    104.63503966544678
4340    104.73496332160852
4400    104.83232783339979
4460    104.91917480549591
4520    104.98728160326931
4590    105.03502149062551
4660    105.04677640912075
4730    105.02352391512078
4800    104.97045931953126
4870    104.89208583789829
4940    104.78944611109048
5010    104.6646552441571
5080    104.5196470756638
5150    104.35429952584715
5220    104.17239670000738
5300    103.95408923055464
5380    103.73710530281411
5460    103.53589589988081
5540    103.36278056941956
5620    103.22505806240517
5700    103.1290619802712
5780    103.08494283152035
5860    103.0893254668924
5950    103.14644034899425
6040    103.25427924880921
6130    103.40746993925595
6220    103.59305618965243
6310    103.78934294599563
6400    103.9676593290691
6490    104.09090296258941
6580    104.12587648208942
6680    104.02959051204454
6780    103.76870301266754
6880    103.34467236734102
6980    102.77733654051546
7080    102.10870864604382
7180    101.40486584916346
7280    100.7101894431438
7390    99.96514098391297
7500    99.24725694015373
7610    98.58088168712716
7720    97.97688078061542
7830    97.43689668012897
7940    96.96320051765323
8060    96.53056934189001
8180    96.18868928614972
8300    95.92107407688776
8420    95.70001001801555
8540    95.50802584466342
8660    95.34476744374456
8790    95.19909949551881
8920    95.10191000466307
9050    95.05863205094961
9180    95.05382975081469
9310    95.07058060606212
9450    95.1186582582277
9590    95.20498499918536
9730    95.33290174010179
9870    95.50345483301349
10010    95.71963446098245
10160    96.00581141449322
10310    96.35238245265097
10460    96.74982224845613
10610    97.19083139588601
10760    97.7193321751902
10920    98.39128907248073
11080    99.14958500256934
11240    99.99251318191304
11400    100.89431839425262
11570    101.8828430915891
11740    102.81617147417157
11910    103.5138038533031
12080    104.00158255243116
12260    104.01485586813837
12440    103.65259230532766
12620    102.9680686787176
12800    102.13938487372491
12990    101.22323992509948
13180    100.3232273265647
13370    99.50815639257213
13560    98.73063184309352
13760    97.91849747308459
13960    97.09880631390143
14160    96.26047312276552
14370    95.36265710514448
14580    94.44079908072897
14790    93.51302443564151
15010    92.54909900458368
15230    91.60294451849771
15450    90.63762066585028
15670    89.59241496372907
15900    88.70257450254417
16130    88.04735443005333
16360    87.53337114399548
16600    87.31622006887179
16840    87.4994082442371
17080    87.87773282121074
17330    88.70679421022365
17580    90.00548519237249
17840    90.54108068125478
18100    88.92709038833848
18360    86.11568710602279
18630    83.20847184202307
18900    80.62516465476175
19170    78.36426307814321
19450    76.31217227130102
19730    74.71559055597784
20000    74.56460510274086
