20    66.03083349488406
20.3    66.0701864963074
20.6    66.10838015502257
20.9    66.14501992688311
21.2    66.18020968293052
21.5    66.21439396689394
21.8    66.24759810522158
22.1    66.2784645643878
22.4    66.30364602794816
22.7    66.3181956206654
23    66.31680480001792
23.3    66.29572112289168
23.6    66.25453495900847
23.9    66.19705808004238
24.2    66.13086436062656
24.6    66.0455593186729
25    65.98287500629888
25.4    65.95564782806991
25.8    65.96504106458262
26.2    66.00301652119877
26.6    66.05800213979266
27    66.11949723091394
27.4    66.1795640627056
27.8    66.23233333981268
28.2    66.27333228978094
28.6    66.2996953777386
29    66.31092593980995
29.4    66.30927713617857
29.8    66.29896494985303
30.2    66.28422735728441
30.6    66.26771253786717
31    66.24996955959165
31.5    66.22485986588265
32    66.1953467057034
32.5    66.16252627775813
33    66.12943521740846
33.5    66.09912607610562
34    66.0732059256232
34.5    66.051707966472
35    66.03384797575205
35.5    66.01876587918633
36    66.00577291176634
36.5    65.99417697855841
37    65.98308162960828
37.5    65.97145001810816
38    65.95838258059817
38.6    65.94007472074244
39.2    65.91866226570345
39.8    65.89438483298281
40.4    65.86783006836748
41    65.83971099116235
41.6    65.81058471010422
42.2    65.78076758713273
42.8    65.75049650702225
43.4    65.72005057064331
44    65.68970252736977
44.6    65.65964930287763
45.2    65.63007765680508
45.9    65.59652266447073
46.6    65.5643130448443
47.3    65.53343956696139
48    65.50354198717675
48.7    65.47417135120745
49.4    65.44495660051165
50.1    65.41573775479779
50.8    65.38657306363078
51.5    65.35721193942695
52.2    65.3266449855575
53    65.28876024285468
53.8    65.24691655996114
54.6    65.20065618331046
55.4    65.14974677499023
56.2    65.0952246036828
57    65.03934839875609
57.8    64.98435344488206
58.6    64.93148211358287
59.5    64.87450465842039
60.4    64.81870677498804
61.3    64.76192817436919
62.2    64.70215401216299
63.1    64.6377220470674
64    64.56747112820503
64.9    64.4915431317482
65.8    64.4121684467462
66.8    64.32412483855856
67.8    64.23974681759185
68.8    64.16055188240436
69.8    64.08668353719378
70.8    64.01867866031347
71.8    63.95876648877828
72.8    63.90922746202638
73.9    63.867540744669036
75    63.837035490083494
76.1    63.81206915136766
77.2    63.78720001988883
78.3    63.75854654727986
79.4    63.72278418582461
80.6    63.67248631288047
81.8    63.609081373669696
83    63.53416076487525
84.2    63.45171455368652
85.4    63.366715602943295
86.6    63.28445466113597
87.9    63.204946310554966
89.2    63.13979049258559
90.5    63.08760156004733
91.8    63.04390953624041
93.1    63.004640956315846
94.5    62.96522771053375
95.9    62.928997972597344
97.3    62.89737521373266
98.7    62.87097753430303
100    62.8498218970354
102    62.817632907550674
104    62.77787924096053
106    62.72651432277111
108    62.662574428067074
110    62.58798606866452
112    62.504503722903735
114    62.4119932414154
116    62.310128138854594
118    62.19980497859913
120    62.082992253230955
122    61.96310007412644
124    61.84394690982215
126    61.72827123756652
128    61.61739613342054
130    61.511744440068654
132    61.41123397012069
134    61.31554908841315
136    61.22427423140115
138    61.13704157130871
140    61.05327851679176
142    60.97236618718817
144    60.894268400521185
146    60.819039992591
148    60.74661583662491
150    60.6764821496826
152    60.60719555018125
154    60.53697487298774
156    60.46436742334756
158    60.38809539287955
160    60.30714075477686
162    60.221271324468916
164    60.131197302510806
166    60.03816538022018
168    59.94328655920964
170    59.84723392272261
173    59.70217165778463
176    59.558308677295585
179    59.41783025956833
182    59.2815089079097
185    59.1498687653431
188    59.02338649970861
191    58.901979489328895
194    58.78502633961774
197    58.67122227989544
200    58.5586249678284
203    58.44537363613325
206    58.33005767999008
209    58.21169136455326
212    58.08979781544691
215    57.96446451439125
218    57.83623260575436
221    57.70592941720865
224    57.574448970569634
227    57.44257328913879
230    57.31089056561096
233    57.17985129363255
236    57.049814353686074
239    56.920895966977795
243    56.75063480710511
247    56.58245223146585
251    56.41757993930407
255    56.25734693475485
259    56.101861271820155
263    55.95013980556155
267    55.801561695952024
271    55.656516113342
275    55.5157691558996
279    55.37983615388491
283    55.24894278505761
287    55.12320130426116
291    55.00273708858136
295    54.88783805610087
299    54.77903001554572
303    54.67690128927649
307    54.58211703823912
312    54.4753811607408
317    54.38380410606726
322    54.309902892164175
327    54.25675791099964
332    54.22715869892534
337    54.222336447786645
342    54.24195788085213
347    54.28530080125454
352    54.35285175814903
357    54.44679619650509
362    54.56896283411581
367    54.71798296559727
372    54.88820821795442
377    55.07229123703861
383    55.302252711454415
389    55.53337205652339
395    55.757960100009385
401    55.96810556461175
407    56.15458960653416
413    56.311818695328476
419    56.43862736202445
425    56.53726873349975
431    56.61218055923727
437    56.6684965069473
443    56.71092863010396
449    56.74347055431774
456    56.77345700655751
463    56.79848706158154
470    56.82096571129631
477    56.842715808075596
484    56.865385613353695
491    56.890348370734316
498    56.91864324963342
505    56.95097411006587
512    56.98756726017371
519    57.0281037298343
527    57.07828255849107
535    57.131006895076275
543    57.18434210448656
551    57.2363899908105
559    57.285675777297925
567    57.331312027296704
575    57.372815502371566
583    57.40998741390905
592    57.44660066813012
601    57.47786207666532
610    57.50413256375156
619    57.5257130815183
628    57.542783921984324
637    57.55554007973705
646    57.56444404557482
655    57.57025595308403
665    57.574196524329814
675    57.57685182687814
685    57.57984199900886
695    57.584823457750645
705    57.59323720730117
715    57.60613783841176
725    57.62392189953834
736    57.648463905093124
747    57.676534857527535
758    57.70616438045589
769    57.73569999758125
780    57.76395667676594
791    57.790315247843694
803    57.817021273184764
815    57.84244846364281
827    57.86766145557192
839    57.893849663448414
851    57.922412539817756
863    57.95470795815446
876    57.994999354950906
889    58.04158373226363
902    58.09507376116921
915    58.15603155755116
928    58.22439787915618
942    58.305597112501005
956    58.39360992038621
970    58.487341159982016
984    58.585642812741824
998    58.687368298929236
1010    58.77654204841037
1020    58.85188930105424
1030    58.9279562559384
1050    59.081568248944244
1070    59.23619377752962
1090    59.390996604307105
1110    59.54546788065781
1130    59.6995533159416
1150    59.85325844824902
1170    60.00607291640719
1190    60.15688432748605
1210    60.30434414833121
1230    60.44745835091827
1250    60.58620791838789
1270    60.72105817179112
1290    60.85303379021048
1310    60.9836713212445
1330    61.1147042719101
1350    61.2476250643557
1370    61.38342675689085
1390    61.52240071575592
1410    61.664196798243154
1430    61.80820158548836
1450    61.95384172697368
1470    62.10052831084455
1490    62.24779749625196
1510    62.39540465275272
1530    62.543373120178195
1550    62.69196211123467
1570    62.84155243734857
1590    62.99253955896445
1610    63.14529704992288
1630    63.300087024341785
1650    63.45697863140646
1670    63.61580411957885
1690    63.776170913547276
1710    63.937619080870114
1730    64.09967068945316
1760    64.34277383910919
1790    64.58442123232703
1820    64.8230726085201
1850    65.05715475893228
1880    65.28511661460664
1910    65.50589293140902
1940    65.71855046931508
1970    65.92208251465402
2000    66.1156955588163
2030    66.29881380089631
2060    66.47128146480921
2090    66.63328162555658
2120    66.785303897251
2150    66.92811494249352
2180    67.06246206268872
2210    67.18842182299406
2240    67.3061850222939
2270    67.41542139807018
2300    67.51595503698252
2330    67.60777784827926
2360    67.69099402309911
2390    67.76601069931577
2420    67.83354488777505
2460    67.91243045099772
2500    67.97894961765151
2540    68.03325175002378
2580    68.07646059386319
2620    68.11031513702125
2660    68.13667026215043
2700    68.15770063618578
2740    68.17622153399464
2780    68.1958227634988
2820    68.22039584076245
2860    68.25357895249275
2900    68.29892102592989
2940    68.35873371700288
2980    68.43195916635494
3020    68.51600478178676
3060    68.60761178581348
3100    68.70259477615257
3150    68.82028362833461
3200    68.93198900903671
3250    69.03384115699646
3300    69.12227798582876
3350    69.1933433566646
3400    69.24485255561045
3450    69.28012930285331
3500    69.30751094059383
3550    69.33591931327038
3600    69.37021509301943
3650    69.40906451053814
3700    69.44700367241718
3750    69.47731347962461
3800    69.49528025202002
3860    69.49792144945944
3920    69.47703922228081
3980    69.4336580268889
4040    69.36708016644289
4100    69.28069019868684
4160    69.17950775439073
4220    69.06741433749164
4280    68.94642765312683
4340    68.81748794025447
4400    68.68232658600274
4460    68.54257734534818
4520    68.39864093667433
4590    68.22506388735317
4660    68.04384405297007
4730    67.8516443870798
4800    67.6446112357875
4870    67.41721255457674
4940    67.16188012527442
5010    66.87372829511693
5080    66.55349711319107
5150    66.20384416070223
5220    65.8344473837475
5300    65.40631045286123
5380    64.99513838454493
5460    64.62412723864009
5540    64.30937997092194
5620    64.058569865651
5700    63.87756289062439
5780    63.77757851867674
5860    63.74878438906472
5950    63.78875989449878
6040    63.89678434796433
6130    64.06548468119263
6220    64.28164572273194
6310    64.52811251835921
6400    64.78310403604775
6490    65.02450157228162
6580    65.23587839541602
6680    65.42342762341156
6780    65.54604211164902
6880    65.58248065972097
6980    65.51927452095556
7080    65.36484980314097
7180    65.1457103380234
7280    64.88723690201948
7390    64.57627255729133
7500    64.26607135980032
7610    64.00585761236943
7720    63.805438710374666
7830    63.604424592519784
7940    63.34077122766752
8060    62.931759093596796
8180    62.4051642053006
8300    61.8863477819385
8420    61.567815381403
8540    61.56157729602682
8660    61.79000026319049
8790    62.157936996170335
8920    62.57282335648907
9050    63.0051347533609
9180    63.44632033460444
9310    63.8822839584863
9450    64.3166151365835
9590    64.67102739655817
9730    64.93876377839254
9870    65.15667915944239
10010    65.30373051335872
10160    65.35639526133653
10310    65.34662420206823
10460    65.33321007560434
10610    65.3494865792441
10760    65.45154427452877
10920    65.65421341632391
11080    65.91199631391555
11240    66.17448660195762
11400    66.37404912170882
11570    66.40719748861162
11740    66.25913631085021
11910    65.860002548305
12080    65.37770844790762
12260    64.86193216421702
12440    64.44985767286894
12620    64.27962759363214
12800    64.35921531436374
12990    64.68185576407271
13180    65.02248962163277
13370    65.26732463994436
13560    65.2562807414869
13760    64.83526847557926
13960    63.953885715639416
14160    62.745703089876784
14370    61.431214897937195
14580    60.256099071571235
14790    59.28288079604372
15010    58.50417808201804
15230    57.95190963497486
15450    57.550909542922234
15670    57.1966233920206
15900    56.72266535109233
16130    55.99044241160804
16360    54.990223958244144
16600    53.897674062561165
16840    53.243211854067525
17080    53.134720431465254
17330    52.90875160467316
17580    52.69944826939037
17840    53.22027369132745
18100    53.50169792210659
18360    53.01605593969059
18630    52.034086254082
18900    51.121860810555994
19170    50.39224192508311
19450    49.7864465654024
19730    49.42424328877638
20000    49.394345089679675
