20    63.201515047783126
20.3    63.25019081754476
20.6    63.2980225123752
20.9    63.34491491635379
21.2    63.39081298358096
21.5    63.43567957216683
21.8    63.47944328912078
22.1    63.52194455440036
22.4    63.5629270817131
22.7    63.60209711941698
23    63.639224992692725
23.3    63.674246682265476
23.6    63.70731496819619
23.9    63.73878164798222
24.2    63.76910625777522
24.6    63.80849634643058
25    63.847327698434526
25.4    63.885897706865094
25.8    63.924176926230984
26.2    63.962017625248194
26.6    63.99928764700068
27    64.03585731370265
27.4    64.07153409559936
27.8    64.10604836328868
28.2    64.13912387133519
28.6    64.17058036722428
29    64.20039001192094
29.4    64.22866243685615
29.8    64.25557928239601
30.2    64.28132882661153
30.6    64.30608215860376
31    64.32999132081511
31.5    64.35888977247203
32    64.38686754657232
32.5    64.41402915337575
33    64.4403893096837
33.5    64.46590557662927
34    64.49050266142086
34.5    64.51406839923614
35    64.53645345748507
35.5    64.55747761438937
36    64.57695305808242
36.5    64.59472407655332
37    64.6107041697997
37.5    64.62489271053775
38    64.63734694290235
38.6    64.65011194555004
39.2    64.66065759738976
39.8    64.66924533110456
40.4    64.67627506979868
41    64.68232088921603
41.6    64.68816227138379
42.2    64.69479318892961
42.8    64.70337339355503
43.4    64.71515248391103
44    64.73139077888678
44.6    64.75325362764117
45.2    64.78165432419597
45.9    64.82367109487723
46.6    64.87510028099958
47.3    64.93474426171366
48    65.0003475064969
48.7    65.06904765443204
49.4    65.13796687563962
50.1    65.204513755379
50.8    65.26646303926142
51.5    65.32222447334684
52.2    65.37117176826828
53    65.41920925786103
53.8    65.46027137159842
54.6    65.49646214976548
55.4    65.52983249466743
56.2    65.56146134156384
57    65.59114849270944
57.8    65.61793717234741
58.6    65.6408078561178
59.5    65.66097432987684
60.4    65.67500170957311
61.3    65.683414548504
62.2    65.68725954116942
63.1    65.68771801917035
64    65.68592003351057
64.9    65.68292138161475
65.8    65.67959024495369
66.8    65.67611913633853
67.8    65.67312827349198
68.8    65.67050911617181
69.8    65.66784695266216
70.8    65.66463056656549
71.8    65.66051134692515
72.8    65.6554082303053
73.9    65.64889481341932
75    65.64193812964221
76.1    65.63521570272115
77.2    65.6296235745123
78.3    65.62595779275902
79.4    65.62457790585282
80.6    65.62564376014481
81.8    65.62897275833569
83    65.63380563621766
84.2    65.6391803375103
85.4    65.64406868894608
86.6    65.64753997782431
87.9    65.64886509637003
89.2    65.6470224537293
90.5    65.64156957575703
91.8    65.63221637669781
93.1    65.6188249089832
94.5    65.5998951922571
95.9    65.57654759804524
97.3    65.54931550786864
98.7    65.51840515508084
100    65.48628481509982
102    65.43029749374533
104    65.36655450270212
106    65.2959574865321
108    65.22007926781683
110    65.14093590032024
112    65.06085783909955
114    64.98267985652606
116    64.91020478539367
118    64.84846730488641
120    64.80380313868025
122    64.78369260893791
124    64.79665091079372
126    64.85115459916776
128    64.95345041448977
130    65.1056802382952
132    65.30464805355896
134    65.54182981787972
136    65.8032377047319
138    66.07182801868255
140    66.33094251223329
142    66.56696271178278
144    66.77022312808508
146    66.93483027590547
148    67.05841241183855
150    67.14161940515714
152    67.18770257344217
154    67.20195716329584
156    67.19080568928132
158    67.16090522679306
160    67.11844968745555
162    67.06870304462765
164    67.01577156872108
166    66.9625767273634
168    66.91093181335327
170    66.86175547428067
173    66.79318665880322
176    66.73050551964775
179    66.67277393629311
182    66.61917057248519
185    66.56922382788835
188    66.5226082777764
191    66.47881903731826
194    66.43712932611326
197    66.39664289209593
200    66.35621389493076
203    66.31449662151817
206    66.27051021721309
209    66.2237905670051
212    66.17425303234435
215    66.12221902520042
218    66.06830386060702
221    66.01317326820956
224    65.95742769594548
227    65.90156012204974
230    65.84594634491253
233    65.79088373086415
236    65.73658684160804
239    65.6832422439499
243    65.61438533964575
247    65.54962326681814
251    65.49058427585864
255    65.4387422433768
259    65.3953876592493
263    65.36134722054032
267    65.33655998876557
271    65.31997025356235
275    65.30952832892223
279    65.30233572170405
283    65.29508307648015
287    65.2844222219114
291    65.2674354542983
295    65.24210580941937
299    65.20766105263257
303    65.16465288438664
307    65.1145585517686
312    65.04488819128554
317    64.97059930875281
322    64.8941949225019
327    64.81725814864667
332    64.74055767165018
337    64.66377105571223
342    64.5856215111755
347    64.5055758518545
352    64.42462863841683
357    64.3439408219704
362    64.26420275912866
367    64.18647046360887
372    64.1123361534512
377    64.04318478175558
383    63.96806057293776
389    63.90282534211505
395    63.849692710322415
401    63.8114220002549
407    63.789906230503775
413    63.785744156700986
419    63.79837074296964
425    63.82645027513786
431    63.86818138459098
437    63.92124515158348
443    63.98297253848166
449    64.050538597598
456    64.13281550040432
463    64.21444076924483
470    64.291361762303
477    64.36031119123608
484    64.41917829404692
491    64.46713777157548
498    64.50449958461675
505    64.53248626448317
512    64.55299147628882
519    64.56832681086385
527    64.58289881620706
535    64.59805514978348
543    64.61681224502493
551    64.6406844340134
559    64.6697224583863
567    64.70319225662979
575    64.74028975318684
583    64.78022800433544
592    64.8274731395619
601    64.8758860976909
610    64.92418753100475
619    64.97126508225385
628    65.01637396298602
637    65.05935052360675
646    65.10061385183715
655    65.14079433194979
665    65.1849715201516
675    65.22955987442211
685    65.27540009136115
695    65.32304567828612
705    65.37270407319205
715    65.42436224550755
725    65.47800640620622
736    65.53944378095446
747    65.60361349208176
758    65.67055345159945
769    65.7401866735772
780    65.8125366234868
791    65.88773647402157
803    65.97306190871961
815    66.06158382916463
827    66.15309251799061
839    66.24776967665377
851    66.34598272261591
863    66.44806888469802
876    66.56335553544207
889    66.68375352825146
902    66.80940142298607
915    66.94038612424592
928    67.07670573560867
942    67.2294565382205
956    67.38819462502653
970    67.55259827669985
984    67.72248168060761
998    67.89794056685702
1010    68.05288321950445
1020    68.18513748222023
1030    68.32012644783178
1050    68.59775571172183
1070    68.8842707617031
1090    69.17795940558699
1110    69.47761210204206
1130    69.78221497369287
1150    70.09083061204083
1170    70.40310692369546
1190    70.71844894124962
1210    71.03530495924288
1230    71.35132355099739
1250    71.66372695300824
1270    71.96920867327557
1290    72.26449802086658
1310    72.54617203747598
1330    72.80897844546934
1350    73.04670666346395
1370    73.25288905405316
1390    73.42106482435615
1410    73.5454822990512
1430    73.62102999411698
1450    73.64166155487561
1470    73.60515960178621
1490    73.5140162983873
1510    73.37307069163472
1530    73.18783500742452
1550    72.9644639904748
1570    72.71084064709302
1590    72.43682943156873
1610    72.15140771605051
1630    71.86168828768544
1650    71.57335300644262
1670    71.2910461502766
1690    71.01844274924939
1710    70.7588029588201
1730    70.515512016284
1760    70.18887240928802
1790    69.91715929568954
1820    69.70834022334644
1850    69.56893239013797
1880    69.502471898929
1910    69.50639664392952
1940    69.5752318222086
1970    69.70341154895632
2000    69.88528955323673
2030    70.11392815900282
2060    70.381443019743
2090    70.68057477511101
2120    71.00371746428152
2150    71.34327940345025
2180    71.69305414704985
2210    72.04814202247452
2240    72.40379633978935
2270    72.7558799061239
2300    73.1009690879196
2330    73.43627537435049
2360    73.75837577767564
2390    74.06339804120864
2420    74.34776028441169
2460    74.6866521878297
2500    74.96827238388111
2540    75.17924159321126
2580    75.3119895456151
2620    75.36672148440559
2660    75.35027189329244
2700    75.27364005624827
2740    75.14782148447098
2780    74.98630895791729
2820    74.80141623061999
2860    74.60363303235272
2900    74.40226047713729
2940    74.2064640614022
2980    74.0234118675766
3020    73.8579378213354
3060    73.71371126777903
3100    73.59280056078566
3150    73.47594105835445
3200    73.39908433023405
3250    73.35727738459457
3300    73.3337543536181
3350    73.29743033848533
3400    73.20523991138533
3450    73.01217595054516
3500    72.68788510420791
3550    72.2319652714272
3600    71.67377975271214
3650    71.058537357456
3700    70.43444835940244
3750    69.84456300436132
3800    69.3207072601027
3860    68.80439405205658
3920    68.4332271333266
3980    68.19444894080762
4040    68.0799062048745
4100    68.06056868813452
4160    68.10482788890519
4220    68.18940649374176
4280    68.29846475107342
4340    68.42462989109362
4400    68.56523757910287
4460    68.71912433690886
4520    68.88641294078408
4590    69.09852839309576
4660    69.32699600892406
4730    69.57139308750212
4800    69.83193877552401
4870    70.10956784015039
4940    70.40670545963097
5010    70.72696135961192
5080    71.07208086657835
5150    71.44630480267759
5220    71.85004435017112
5300    72.3475664462909
5380    72.88178021176267
5460    73.44203631437986
5540    74.0090026180172
5620    74.5638444670659
5700    75.08690650855263
5780    75.55288010608507
5860    75.95811159941856
5950    76.35117265034621
6040    76.69407857718983
6130    77.00190510120919
6220    77.27609776545953
6310    77.50157936655006
6400    77.66151473869601
6490    77.73821279719145
6580    77.74180489897651
6680    77.68825051133838
6780    77.60119165077018
6880    77.50469978133171
6980    77.42425868222296
7080    77.37118566473106
7180    77.32824002018262
7280    77.25757679436217
7390    77.08834863901006
7500    76.75725793886818
7610    76.235317707509
7720    75.53452086389112
7830    74.68952005759544
7940    73.74425313847001
8060    72.6547697151552
8180    71.56773993332149
8300    70.52749886244851
8420    69.56062979535768
8540    68.6871222094628
8660    67.91517732713595
8790    67.20146654887367
8920    66.63807111532813
9050    66.23063519956543
9180    66.01064841650515
9310    65.93506411350866
9450    65.96770699589936
9590    66.0923349650985
9730    66.29041790317126
9870    66.59673420553679
10010    67.04089561106676
10160    67.60696427363087
10310    68.03690319523912
10460    68.04453093468055
10610    67.69731806068441
10760    67.44862019799518
10920    67.55920695277968
11080    67.72919806157674
11240    67.56412621162559
11400    67.0618021263137
11570    66.32515220103832
11740    65.60524282256662
11910    65.07195795959362
12080    64.67116012811277
12260    64.51933160633789
12440    64.5910333709678
12620    64.94028275605162
12800    65.50007964659144
12990    66.2239753196262
13180    66.91180687735636
13370    67.2762643905591
13560    67.23420948521502
13760    66.76852700577604
13960    66.03126341088475
14160    65.315694099236
14370    64.75340765226076
14580    64.31720133281841
14790    63.58277462663533
15010    62.48961783795795
15230    61.03651286853851
15450    59.30805061458091
15670    57.556324643895834
15900    55.83105039562521
16130    54.18709695014513
16360    52.540668615709365
16600    50.76413044911198
16840    49.119221422059255
17080    48.00885585738432
17330    47.41872672748537
17580    46.97660387212721
17840    46.83933169804956
18100    47.771725526948
18360    49.81530558319898
18630    51.83233894701934
18900    51.544439553508035
19170    48.9878335201213
19450    47.22681581524516
19730    46.45182128469689
20000    46.38824375972165
