20    62.932038486126174
20.3    62.98660591124187
20.6    63.04006376341593
20.9    63.09201260281587
21.2    63.14207771608119
21.5    63.19010230060455
21.8    63.23624120633292
22.1    63.28090618449801
22.4    63.32461513510282
22.7    63.367771815033095
23    63.410493626716786
23.3    63.45258429983832
23.6    63.49364656444892
23.9    63.53328670565521
24.2    63.571316253672336
24.6    63.619727213365536
25    63.66626538125189
25.4    63.71178655267969
25.8    63.75674232921426
26.2    63.80106548417797
26.6    63.84445096550016
27    63.88669713979414
27.4    63.92780646202581
27.8    63.967842118957506
28.2    64.00671478806707
28.6    64.04412726260095
29    64.07972773992239
29.4    64.1133315043779
29.8    64.14504832402261
30.2    64.17521081787143
30.6    64.20420971560776
31    64.23235444332158
31.5    64.26660457738423
32    64.29999971119851
32.5    64.33271532766489
33    64.36492324046043
33.5    64.39669187246028
34    64.42792982242196
34.5    64.45843586297764
35    64.48804265334078
35.5    64.51673259898311
36    64.54463505037427
36.5    64.57192705052492
37    64.59872140359323
37.5    64.62506256506958
38    64.65101112316569
38.6    64.68182260390805
39.2    64.71248658708524
39.8    64.74301298166705
40.4    64.77315055954061
41    64.80251343861539
41.6    64.83077250841065
42.2    64.85772977414551
42.8    64.8832852490776
43.4    64.90738631445781
44    64.92999443624744
44.6    64.95107008656252
45.2    64.97058848064589
45.9    64.99144967918241
46.6    65.01046793813617
47.3    65.02796008377234
48    65.04426176147885
48.7    65.05970166543904
49.4    65.0745827839689
50.1    65.08914220645372
50.8    65.10356455782747
51.5    65.11800079867845
52.2    65.13254552839024
53    65.14934415306284
53.8    65.16638495287235
54.6    65.18376582729519
55.4    65.20153154942487
56.2    65.21967255848654
57    65.23818170314598
57.8    65.25705589106481
58.6    65.27628484619405
59.5    65.29835594782489
60.4    65.32088133700103
61.3    65.34369588218719
62.2    65.3663839097967
63.1    65.38829349599274
64    65.4086455514572
64.9    65.42670825055951
65.8    65.4419509412243
66.8    65.45528693990713
67.8    65.46490029750039
68.8    65.47119827101122
69.8    65.4748021594516
70.8    65.47640977283511
71.8    65.47667094105736
72.8    65.47609534375336
73.9    65.47493704927965
75    65.47359862806559
76.1    65.47245912992668
77.2    65.47180014738215
78.3    65.47164996790185
79.4    65.47181077186241
80.6    65.47191650596031
81.8    65.47140062953645
83    65.46973761662173
84.2    65.466542372545
85.4    65.46163091456097
86.6    65.45506018795177
87.9    65.44644540998799
89.2    65.43695875558271
90.5    65.4275268959718
91.8    65.41919390770175
93.1    65.41296609223846
94.5    65.40948188122286
95.9    65.409784861796
97.3    65.41378499543067
98.7    65.42080976835462
100    65.42897525254928
102    65.44143433784132
104    65.44889255828633
106    65.44642242609011
108    65.43089421458966
110    65.4013148675478
112    65.35854975131168
114    65.3049948433323
116    65.24459405659198
118    65.18262396708354
120    65.12534657663386
122    65.07952528414165
124    65.05170177131187
126    65.04782238032129
128    65.07279194225896
130    65.12953384677363
132    65.2181481397345
134    65.33610154739199
136    65.47814734843146
138    65.63740083196262
140    65.80698488275969
142    65.98137638818893
144    66.1568370741483
146    66.33093309167951
148    66.50172040950818
150    66.66687495797586
152    66.82314697746233
154    66.96643477975188
156    67.09241454711879
158    67.19736619860757
160    67.2788711801342
162    67.33621223181046
164    67.3703817114525
166    67.38365213429944
168    67.37908865445891
170    67.36008952758095
173    67.31169777560609
176    67.24793355307945
179    67.17621818180109
182    67.10163262581534
185    67.02718914520611
188    66.95432771942706
191    66.88349577445572
194    66.8146719023486
197    66.74768500271001
200    66.68232762609078
203    66.61833416577218
206    66.55538261000524
209    66.49322318537645
212    66.43178848043502
215    66.37125645264638
218    66.31207164339844
221    66.25497821438788
224    66.20099097746518
227    66.15116728541165
230    66.10639414075177
233    66.06707351498963
236    66.0316964758038
239    65.99754784826499
243    65.95171868306133
247    65.90645255448712
251    65.86664369055927
255    65.83770529463342
259    65.81970706196027
263    65.80849116774047
267    65.79920655340747
271    65.78716439353602
275    65.76874145428874
279    65.7418221007747
283    65.70600841708736
287    65.66231881205329
291    65.61244751780754
295    65.55820768172657
299    65.50131396023478
303    65.44332713284766
307    65.38546722896567
312    65.31446105768873
317    65.24550411227393
322    65.1785246976255
327    65.113002630788
332    65.0482301291224
337    64.98345123085265
342    64.91802551396273
347    64.85156911416023
352    64.78398400431087
357    64.71536967150344
362    64.64595525437366
367    64.57606268210061
372    64.50613388208956
377    64.4367945992336
383    64.35548302230137
389    64.27771125246208
395    64.2052155142834
401    64.13992311586296
407    64.08375096577706
413    64.03823304769976
419    64.0042967440553
425    63.98223679397675
431    63.971656597799125
437    63.97142520454309
443    63.97994706923853
449    63.99544617006259
456    64.02021900631492
463    64.05031463931562
470    64.0844621577676
477    64.12207279088587
484    64.16312046445753
491    64.20790437689186
498    64.25670736877193
505    64.30954663987148
512    64.36604261560586
519    64.42541455125583
527    64.49537745628166
535    64.5657924135605
543    64.63478627343325
551    64.70068316546893
559    64.76225396030122
567    64.81894470472814
575    64.87079757332124
583    64.91824377444364
592    64.96716707166266
601    65.01240773541755
610    65.05507765674471
619    65.09631750798042
628    65.13732808227084
637    65.17927639628216
646    65.22308444258823
655    65.26931987667076
665    65.32377932861212
675    65.3813272993257
685    65.44142623325834
695    65.50322395637106
705    65.56576913611413
715    65.62830020882703
725    65.69035251236505
736    65.75778912635269
747    65.82436535224105
758    65.8905220931444
769    65.95710871801494
780    66.02499145791839
791    66.09480742005911
803    66.17355088908258
815    66.25502388646129
827    66.3391747911659
839    66.42604337101372
851    66.51573433746952
863    66.60840410887695
876    66.71255726095961
889    66.82097588299973
902    66.93364508401228
915    67.05043172136718
928    67.17120682363556
942    67.305787988639
956    67.44516660248365
970    67.58928291563477
984    67.73788395773019
998    67.89058494012923
1010    68.02448634101823
1020    68.13817082748676
1030    68.25379712050471
1050    68.49044028058695
1070    68.73262680910142
1090    68.97923412004502
1110    69.23015093617181
1130    69.48487020045306
1150    69.74247205929242
1170    70.00204496322743
1190    70.26247046134564
1210    70.52251146182888
1230    70.78048842057842
1250    71.03440434997344
1270    71.2821658473303
1290    71.52185573290639
1310    71.75133054429823
1330    71.9671861855714
1350    72.16531432035549
1370    72.34120428245885
1390    72.49058584973272
1410    72.61017199224571
1430    72.69705185610158
1450    72.74720135362743
1470    72.7588703395395
1490    72.73334496248265
1510    72.67321396638705
1530    72.58085605757145
1550    72.45810151324002
1570    72.30741880424324
1590    72.13362411034218
1610    71.94248961322519
1630    71.73976118010245
1650    71.53112052615845
1670    71.32231108839248
1690    71.11883344894969
1710    70.92545481333266
1730    70.74617811287956
1760    70.51041590455534
1790    70.32057347064926
1820    70.18143595522683
1850    70.09505572910169
1880    70.06011970542293
1910    70.07167260717695
1940    70.12284331491048
1970    70.20596834313513
2000    70.31380021635934
2030    70.43942613145583
2060    70.57570289595469
2090    70.71590447785476
2120    70.85406904641266
2150    70.98664556885547
2180    71.11259341686984
2210    71.23193423298625
2240    71.34602490306605
2270    71.45648443944938
2300    71.56458812276658
2330    71.67053937651093
2360    71.77349576363378
2390    71.87074794876631
2420    71.95702838034542
2460    72.04249756875167
2500    72.07551584256933
2540    72.03273399602108
2580    71.89914400012466
2620    71.67400761358797
2660    71.37461970524097
2700    71.03657813793082
2740    70.70269751168138
2780    70.41398836453826
2820    70.19993472230479
2860    70.07336435676956
2900    70.03496233413051
2940    70.06821419107945
2980    70.14018881945191
3020    70.22226624226458
3060    70.29685927664553
3100    70.3558735611933
3150    70.40650995369464
3200    70.4371062279983
3250    70.45724307033468
3300    70.47257928581016
3350    70.48140543288399
3400    70.4717352051396
3450    70.41836055833645
3500    70.28897155693596
3550    70.0561040348039
3600    69.71380478284112
3650    69.28911318561501
3700    68.83846172133775
3750    68.42620349922257
3800    68.09770100377455
3860    67.82911992116439
3920    67.69160317851677
3980    67.64494822863159
4040    67.66388546501881
4100    67.72803796098367
4160    67.8251581509682
4220    67.94827092213498
4280    68.09151931594187
4340    68.25108057939858
4400    68.42392002582005
4460    68.6080685103968
4520    68.80282501671975
4590    69.04127100667804
4660    69.28724834599336
4730    69.53855899750802
4800    69.79867321271117
4870    70.07599486856438
4940    70.3750485794499
5010    70.69940250004642
5080    71.0555610612561
5150    71.45229518398182
5220    71.8892414042715
5300    72.43155388863035
5380    73.00479491254093
5460    73.57944327307303
5540    74.11958239477786
5620    74.58924116761979
5700    74.95502988625049
5780    75.19163458944539
5860    75.33904613201472
5950    75.46689543098226
6040    75.624674050603
6130    75.8683439079397
6220    76.20121384527403
6310    76.57507747294318
6400    76.92524238250074
6490    77.20783997763635
6580    77.4236544732662
6680    77.60861216992349
6780    77.76502461597758
6880    77.91508249428378
6980    78.05435913857983
7080    78.1393517472917
7180    78.12985847434683
7280    78.06773025130474
7390    77.93860391067642
7500    77.64539977776647
7610    77.15693560042453
7720    76.51751727297066
7830    75.7742079086444
7940    74.96719979169211
8060    74.06565470877885
8180    73.19908733812082
8300    72.4084397307955
8420    71.72273514525415
8540    71.1619753295503
8660    70.726215343082
8790    70.3803864373077
8920    70.13422935297262
9050    69.898908971581
9180    69.61784680738546
9310    69.39411455362581
9450    69.43736934449507
9590    69.70717206525367
9730    69.8081889326848
9870    69.50355786851992
10010    68.75649567268705
10160    67.54766054814709
10310    65.97651645772689
10460    64.22646901913006
10610    62.47363001871511
10760    60.86121609677798
10920    59.37093751192856
11080    58.28802496582024
11240    57.901698824024166
11400    58.18031541145841
11570    58.86477592493068
11740    59.42360145834711
11910    59.54024901466583
12080    59.4904300032124
12260    59.327011785508915
12440    59.15524053526546
12620    59.016388899911036
12800    58.89745844193326
12990    58.82802227381403
13180    58.78351535376635
13370    58.79772575162579
13560    58.78661511197669
13760    58.71448660905227
13960    58.62989370987788
14160    58.64021222101631
14370    58.786598622556966
14580    59.17867728897686
14790    59.66981799842225
15010    60.00749892542379
15230    59.83768564030038
15450    59.24291125956312
15670    58.23552283098696
15900    56.71401933596645
16130    54.93004225263263
16360    53.212875889565964
16600    51.48528927895441
16840    49.369566244652766
17080    46.524967448550164
17330    43.069335567394404
17580    40.25903636138047
17840    39.39859732012183
18100    40.26371459723891
18360    41.1406795584432
18630    41.2641804315104
18900    41.29780107241548
19170    42.40494673348026
19450    44.48077379650968
19730    45.97563686080981
20000    46.10225405608879
