20    61.34560770885595
20.3    61.359944059867374
20.6    61.375477510987864
20.9    61.39359006867379
21.2    61.41504861128675
21.5    61.43965262142675
21.8    61.46634905963842
22.1    61.493636122606986
22.4    61.520047293760214
22.7    61.54452208826528
23    61.56656176932331
23.3    61.586195188173505
23.6    61.60381522030214
23.9    61.61997139476954
24.2    61.635186564055005
24.6    61.65461504017448
25    61.67335259433894
25.4    61.69128297810843
25.8    61.70806580260764
26.2    61.7234509691131
26.6    61.737514953177566
27    61.7507032426289
27.4    61.763652108791604
27.8    61.77689610510845
28.2    61.79064660107432
28.6    61.80475707681188
29    61.81886099001312
29.4    61.83256416858934
29.8    61.84558658710093
30.2    61.857816635598844
30.6    61.869300701521425
31    61.88020039935638
31.5    61.89331259228934
32    61.90611320472176
32.5    61.918585808187785
33    61.9304446394799
33.5    61.94139884114968
34    61.95141820595384
34.5    61.9607547396689
35    61.969707417521505
35.5    61.978391911204085
36    61.98673487952075
36.5    61.99465296617017
37    62.00221185475577
37.5    62.0096180504922
38    62.01708133099916
38.6    62.02621738582912
39.2    62.03543868238696
39.8    62.04456267303393
40.4    62.05350786876208
41    62.06231527406467
41.6    62.0710565518426
42.2    62.07975342252898
42.8    62.0883634880612
43.4    62.096800894051086
44    62.104964499957674
44.6    62.11277349711227
45.2    62.120185329761426
45.9    62.128304397141484
46.6    62.135833931642836
47.3    62.14275586832713
48    62.14903358713847
48.7    62.15456958010137
49.4    62.15920403596115
50.1    62.162768556001915
50.8    62.16511071807578
51.5    62.16605884649163
52.2    62.16546636241178
53    62.16297841514929
53.8    62.15902926104936
54.6    62.15433958785366
55.4    62.14970646151313
56.2    62.14568851810627
57    62.142350361938306
57.8    62.139682017147045
58.6    62.13787877096422
59.5    62.13670355127813
60.4    62.13545565189065
61.3    62.13300127296269
62.2    62.12846208518248
63.1    62.12136723040148
64    62.11164954701566
64.9    62.09940219949189
65.8    62.084854876663854
66.8    62.06655619523675
67.8    62.04680752944652
68.8    62.02638992606359
69.8    62.00584431272466
70.8    61.98541537293371
71.8    61.96510955179013
72.8    61.944686489990545
73.9    61.921572608148935
75    61.897211954691684
76.1    61.871207643540444
77.2    61.84351308238325
78.3    61.81442735759819
79.4    61.78435110241296
80.6    61.75085131448416
81.8    61.71712565910288
83    61.683649171331524
84.2    61.65079533126134
85.4    61.61884425814533
86.6    61.58796737097261
87.9    61.55580411037724
89.2    61.525117567837555
90.5    61.4963448818167
91.8    61.47042878175132
93.1    61.448942991602564
94.5    61.433429133644026
95.9    61.429452697229586
97.3    61.44066170474298
98.7    61.46951881412798
100    61.51273284813975
102    61.60713337686887
104    61.726610927016495
106    61.857975384948126
108    61.986887185034675
110    62.10056604779844
112    62.18960232028621
114    62.24951218867301
116    62.28081323493676
118    62.287671595617994
120    62.27561614637447
122    62.2497447403986
124    62.21375094084394
126    62.17058973197631
128    62.12258691751022
130    62.07166161979697
132    62.01942667583778
134    61.96710612262519
136    61.915525487694154
138    61.86526273064152
140    61.816783425513734
142    61.77045316511056
144    61.72649801487975
146    61.684981146376785
148    61.64581260533228
150    61.60874827636931
152    61.57337587861761
154    61.539143397501434
156    61.50544682535378
158    61.471756802391766
160    61.437747906324496
162    61.40338190248315
164    61.368929961805755
166    61.334928161329344
168    61.30208887398894
170    61.27119444569112
173    61.23009106014277
176    61.19703735920209
179    61.173405387634666
182    61.15963574981926
185    61.15504597195034
188    61.158066610310755
191    61.166709600504916
194    61.17903784978854
197    61.19340635327549
200    61.208431245485926
203    61.222785941351844
206    61.235034592376486
209    61.24365120690324
212    61.247199520386744
215    61.24452763585798
218    61.23496762750679
221    61.2185866160075
224    61.19618707933435
227    61.168950926740955
230    61.13813201279197
233    61.10494210272097
236    61.070483794177754
239    61.035624597386885
243    60.989531943446146
247    60.94454930308198
251    60.900893250024666
255    60.858367054021556
259    60.81654817858583
263    60.77498821346767
267    60.73329405044727
271    60.69116662755695
275    60.64849170098615
279    60.60537299020783
283    60.56202042710598
287    60.51863499069845
291    60.47535623789424
295    60.432259299493595
299    60.38939563581606
303    60.34685399901315
307    60.3047904473642
312    60.25312693806228
317    60.20264348091962
322    60.153328565890696
327    60.10504305179619
332    60.05763506608555
337    60.01104889843194
342    59.965282932595535
347    59.92036360516293
352    59.87657536315786
357    59.834705336483
362    59.7960690081411
367    59.76228569447758
372    59.735117147214254
377    59.71637885095677
383    59.70730212383035
389    59.714658008794146
395    59.73899929871587
401    59.779274213976436
407    59.83274394262199
413    59.89522181331054
419    59.96208785701394
425    60.029388410458
431    60.094502074170705
437    60.156195165516024
443    60.214306194555455
449    60.26928527722373
456    60.330193372352085
463    60.38799787820232
470    60.4424410082173
477    60.49281564087421
484    60.538335919440016
491    60.57845277089153
498    60.613191965561924
505    60.64316110939633
512    60.66935828163186
519    60.69299249855698
527    60.71848294906927
535    60.7441249641075
543    60.77174156940333
551    60.80309337148839
559    60.839730200667226
567    60.88301318686734
575    60.9343539308295
583    60.99530187148424
592    61.07733702429747
601    61.17553493335498
610    61.290861703803145
619    61.42245650181529
628    61.56734310759629
637    61.72090448324863
646    61.87779593220392
655    62.03294080023843
665    62.19851719517702
675    62.35380643648476
685    62.49753314127053
695    62.629751441028894
705    62.75117671288156
715    62.86281030979917
725    62.96568611679935
736    63.06993097112729
747    63.16620843470605
758    63.25593503629979
769    63.34038479779674
780    63.420738779284655
791    63.49806028879216
803    63.58004472307792
815    63.66061730294993
827    63.740703615791574
839    63.820984239787705
851    63.90197489879512
863    63.98404027036017
876    64.07439845260153
889    64.1663186445287
902    64.2597346166365
915    64.35455636380968
928    64.45068718068177
942    64.55560807642385
956    64.66203301423546
970    64.77007055196464
984    64.87974818408011
998    64.99099935490847
1010    65.0875522630386
1020    65.16883728471464
1030    65.25086195548127
1050    65.41687231959008
1070    65.58438569553402
1090    65.75059304490583
1110    65.91059938979794
1130    66.05981109520914
1150    66.19908274467821
1170    66.33703954647933
1190    66.48504024688515
1210    66.64838671457873
1230    66.82359410269476
1250    67.00335156447792
1270    67.1817494887039
1290    67.35567273051561
1310    67.52406217898732
1330    67.6864440508357
1350    67.84123486625481
1370    67.98424552851264
1390    68.1081229956925
1410    68.20439424339247
1430    68.26896430550671
1450    68.30906462185392
1470    68.3447628987683
1490    68.39984716714352
1510    68.48795736114414
1530    68.60636063384209
1550    68.74107028127176
1570    68.87627015913097
1590    69.00077534708265
1610    69.11023886925005
1630    69.20669164491494
1650    69.29627839737186
1670    69.38619518138702
1690    69.48225042966345
1710    69.58779314710878
1730    69.70350329042253
1760    69.89102868302209
1790    70.08359473340951
1820    70.27149791016802
1850    70.45505697562194
1880    70.64032710015942
1910    70.83102403724129
1940    71.02520604652966
1970    71.2169692915229
2000    71.39980560499595
2030    71.56980624033659
2060    71.72675429441796
2090    71.87285869552875
2120    72.01088721407632
2150    72.14312258221801
2180    72.27080620213354
2210    72.39458338146201
2240    72.51558861091442
2270    72.63560732710047
2300    72.75593065501643
2330    72.87523193128033
2360    72.98975446780108
2390    73.09575505441748
2420    73.19100824526666
2460    73.29957306708859
2500    73.38688072767843
2540    73.45364684695915
2580    73.50108736090561
2620    73.53114539117706
2660    73.54664289600376
2700    73.55056155626963
2740    73.54613316633521
2780    73.5356315475019
2820    73.51903398927877
2860    73.49480160562248
2900    73.46179953342728
2940    73.41971619791664
2980    73.36859539220751
3020    73.30860177080575
3060    73.24010465240254
3100    73.16395986493424
3150    73.05993845169871
3200    72.9479875595485
3250    72.82932830870269
3300    72.70591716136688
3350    72.58135642363574
3400    72.45922100867179
3450    72.34130781206188
3500    72.22747943701548
3550    72.11759208858639
3600    72.01200016805811
3650    71.91091736428154
3700    71.8134190680982
3750    71.71758592875547
3800    71.62196964303996
3860    71.50788554794133
3920    71.39789997981502
3980    71.29683027068293
4040    71.20748931747973
4100    71.12866393066345
4160    71.05562647388575
4220    70.98287648666945
4280    70.90702850265615
4340    70.82739994923
4400    70.74405736136453
4460    70.65670528258397
4520    70.56435824136415
4590    70.44741919724426
4660    70.31647921575848
4730    70.16883049170058
4800    70.0053746429738
4870    69.82980044678156
4940    69.64746058085262
5010    69.46440127286041
5080    69.28522127491436
5150    69.11232915368261
5220    68.9468516938265
5300    68.76828243956263
5380    68.60204719051137
5460    68.44623811234558
5540    68.29716250400212
5620    68.15228136715105
5700    68.01165375857187
5780    67.87818275441829
5860    67.75566121470203
5950    67.63393425421728
6040    67.53138230432586
6130    67.45163152271418
6220    67.40093587817123
6310    67.38561451858764
6400    67.40840695634225
6490    67.46915763886568
6580    67.56824690914436
6680    67.72370053211992
6780    67.92659570945162
6880    68.17619285108808
6980    68.46896450141078
7080    68.79687157072001
7180    69.15057868004246
7280    69.52903590679986
7390    69.98510330229072
7500    70.49121295666548
7610    71.03467038705038
7720    71.58312005556846
7830    72.09295987233656
7940    72.51489896770546
8060    72.81820711406831
8180    72.91027629045277
8300    72.76876934407858
8420    72.40760449192722
8540    71.87069435498907
8660    71.21385652980643
8790    70.42487833461236
8920    69.59844120725838
9050    68.7569748598716
9180    67.90710790368622
9310    67.04784175889492
9450    66.11221307980962
9590    65.17656181079411
9730    64.2570971064171
9870    63.35717554390482
10010    62.46660951164754
10160    61.516987620627575
10310    60.58082933491303
10460    59.67487898025524
10610    58.82490493059295
10760    58.04502555053537
10920    57.2798284891927
11080    56.582252479823865
11240    55.964907843215784
11400    55.433026990297236
11570    54.96211890230006
11740    54.58952297679885
11910    54.32022680113187
12080    54.16015603231941
12260    54.11968469800074
12440    54.23255699883342
12620    54.50819326641966
12800    54.8139149363922
12990    54.97983342898087
13180    55.33654637899589
13370    56.25428710193876
13560    57.52989564726144
13760    59.120547503713695
13960    61.002115823012076
14160    63.171332709833905
14370    65.58495978030388
14580    67.71807717472348
14790    69.11230621121872
15010    69.66860456905147
15230    69.5763598410301
15450    69.05885269531086
15670    68.17201305072953
15900    66.84515404309474
16130    65.04446676985958
16360    62.85056754704474
16600    60.29535047228349
16840    57.23908380163515
17080    53.39859927358887
17330    48.63969314854749
17580    43.41859386363096
17840    37.861529363924944
18100    32.423887687180695
18360    27.81130680989205
18630    24.87455453542077
18900    23.33628940007779
19170    22.052631044540284
19450    20.8808251370693
19730    20.069594400887727
20000    19.69476567696305
