20    63.248208623195225
20.3    63.308153947614
20.6    63.36683003928947
20.9    63.42379387582237
21.2    63.478671134017546
21.5    63.531313082109186
21.8    63.581854165672894
22.1    63.63063963014051
22.4    63.67809430815318
22.7    63.72455818333097
23    63.770162216436326
23.3    63.81480008817698
23.6    63.85820240638932
23.9    63.900073605645076
24.2    63.94021726260796
24.6    63.99102197889287
25    64.0390095655942
25.4    64.08464465177553
25.8    64.12832297092831
26.2    64.17023273100185
26.6    64.21040231282612
27    64.24881191658832
27.4    64.28546777932982
27.8    64.32041206550552
28.2    64.35368886515883
28.6    64.38532047874193
29    64.41531639109746
29.4    64.44370070173791
29.8    64.47053251633355
30.2    64.49588966168884
30.6    64.51984469910204
31    64.5424545816956
31.5    64.56889809002003
32    64.5934128868374
32.5    64.61611321013453
33    64.63712400772269
33.5    64.65656195786511
34    64.67453203930606
34.5    64.69112737123547
35    64.70642012765293
35.5    64.72046045462832
36    64.73328235928784
36.5    64.74490657683728
37    64.755346815888
37.5    64.76462037775465
38    64.77275979009926
38.6    64.78110255333004
39.2    64.78799509467217
39.8    64.79355466405468
40.4    64.79787526204244
41    64.8010302918639
41.6    64.80310133203957
42.2    64.80418623988129
42.8    64.8043618806922
43.4    64.80365076108899
44    64.80204224308403
44.6    64.79954399780297
45.2    64.79619755043439
45.9    64.79129784828663
46.6    64.78541963391757
47.3    64.77868714952271
48    64.77125526497971
48.7    64.76325227277897
49.4    64.75468701216278
50.1    64.74542962876943
50.8    64.73534961953004
51.5    64.72448325497776
52.2    64.71305020168413
53    64.69960093696909
53.8    64.68597831471178
54.6    64.67231963234788
55.4    64.6585877408247
56.2    64.64456325625274
57    64.63002506631966
57.8    64.61488765309537
58.6    64.59912510048039
59.5    64.58058951776518
60.4    64.56114567090134
61.3    64.54077341609468
62.2    64.51950821048948
63.1    64.49743310037721
64    64.47463553710145
64.9    64.45120051831492
65.8    64.42720536394992
66.8    64.39992450752356
67.8    64.37202050926686
68.8    64.34356721082773
69.8    64.31463897991527
70.8    64.28526875102882
71.8    64.25545590681092
72.8    64.22519575256612
73.9    64.19140374335493
75    64.15710977497321
76.1    64.12235933443655
77.2    64.08724091703594
78.3    64.05187166966552
79.4    64.01637478817854
80.6    63.97762492698816
81.8    63.938920225006996
83    63.90023765213898
84.2    63.861444304487975
85.4    63.822346312870785
86.6    63.78276178442805
87.9    63.73920071864697
89.2    63.69488538278917
90.5    63.649829939368956
91.8    63.604103362396096
93.1    63.557803182432075
94.5    63.507407107441665
95.9    63.456559208091704
97.3    63.40534575765686
98.7    63.35383484370924
100    63.30578033675827
102    63.23154196724067
104    63.157132253939785
106    63.08278047312487
108    63.008552724571295
110    62.93416913662529
112    62.85907220619881
114    62.78262428717545
116    62.704541593721316
118    62.62514134162534
120    62.5452120288211
122    62.46563872660492
124    62.38691098946104
126    62.30908810210349
128    62.232031447875286
130    62.1556075666754
132    62.07972661871902
134    62.00434041525713
136    61.92943941277565
138    61.85512467465667
140    61.78174373293937
142    61.710088140407954
144    61.64153816195436
146    61.57796858424089
148    61.52137253779904
150    61.473220180046404
152    61.4336897291508
154    61.40110022342998
156    61.37225279823771
158    61.343227081215986
160    61.310265053248635
162    61.270592942309264
164    61.223048111471066
166    61.16825398656664
168    61.10847554213245
170    61.047270140207644
173    60.96241248025527
176    60.899302918680085
179    60.87064413168633
182    60.88470404435898
185    60.943845260605954
188    61.043978768706836
191    61.17526147973035
194    61.32408050120972
197    61.475435994323846
200    61.615385878077404
203    61.73322305906041
206    61.82285303271524
209    61.88293672310631
212    61.91602678628116
215    61.927105207234845
218    61.92203900208118
221    61.90629591666252
224    61.8842370930023
227    61.858842883086
230    61.831812840284215
233    61.803908229477514
236    61.77525274690241
239    61.74559713917287
243    61.703791730134064
247    61.65853661620929
251    61.609339751182475
255    61.5563143636129
259    61.50014201728016
263    61.441862667031856
267    61.38268186735225
271    61.323661796923865
275    61.26551693922291
279    61.20857170552755
283    61.15272730493797
287    61.097562371159086
291    61.04257524357867
295    60.987357914725536
299    60.93168635433672
303    60.87559873451733
307    60.819333902774964
312    60.74925585098907
317    60.680005348880314
322    60.611852885266224
327    60.54460700061918
332    60.47760014207509
337    60.40984945734406
342    60.34033167067636
347    60.26832984096316
352    60.193695205738564
357    60.116812373562425
362    60.03834951910538
367    59.958998638106095
372    59.879347970197216
377    59.79992893036428
383    59.70572334146578
389    59.61385472072364
395    59.52606601925281
401    59.44500349863624
407    59.37416228350129
413    59.31772702440564
419    59.28021715499982
425    59.26599956894235
431    59.27853362596101
437    59.31942929267667
443    59.387872954719754
449    59.480461533835225
456    59.61163386788573
463    59.757740374973636
470    59.90856526504466
477    60.0556189942489
484    60.19249125041293
491    60.314622286006134
498    60.41916100155869
505    60.504951285950284
512    60.57257715575418
519    60.62421769548736
527    60.66823225572753
535    60.70240466494559
543    60.733073841164654
551    60.76549767164773
559    60.80315875948502
567    60.84751947907897
575    60.898300414958044
583    60.954078055963464
592    61.02018626688675
601    61.08659652360493
610    61.150128551884144
619    61.20828457512172
628    61.25946712010512
637    61.30298003976179
646    61.338927860763434
655    61.36795964469854
665    61.39315817931365
675    61.412053063495236
685    61.4257761870264
695    61.43557176102722
705    61.442944835996066
715    61.44980421295891
725    61.458478272544035
736    61.473081589932626
747    61.495736236253904
758    61.52769802477812
769    61.567553976903305
780    61.61192701883968
791    61.65774923912724
803    61.708258226529864
815    61.760832802453365
827    61.818588727101314
839    61.88499880528387
851    61.96314820925542
863    62.05467182830354
876    62.16643519413807
889    62.28025230662068
902    62.37261900129805
915    62.40847499135552
928    62.35203538303945
942    62.173788252728976
956    61.91653749161151
970    61.67847373001864
984    61.552466151063854
998    61.56696725903217
1010    61.66673809852462
1020    61.784767437947224
1030    61.915264203595285
1050    62.17453713644824
1070    62.40795234075353
1090    62.6133180822744
1110    62.79885591567259
1130    62.972639649563774
1150    63.13990227802486
1170    63.303681188016746
1190    63.46600298164889
1210    63.62790343684577
1230    63.78976778238881
1250    63.95188854302536
1270    64.1145843744053
1290    64.277891110383
1310    64.4415024631997
1330    64.60487161163769
1350    64.76746359959256
1370    64.92892462835322
1390    65.0892269668993
1410    65.24839067810186
1430    65.40622791998402
1450    65.56271319327104
1470    65.71851717286037
1490    65.87473483372511
1510    66.0323164471187
1530    66.19189838963578
1550    66.35392571470317
1570    66.51873917818449
1590    66.68646878877053
1610    66.85718523392586
1630    67.03100135522641
1650    67.20801708034878
1670    67.38824189889135
1690    67.571670446811
1710    67.75836613723968
1730    67.948452168926
1760    68.2401855349269
1790    68.54002464099031
1820    68.84823728461822
1850    69.16504240637235
1880    69.49041694151623
1910    69.82370369367536
1940    70.164314260704
1970    70.51243293964897
2000    70.8682939976323
2030    71.23167972160621
2060    71.60183156874021
2090    71.97722487282273
2120    72.35603846524256
2150    72.73676833995752
2180    73.11802388646629
2210    73.49837952000857
2240    73.87629927799084
2270    74.2496308828108
2300    74.61561205327234
2330    74.96999533647761
2360    75.30758185950216
2390    75.62364833382026
2420    75.91477368648907
2460    76.25785710387626
2500    76.54198965405689
2540    76.75831643015744
2580    76.90324748797372
2620    76.97760620121898
2660    76.9868371670571
2700    76.94024323183083
2740    76.84597954502306
2780    76.71418601525805
2820    76.55513491705108
2860    76.37845974851746
2900    76.1917932372354
2940    76.00149192714613
2980    75.81276160812668
3020    75.62972149997992
3060    75.45599722358807
3100    75.29449921632178
3150    75.11337815463358
3200    74.95965375968836
3250    74.83537027898922
3300    74.74144769112868
3350    74.67894682449585
3400    74.64903642132471
3450    74.65287861783519
3500    74.69150641552876
3550    74.7660845089102
3600    74.87763844111768
3650    75.02677822951301
3700    75.21377705313675
3750    75.43939281107619
3800    75.70382946052592
3860    76.06927958357787
3920    76.48834998316318
3980    76.9543572060236
4040    77.46509412250172
4100    78.01050959794142
4160    78.57138829720695
4220    79.11738935964883
4280    79.60378022621455
4340    79.96876715293601
4400    80.15099707029457
4460    80.10770918782433
4520    79.81123448317854
4590    79.17365218839458
4660    78.32223150052853
4730    77.35145589582764
4800    76.34127992456423
4870    75.35973506124483
4940    74.47414737368669
5010    73.69842786682867
5080    72.98536461336619
5150    72.32467191218988
5220    71.73146024971514
5300    71.14327409204712
5380    70.64224562426108
5460    70.21525590633217
5540    69.84883762180314
5620    69.53343437892123
5700    69.26697148403815
5780    69.05579695782907
5860    68.89472614857138
5950    68.76870127931996
6040    68.70039899566439
6130    68.69114154755088
6220    68.74016264495803
6310    68.84741035488315
6400    69.01001532883174
6490    69.2279258548561
6580    69.49056549646888
6680    69.81756756070467
6780    70.16421135448516
6880    70.50600012985242
6980    70.80849663122869
7080    71.02366227432304
7180    71.09673072153905
7280    70.98058883115269
7390    70.61124973222539
7500    70.00887209574265
7610    69.25304081136895
7720    68.45607672368533
7830    67.68470962378734
7940    66.9650258331288
8060    66.25726499225402
8180    65.64187317123319
8300    65.12161523300604
8420    64.7004573407811
8540    64.38685458643441
8660    64.1826351122198
8790    64.08857655962285
8920    64.14344220699539
9050    64.33436064620287
9180    64.68424290780007
9310    65.18682301651691
9450    65.86852310475213
9590    66.61257361556194
9730    67.24627192380646
9870    67.54612631607958
10010    67.34132112921046
10160    66.55157074653764
10310    65.29090090003987
10460    63.76074154044468
10610    62.19188082209462
10760    60.75148174908889
10920    59.379599580587445
11080    58.18849363066954
11240    57.18913125465963
11400    56.35800942135223
11570    55.68751012673073
11740    55.17992106509553
11910    54.89419878820415
12080    54.71836331746056
12260    54.73796570065328
12440    54.93619885450764
12620    55.36244674489049
12800    56.03818068436391
12990    57.12536643800371
13180    58.33597006670544
13370    59.88616129256647
13560    61.37767633190467
13760    62.228084535675976
13960    61.83008827060847
14160    60.35891198423027
14370    58.54519843225511
14580    56.87136046294126
14790    55.53556386671383
15010    54.57977410250146
15230    54.109896405648186
15450    54.12921001101999
15670    54.673558120958006
15900    55.72619168854004
16130    56.681928280850194
16360    56.8530514108661
16600    56.166691748420945
16840    55.08135167303267
17080    53.672109476780136
17330    51.7446483651601
17580    49.6936208425665
17840    47.931645069013385
18100    46.740555871436165
18360    46.147693278639764
18630    46.191533887792694
18900    46.868331007750555
19170    47.53661582089704
19450    46.32681111642948
19730    42.61662103737103
20000    42.16711869100719
