20    77.06625800781342
20.3    76.99032118781327
20.6    76.9154762624543
20.9    76.84167964854491
21.2    76.76889170691089
21.5    76.69706349298158
21.8    76.6261177963285
22.1    76.55592660499761
22.4    76.48630696976628
22.7    76.417040992789
23    76.34791198159017
23.3    76.2787423036267
23.6    76.20942322998896
23.9    76.139931277047
24.2    76.0703305263139
24.6    75.97760479009821
25    75.88534864530803
25.4    75.79393917676194
25.8    75.70362090971872
26.2    75.6144833298264
26.6    75.5265157834427
27    75.43968084949228
27.4    75.35396286332548
27.8    75.26936259881543
28.2    75.18584679268875
28.6    75.10330830323997
29    75.02157794334705
29.4    74.94049186061066
29.8    74.8599610001535
30.2    74.77999759494537
30.6    74.70067618660397
31    74.62206000284627
31.5    74.52477299763885
32    74.4284551335461
32.5    74.33295255413321
33    74.2381694014849
33.5    74.14406698846588
34    74.05059756641657
34.5    73.95768631353869
35    73.8653067769296
35.5    73.77355285405152
36    73.68259656141461
36.5    73.59254446619907
37    73.50336309802894
37.5    73.4149655835067
38    73.32736865710956
38.6    73.22354337654485
39.2    73.12139814740289
39.8    73.02088452959086
40.4    72.92158357901073
41    72.82295688771669
41.6    72.72458339028015
42.2    72.62627771383771
42.8    72.52814207340074
43.4    72.43047350904152
44    72.33355674374238
44.6    72.23761887154373
45.2    72.14306306440844
45.9    72.03555807093487
46.6    71.93261871580782
47.3    71.83556520665792
48    71.74514380050334
48.7    71.66167129208506
49.4    71.58499966835294
50.1    71.5142470347104
50.8    71.44784281476035
51.5    71.383963659357
52.2    71.32088742917233
53    71.24770477846725
53.8    71.1707475102485
54.6    71.08684431776494
55.4    70.99387722805662
56.2    70.89271685111738
57    70.78655075630124
57.8    70.67865124305897
58.6    70.57144586930778
59.5    70.45366475394965
60.4    70.33984887990658
61.3    70.22988897835691
62.2    70.12305243459608
63.1    70.01850015779772
64    69.91553858345938
64.9    69.8136721713442
65.8    69.71274768133097
66.8    69.60205537596191
67.8    69.49371548150773
68.8    69.38873976842913
69.8    69.28776826053158
70.8    69.19079884690387
71.8    69.09728806809883
72.8    69.00634248910958
73.9    68.90803724957968
75    68.81035744908084
76.1    68.71247356931401
77.2    68.61403913806696
78.3    68.5151184411163
79.4    68.41599206826132
80.6    68.30800657853652
81.8    68.20058137912454
83    68.09407261806368
84.2    67.98873773925604
85.4    67.88475430946087
86.6    67.78231655737838
87.9    67.67341816776934
89.2    67.56696885905248
90.5    67.46280390823924
91.8    67.36013636745173
93.1    67.25782561510925
94.5    67.14662216937225
95.9    67.0331011074326
97.3    66.91655693962448
98.7    66.79699459720607
100    66.68388915135908
102    66.50789280762271
104    66.3316710702434
106    66.1567969087267
108    65.98427594572294
110    65.81481077381025
112    65.64867412547714
114    65.48572428177084
116    65.32554007241502
118    65.1677325677363
120    65.01188035964284
122    64.85740475713806
124    64.7035616130974
126    64.5494703347267
128    64.39413722059692
130    64.23652795652956
132    64.07585054123321
134    63.911884748184875
136    63.74525530881171
138    63.577993453697786
140    63.41392227195318
142    63.25838296241128
144    63.118085047941115
146    63.000799990982344
148    62.91444821251697
150    62.86575407887872
152    62.85894108530604
154    62.894866361559735
156    62.970739545706
158    63.0804476883129
160    63.21548858982155
162    63.36627216393347
164    63.52318811046695
166    63.67727225997028
168    63.8206489781761
170    63.9468157524321
173    64.09361881192095
176    64.18144802210192
179    64.20838411378116
182    64.1797426836946
185    64.1058952040313
188    63.999369747434564
191    63.87233096145762
194    63.73497120065958
197    63.59473967490208
200    63.456220451019036
203    63.32151729130038
206    63.1908727036373
209    63.063427462071225
212    62.93805328441943
215    62.813865986853074
218    62.69041101645132
221    62.56771805390064
224    62.446216842135385
227    62.326547155655604
230    62.209425872163784
233    62.095581918551275
236    61.98569903436289
239    61.88040894075456
243    61.74817872194488
247    61.6263643112469
251    61.51587140355035
255    61.41691665320808
259    61.328724763082164
263    61.2497039037726
267    61.17767835496246
271    61.110232727821945
275    61.04507927173235
279    60.98033425281194
283    60.91468195507777
287    60.847522569358034
291    60.77900603988296
295    60.70973297802426
299    60.64036819821939
303    60.571565112844496
307    60.5041174808276
312    60.423238287719855
317    60.347818970693524
322    60.27863154769244
327    60.21538264781341
332    60.15718303815683
337    60.10284301959607
342    60.050951012808845
347    60.00032534147685
352    59.95055596511939
357    59.9021880771858
362    59.856877346925145
367    59.81757935272336
372    59.78843881170073
377    59.77431683697649
383    59.784070145342014
389    59.829480989231264
395    59.9142292871808
401    60.03748484413616
407    60.19359230918759
413    60.37302876188019
419    60.56424591014954
425    60.75581310972714
431    60.93828676056948
437    61.10521862826913
443    61.25296423289334
449    61.38015395385207
456    61.50323538352709
463    61.60167229483449
470    61.67901056099933
477    61.73923538763176
484    61.78693322715226
491    61.82713738668341
498    61.86494361262852
505    61.9049871986967
512    61.9507852307063
519    62.004169084480864
527    62.07462840163661
535    62.1535520483862
543    62.237939935705185
551    62.324073081102384
559    62.4082867933153
567    62.48751294547364
575    62.55956596731786
583    62.623266657432794
592    62.68469717342138
601    62.73591022675464
610    62.77800134023103
619    62.812415505734194
628    62.84071438943822
637    62.864493452451995
646    62.88546836013632
655    62.90540513277512
665    62.92836246069888
675    62.95399137722208
685    62.983599999514375
695    63.017846657902965
705    63.056580639271544
715    63.098838130219605
725    63.1431898939248
736    63.192519628850505
747    63.24042355299422
758    63.285472380357085
769    63.327640652031334
780    63.36865174678694
791    63.411479259943306
803    63.46276263421357
815    63.5169518594718
827    63.56894426403585
839    63.61564240218843
851    63.65789219981477
863    63.6985783858953
876    63.74399740860365
889    63.792809760809234
902    63.845740079152144
915    63.902531301400025
928    63.96253520410095
942    64.03006874745193
956    64.09999727245929
970    64.17157226054437
984    64.24388597899289
998    64.31610294251466
1010    64.37746789450694
1020    64.42806259235483
1030    64.47814786821783
1050    64.57716038131653
1070    64.67533098580867
1090    64.772936069126
1110    64.86993928464867
1130    64.96650373106195
1150    65.06304320109018
1170    65.15997281609171
1190    65.2573084420481
1210    65.35479789432641
1230    65.4522367212484
1250    65.5494383926677
1270    65.64587964860684
1290    65.74078959291927
1310    65.8335294511003
1330    65.92370741523047
1350    66.01127386004124
1370    66.09650771034781
1390    66.17973719025386
1410    66.261344559532
1430    66.34174497180223
1450    66.42117281931772
1470    66.49950759448461
1490    66.5765345591773
1510    66.65239327039052
1530    66.72757979703101
1550    66.80251138841135
1570    66.87728563152106
1590    66.95187974157881
1610    67.02635378121049
1630    67.10087073782583
1650    67.1756602014396
1670    67.2510222134307
1690    67.3272991741049
1710    67.40483377244996
1730    67.48390974242548
1760    67.60572977614805
1790    67.73161078286871
1820    67.861640587183
1850    67.99608092620377
1880    68.1355475232811
1910    68.2809373687583
1940    68.43318311955355
1970    68.59273738935215
2000    68.75937235611435
2030    68.93285140679247
2060    69.11320732136892
2090    69.300274088144
2120    69.49352405674442
2150    69.69243852391023
2180    69.89701798061157
2210    70.1070715800608
2240    70.32195346128049
2270    70.54078654726015
2300    70.76269615798955
2330    70.98698447592253
2360    71.21291425562353
2390    71.43952471526113
2420    71.66564681306073
2460    71.96374695491262
2500    72.25387789316778
2540    72.53187274624378
2580    72.79430069329912
2620    73.03764364738247
2660    73.25826813299375
2700    73.45304017010943
2740    73.61947004844984
2780    73.75620126001893
2820    73.86315828165391
2860    73.9413269372635
2900    73.99291992939078
2940    74.02176646497699
2980    74.03362502915206
3020    74.03532180006911
3060    74.03385286496245
3100    74.036363407854
3150    74.05659640286801
3200    74.11005941274189
3250    74.21208957572568
3300    74.37660288734746
3350    74.61422438121441
3400    74.92841123357776
3450    75.3086822803918
3500    75.72316836529174
3550    76.11596026413571
3600    76.41436584524351
3650    76.55016358332301
3700    76.48664300260072
3750    76.23314372566924
3800    75.83818147197377
3860    75.27203954717378
3920    74.70697638683633
3980    74.21366513582731
4040    73.82515678403942
4100    73.55098530824858
4160    73.38958391085532
4220    73.33486058131965
4280    73.37886255824924
4340    73.51056763252339
4400    73.71203701629922
4460    73.95175126079351
4520    74.17683260962967
4590    74.31615041178515
4660    74.19034699941471
4730    73.71738812964301
4800    72.94724098935194
4870    72.06191907020343
4940    71.28224338958974
5010    70.75667265353795
5080    70.51485052499193
5150    70.49803381455078
5220    70.61864354001531
5300    70.82914251934834
5380    71.04681230706548
5460    71.23329049575352
5540    71.37479972416594
5620    71.47153685917739
5700    71.53149965820097
5780    71.56683115812176
5860    71.59051651758412
5950    71.61746788803283
6040    71.6568270186098
6130    71.71731125458842
6220    71.80256070607572
6310    71.9104310594685
6400    72.03583834788664
6490    72.17277571914119
6580    72.31243244550345
6680    72.45508358537315
6780    72.56272069716053
6880    72.61175235632996
6980    72.58831951818246
7080    72.49025978980194
7180    72.32166445037032
7280    72.0880254883821
7390    71.76462744648654
7500    71.39274112635822
7610    71.0060082835959
7720    70.63370510286302
7830    70.28742833875748
7940    69.97187961611594
8060    69.67611595560336
8180    69.44703683058025
8300    69.29426563146853
8420    69.22258707294941
8540    69.23448723739193
8660    69.3327324076514
8790    69.53711429783039
8920    69.8296317632879
9050    70.1699824001524
9180    70.5154807834898
9310    70.83964696324767
9450    71.09528939002604
9590    71.15541282266459
9730    70.97977288184161
9870    70.60010238412715
10010    70.10396184884144
10160    69.5719381827999
10310    69.16149899502855
10460    68.94709656656924
10610    68.94911539600372
10760    69.13609814993677
10920    69.44882470493727
11080    69.77143143454174
11240    70.03324413955679
11400    70.21301532036114
11570    70.29997749505856
11740    70.23897472690948
11910    70.00441280287387
12080    69.59053198535909
12260    68.96503020996917
12440    68.17931541584049
12620    67.28676741191947
12800    66.34677677571585
12990    65.36649746125437
13180    64.4574981337241
13370    63.663237190185804
13560    63.01258219967697
13760    62.50618943201539
13960    62.19768135866032
14160    62.08422768277264
14370    62.148765030177
14580    62.34294767589715
14790    62.56721334429615
15010    62.71570680877143
15230    62.70930856038355
15450    62.54465433330079
15670    62.209372495916035
15900    61.603469264118466
16130    60.64044720843758
16360    59.370079232768916
16600    58.00453162061603
16840    56.88650376731865
17080    56.13083493245493
17330    55.70863443766526
17580    55.55672484460811
17840    55.60363334501433
18100    55.81549983832854
18360    56.175740221467045
18630    56.723289489353874
18900    57.4697051970827
19170    58.27926565203363
19450    58.607845549280064
19730    57.816638695480336
20000    56.83134530536708
