20    58.50537969006897
20.3    58.57033671369316
20.6    58.6353260926237
20.9    58.70096850442063
21.2    58.76720536102664
21.5    58.833628827836776
21.8    58.90011820659733
22.1    58.967134046163785
22.4    59.03546576964165
22.7    59.105286555236574
23    59.175078724100516
23.3    59.241051397578666
23.6    59.29770891655778
23.9    59.339477874593115
24.2    59.36272842988393
24.6    59.365166686834506
25    59.3434964126483
25.4    59.3125229743875
25.8    59.287023529461734
26.2    59.27565948604332
26.6    59.27919973341001
27    59.29356958424105
27.4    59.31423206202896
27.8    59.33861462443947
28.2    59.365772684499525
28.6    59.394969101939736
29    59.42487577003235
29.4    59.45386026515462
29.8    59.48091084995992
30.2    59.506036577210395
30.6    59.52991352665282
31    59.55323847381368
31.5    59.58196122059726
32    59.60982686045037
32.5    59.63613960025121
33    59.66025773835776
33.5    59.681779270441325
34    59.70072662227727
34.5    59.71758094323202
35    59.73307993537625
35.5    59.74801222798504
36    59.76315990099679
36.5    59.779177201238554
37    59.79629482410325
37.5    59.81418551577189
38    59.83228924591906
38.6    59.8537167435143
39.2    59.87405236348704
39.8    59.891652802273754
40.4    59.904397689739326
41    59.91108765661009
41.6    59.912585649504905
42.2    59.91140179920142
42.8    59.9104395909944
43.4    59.91222999713699
44    59.91876637914602
44.6    59.93148032853934
45.2    59.95126504523142
45.9    59.98423619522833
46.6    60.02939718810518
47.3    60.08813187467987
48    60.15915753662383
48.7    60.23693256246218
49.4    60.31283370176379
50.1    60.37726727849269
50.8    60.421058714776784
51.5    60.43777855654501
52.2    60.42656859432537
53    60.385508556414166
53.8    60.323673212123694
54.6    60.24985672465438
55.4    60.17309640858628
56.2    60.104452075216344
57    60.0558846218717
57.8    60.03661168018476
58.6    60.04938953865331
59.5    60.09602880465439
60.4    60.16290608002595
61.3    60.23480562558422
62.2    60.3011077537037
63.1    60.355845067114345
64    60.3961796696654
64.9    60.42254107214529
65.8    60.43815395434888
66.8    60.44857153309765
67.8    60.45736352428969
68.8    60.46773827675217
69.8    60.480222610022935
70.8    60.49380570433242
71.8    60.506593930576884
72.8    60.51597055955905
73.9    60.5198999020871
75    60.51745054753488
76.1    60.51155485150326
77.2    60.50544191152618
78.3    60.50127188104785
79.4    60.49984376607007
80.6    60.50105347095641
81.8    60.50386162935407
83    60.506431853217876
84.2    60.507046644505834
85.4    60.50480514346165
86.6    60.49986665563044
87.9    60.49293961786189
89.2    60.48671628933039
90.5    60.48255028580266
91.8    60.48032740236471
93.1    60.47915234484378
94.5    60.4779877338261
95.9    60.476198329030574
97.3    60.473285671171496
98.7    60.46911250923191
100    60.464467668737356
102    60.4565940674183
104    60.44742116583285
106    60.43546624371261
108    60.41988707292919
110    60.40142704010014
112    60.38159071081962
114    60.36198388103412
116    60.34367850394498
118    60.327294626883145
120    60.31243097890423
122    60.29857769659546
124    60.285209287964726
126    60.27185379477619
128    60.25694202007469
130    60.23889488095209
132    60.21783237202197
134    60.19493913884713
136    60.17251372196036
138    60.15254959267311
140    60.13450684301203
142    60.11595358023174
144    60.094897017413274
146    60.07118702566176
148    60.046182077434224
150    60.021255265356686
152    59.99692699028679
154    59.97319883236095
156    59.950005248815515
158    59.927469164908786
160    59.905900942129264
162    59.8858339334149
164    59.868450516185916
166    59.85584267508392
168    59.85080713062615
170    59.85643295410283
173    59.891272999146345
176    59.96495805576308
179    60.082089236842776
182    60.24165649683613
185    60.43632498334328
188    60.652952237855814
191    60.87446079469774
194    61.08338417361231
197    61.265386856552624
200    61.41150614886506
203    61.5181462790671
206    61.586631285611446
209    61.6214691755723
212    61.62887144427053
215    61.61568603954507
218    61.5880369907982
221    61.550501764051276
224    61.50615526491042
227    61.45707180677341
230    61.40482530798938
233    61.35055926491698
236    61.29502534486457
239    61.23872078798327
243    61.163071841405845
247    61.08752709289503
251    61.01278942016698
255    60.9392234558762
259    60.86707272488576
263    60.7966949193669
267    60.72852358699545
271    60.66278780814661
275    60.59945201204032
279    60.53828768763581
283    60.479044108595716
287    60.421347781988274
291    60.36466624991965
295    60.30845050523172
299    60.25224523160891
303    60.19558788353896
307    60.1380406201051
312    60.06442314091308
317    59.988710548019824
322    59.91081128255483
327    59.83074407867261
332    59.74867163971119
337    59.664952259495394
342    59.58005711055311
347    59.4945480762411
352    59.409185987076754
357    59.32499656031246
362    59.2432099851875
367    59.16535250870717
372    59.09336581960402
377    59.0295382160251
383    58.96705585138528
389    58.92372744898233
395    58.903262931316604
401    58.908359347352274
407    58.939959809472946
413    58.997073858901516
419    59.07642876753163
425    59.17269155775881
431    59.279092867505796
437    59.38824718659413
443    59.4936323407145
449    59.590846370130976
456    59.69099365071745
463    59.775582397714665
470    59.844457670940116
477    59.898574863706926
484    59.93987169006075
491    59.970963552466415
498    59.994988553711515
505    60.01497430285742
512    60.033551571808665
519    60.05300350739959
527    60.078551680499004
535    60.10915476759571
543    60.14537863180102
551    60.18688904540693
559    60.23257671292785
567    60.2805827269961
575    60.32848262699087
583    60.373585359939305
592    60.41796433617391
601    60.45338211288929
610    60.47897276685897
619    60.495222765005295
628    60.50373499034402
637    60.50661438287611
646    60.505815271969894
655    60.50279840612271
665    60.4981124297129
675    60.493170182687656
685    60.48905260889113
695    60.486632609602424
705    60.4865273603797
715    60.48925941645537
725    60.49538461094825
736    60.5066155144485
747    60.52285326797012
758    60.544053931665246
769    60.57001494694517
780    60.60057171014306
791    60.63568482256477
803    60.679100192313456
815    60.727396241314196
827    60.77984348237635
839    60.83581639232301
851    60.89490749401684
863    60.95671006656293
876    61.02632718777443
889    61.09834950882082
902    61.172429503056236
915    61.24849757679809
928    61.32674158745691
942    61.41380537420671
956    61.50416503558438
970    61.59812178595479
984    61.696041420468546
998    61.798293464192
1010    61.88945291666939
1020    61.96776507220859
1030    62.0480650140221
1050    62.214192060461144
1070    62.386938064468694
1090    62.56540769785604
1110    62.749311963959414
1130    62.93819379535873
1150    63.13153129463291
1170    63.32951132095964
1190    63.53240227497975
1210    63.74024945142754
1230    63.95292583815311
1250    64.17003883932367
1270    64.39165901207988
1290    64.61781194804007
1310    64.84794753046276
1330    65.08126334863357
1350    65.31651901323247
1370    65.55230454772435
1390    65.7877809248661
1410    66.02288337139038
1430    66.25775538618223
1450    66.49234315675787
1470    66.72639463467571
1490    66.95953913269393
1510    67.19160749853363
1530    67.42255841272927
1550    67.65212470192657
1570    67.87978857351567
1590    68.10531861315701
1610    68.32832678110617
1630    68.54789812276861
1650    68.76263401830727
1670    68.97106742569224
1690    69.17214239679119
1710    69.36494533978797
1730    69.5484916346658
1760    69.80451641141661
1790    70.03572412751775
1820    70.24064162297762
1850    70.41785184119986
1880    70.56650803119885
1910    70.68782682422585
1940    70.7838009143866
1970    70.85622749950431
2000    70.90671477732009
2030    70.9374725531018
2060    70.95240904512774
2090    70.95536397351918
2120    70.94903790402314
2150    70.93582681564342
2180    70.9177446654437
2210    70.89606002159579
2240    70.87262251048753
2270    70.84999858353132
2300    70.83029758553697
2330    70.81419591680329
2360    70.8022355938863
2390    70.79516030915237
2420    70.79354042791772
2460    70.80071138373276
2500    70.8191465828624
2540    70.84890415181866
2580    70.88908140513547
2620    70.93957094194224
2660    70.99990995912066
2700    71.0680603561839
2740    71.14259099713604
2780    71.22201471532605
2820    71.30471893109042
2860    71.38907376914622
2900    71.47304877116815
2940    71.5539498360227
2980    71.62929598749122
3020    71.69775791402657
3060    71.75835734431232
3100    71.81030266460749
3150    71.86226323517832
3200    71.898243932727
3250    71.91890230923308
3300    71.92706640120464
3350    71.92473962733268
3400    71.91382918813663
3450    71.89773762096617
3500    71.87909848121555
3550    71.85980298860188
3600    71.84251836354105
3650    71.82978779107984
3700    71.82183200904424
3750    71.81885212558775
3800    71.82132413215703
3860    71.8314853154419
3920    71.85010944285511
3980    71.87666092446804
4040    71.91074149169454
4100    71.94867361289764
4160    71.98539305491317
4220    72.01583411591554
4280    72.03411098543893
4340    72.03292004764336
4400    72.00564913844187
4460    71.94561316726688
4520    71.84325785860136
4590    71.66216094413723
4660    71.41426497523418
4730    71.09838731065753
4800    70.72111585991819
4870    70.29144132357547
4940    69.81700967026808
5010    69.31139802756083
5080    68.7882407418281
5150    68.25802257159069
5220    67.73039662804248
5300    67.13866903177939
5380    66.56455617909668
5460    66.01403704890106
5540    65.4896189252245
5620    64.99253770498599
5700    64.52362530022559
5780    64.08613650246598
5860    63.67737153569085
5950    63.24433823812318
6040    62.82515572407877
6130    62.41960518197064
6220    62.096996748290834
6310    62.01000574892625
6400    62.271528418774295
6490    62.89339615898949
6580    63.84991987152739
6680    65.19962199954475
6780    66.4161536289393
6880    67.23059659889476
6980    67.70979589646407
7080    67.95268930248747
7180    67.92500649775896
7280    67.62781655937303
7390    67.34410484947651
7500    67.46134950671109
7610    67.70584825454465
7720    67.73519436063411
7830    67.54411638128494
7940    67.2169693010544
8060    66.7764192529414
8180    66.30532300179199
8300    65.8360127175096
8420    65.37973844607842
8540    64.93359972996791
8660    64.48203967212646
8790    63.96124240201037
8920    63.372676158785616
9050    62.69887368582269
9180    61.91023936072693
9310    61.00051076244149
9450    59.89929725864741
9590    58.69022109017447
9730    57.360976687554604
9870    56.05606614865903
10010    55.188224870168554
10160    55.05707845191638
10310    54.802672560482236
10460    54.08376059495249
10610    53.20442912868981
10760    52.35713097523042
10920    51.55482128233241
11080    50.90045003213942
11240    50.4124160417218
11400    50.06635827665901
11570    49.86563585470983
11740    49.78443933625235
11910    49.859011324158985
12080    50.01302074643185
12260    50.30532697621554
12440    50.677777451330684
12620    51.11113116632471
12800    51.540357600023555
12990    51.90247382667951
13180    52.22359043176424
13370    52.40633190960938
13560    52.5059638004024
13760    52.57551194377356
13960    52.6927555789119
14160    52.95638356101395
14370    53.35923009604681
14580    53.94304104283346
14790    54.66235026324894
15010    55.871977976985654
15230    58.41229043465938
15450    61.16712169475159
15670    62.09082700281164
15900    60.759387370008795
16130    57.925051227044854
16360    54.54862642428502
16600    50.82577814323973
16840    46.89019810420864
17080    42.98105022865393
17330    39.32875065502293
17580    36.21380460741199
17840    33.572392130379775
18100    31.646635954766303
18360    30.526564767556252
18630    29.8830975481472
18900    28.685011800787766
19170    26.349091992736874
19450    22.96936025462619
19730    18.506135200623802
20000    18.014075131258124
