20    72.68114158411566
20.3    72.59539032206342
20.6    72.5109333890434
20.9    72.42773445706891
21.2    72.34573938541708
21.5    72.26493620296591
21.8    72.18540811799002
22.1    72.10729418859506
22.4    72.03069292574634
22.7    71.95554868688545
23    71.88156836094288
23.3    71.8082459384411
23.6    71.73500622228522
23.9    71.66140144607314
24.2    71.58726585191283
24.6    71.48789650883921
25    71.38878045718462
25.4    71.29080383757059
25.8    71.19437023783361
26.2    71.09932340881265
26.6    71.00525158038604
27    70.91184122332928
27.4    70.81897867329299
27.8    70.72662939906229
28.2    70.63470257279167
28.6    70.5430483365723
29    70.45157569727968
29.4    70.36035444752113
29.8    70.26959014938984
30.2    70.1795003606239
30.6    70.0902641856386
31    70.00206214502447
31.5    69.89365936645532
32    69.78786329812253
32.5    69.68500756514266
33    69.58485385276795
33.5    69.48670756688784
34    69.38987274571846
34.5    69.29400520368998
35    69.19909885542623
35.5    69.1052334214807
36    69.01236750334297
36.5    68.92027952373175
37    68.82864088175407
37.5    68.73714503163166
38    68.64563817456369
38.6    68.53592896605528
39.2    68.42676849769495
39.8    68.3187262793733
40.4    68.21216240188123
41    68.10704941814603
41.6    68.00316992366294
42.2    67.9004476794548
42.8    67.798933571676
43.4    67.69845278999396
44    67.59846612157159
44.6    67.49845765401932
45.2    67.39843219032008
45.9    67.28258652268019
46.6    67.16909707367878
47.3    67.05929288780486
48    66.95384330405999
48.7    66.8526330861269
49.4    66.75515936507394
50.1    66.6609560689325
50.8    66.56947756606978
51.5    66.47993136892131
52.2    66.3916014857474
53    66.29201677575145
53.8    66.1944974195361
54.6    66.09938098406172
55.4    66.00614710386381
56.2    65.91406872587947
57    65.82272181095036
57.8    65.7318252441551
58.6    65.64104045512079
59.5    65.53850741702558
60.4    65.43474131863954
61.3    65.32861743932305
62.2    65.21904928080554
63.1    65.10597880928614
64    64.99110416419519
64.9    64.87683241801898
65.8    64.76513158286994
66.8    64.64646641145255
67.8    64.53459099559919
68.8    64.42718397877476
69.8    64.32161518542209
70.8    64.21735532636367
71.8    64.11422058066027
72.8    64.01001834991544
73.9    63.89162482462601
75    63.76920885139366
76.1    63.642649192494645
77.2    63.51120285244295
78.3    63.376329043557675
79.4    63.240507131683046
80.6    63.09278769189521
81.8    62.945713854149645
83    62.79971193464536
84.2    62.65578445176244
85.4    62.514886492730994
86.6    62.37759145409951
87.9    62.23310164131268
89.2    62.09297512531362
90.5    61.956626885980086
91.8    61.82310743985714
93.1    61.691490913448646
94.5    61.55116590095818
95.9    61.41183941603051
97.3    61.27313149320199
98.7    61.13500335588008
100    61.007434767964966
102    60.81239415026919
104    60.61846530504688
106    60.426217549640334
108    60.237173612251325
110    60.05318563439654
112    59.87689880343713
114    59.71191801287051
116    59.5616221628196
118    59.42720072537384
120    59.30689834063011
122    59.1981573393777
124    59.101179055508666
126    59.019492599917186
128    58.95773391098648
130    58.91958917777582
132    58.90610706604042
134    58.91511505658016
136    58.94119700983251
138    58.97783594084864
140    59.01864534458129
142    59.05748119931391
144    59.08796952869615
146    59.10404902938737
148    59.10111428820756
150    59.07677404055259
152    59.03075617667564
154    58.96438884522976
156    58.880415029040606
158    58.78239677487733
160    58.673922503770974
162    58.5580585173945
164    58.437263693378426
166    58.313516860402025
168    58.18839359768535
170    58.06307375561849
173    57.87628483195509
176    57.692011751901205
179    57.5110933064341
182    57.33363950762198
185    57.15909526157101
188    56.98668833120617
191    56.815584047265475
194    56.64491284770111
197    56.47397589673101
200    56.302505675463124
203    56.13095505720631
206    55.96029253428737
209    55.79127529260053
212    55.62436637158453
215    55.46006095529833
218    55.29857107198076
221    55.139486704094494
224    54.98201193369318
227    54.82507912136245
230    54.66944515098236
233    54.517007290105056
236    54.368651964262014
239    54.224544322594525
243    54.039712960940264
247    53.86488836656181
251    53.70191168879856
255    53.55226035901572
259    53.41578784240983
263    53.28980157589652
267    53.170407595155325
271    53.05358342719465
275    52.9358234251293
279    52.814999024072975
283    52.690441544880414
287    52.56240222467271
291    52.431671297134315
295    52.29927910960562
299    52.16619154671352
303    52.03319988934032
307    51.90101013740785
312    51.73763449861734
317    51.57670070481497
322    51.418404996064695
327    51.263127388529675
332    51.11135840043846
337    50.96364349585586
342    50.820965664552205
347    50.68473216970678
352    50.55516718158664
357    50.43119670752573
362    50.31274600116267
367    50.20184734578814
372    50.10240444432057
377    50.01866753380045
383    49.94314395347472
389    49.89751742528172
395    49.88167840162103
401    49.89158661674696
407    49.91789738530531
413    49.948367952763775
419    49.97205305107455
425    49.98364898243628
431    49.98650552915659
437    49.99015209328072
443    50.001895691518044
449    50.02312987552929
456    50.056059269532255
463    50.09167010097366
470    50.12508544157328
477    50.15381508433827
484    50.17726113791059
491    50.19606162009859
498    50.21163675741181
505    50.22587034024455
512    50.24092252754325
519    50.25882868031614
527    50.2846822471364
535    50.31738508195059
543    50.35729185497095
551    50.404202176841274
559    50.45744204291657
567    50.5160655298142
575    50.577786866194856
583    50.63916032032303
592    50.703831128032476
601    50.761559920888736
610    50.812274026628174
619    50.85743888930634
628    50.898241966715744
637    50.933157605405825
646    50.957881741347975
655    50.96772295934924
665    50.96062369162286
675    50.94192976932665
685    50.92438962063366
695    50.91993160898852
705    50.93376809464053
715    50.96326819513553
725    51.001975115568925
736    51.04814128818297
747    51.09385455535843
758    51.13811146967069
769    51.18140872608702
780    51.223756917262534
791    51.26369558648287
803    51.30169759915839
815    51.33132343444164
827    51.35185773511802
839    51.36739099405985
851    51.38798820916073
863    51.4233463121259
876    51.48004879528057
889    51.54934646604765
902    51.623511565265744
915    51.697906837954704
928    51.771264971333224
942    51.84962320606326
956    51.928133417996335
970    52.007287464941456
984    52.08726375125974
998    52.168141094697106
1010    52.23834844865878
1020    52.29761538234376
1030    52.35754834090125
1050    52.478700821884644
1070    52.600285680252505
1090    52.72090741294019
1110    52.83989727011743
1130    52.95751531474877
1150    53.07400242101632
1170    53.18922247023497
1190    53.30324668579425
1210    53.416057659099565
1230    53.52742933832746
1250    53.637094348157774
1270    53.744621229462496
1290    53.849839470608444
1310    53.95280534884061
1330    54.05333383816566
1350    54.15092186467777
1370    54.2451103867647
1390    54.33600091340624
1410    54.42426034758354
1430    54.51067928919175
1450    54.595792732162465
1470    54.67998576292212
1490    54.76364377634244
1510    54.84692366147103
1530    54.92969793626125
1550    55.0116729384818
1570    55.09272833099487
1590    55.17330549476623
1610    55.2538446938711
1630    55.33451097506716
1650    55.41532793373144
1670    55.49638488698006
1690    55.577880832588434
1710    55.66014012849922
1730    55.74347817253185
1760    55.8708555560917
1790    56.00114215676164
1820    56.13424100590679
1850    56.269980749961206
1880    56.408433081811204
1910    56.54935195502043
1940    56.69298149163468
1970    56.83998533781062
2000    56.990815590930325
2030    57.145690260300086
2060    57.30489243371744
2090    57.46855940485158
2120    57.63673308255875
2150    57.80888706718234
2180    57.98427087032569
2210    58.162405745804975
2240    58.342706159786374
2270    58.5246072166281
2300    58.707402750995186
2330    58.89010818160242
2360    59.07100294097207
2390    59.248427711038175
2420    59.421689776550075
2460    59.645350547444416
2500    59.85776339118945
2540    60.0546525965584
2580    60.23388204966085
2620    60.39364326757676
2660    60.531746978560946
2700    60.646514191804485
2740    60.736316622533096
2780    60.80075860203236
2820    60.83973261614891
2860    60.854445283830884
2900    60.84549630706785
2940    60.812894309539274
2980    60.75859204355491
3020    60.68446253900963
3060    60.59215974139855
3100    60.4846715462692
3150    60.3357038663747
3200    60.17794749608626
3250    60.01844879438403
3300    59.86497923941704
3350    59.725116368683814
3400    59.60608760333294
3450    59.51538357915008
3500    59.459604547924414
3550    59.44401473270655
3600    59.474392931868906
3650    59.557416345079936
3700    59.69973346523294
3750    59.90693683801509
3800    60.178864383380414
3860    60.578111897749594
3920    61.044669391523946
3980    61.54797272005766
4040    62.05404331300876
4100    62.52310440867414
4160    62.92006467862879
4220    63.224274616533926
4280    63.43124687712755
4340    63.54082672964789
4400    63.563759472980365
4460    63.5197152617695
4520    63.427220314626155
4590    63.28125481630488
4660    63.11300819572413
4730    62.92882224649602
4800    62.727255547622775
4870    62.50238904663648
4940    62.24597064461146
5010    61.95380123744859
5080    61.62669231135382
5150    61.26559394922879
5220    60.87920152773133
5300    60.42227438500166
5380    59.96782430129728
5460    59.535159901210804
5540    59.13951603000426
5620    58.791308173130446
5700    58.50217420208256
5780    58.29136889302778
5860    58.159175036523344
5950    58.10404390645957
6040    58.15240409215358
6130    58.31068407260274
6220    58.578728536304496
6310    58.950933141895746
6400    59.403102408013666
6490    59.91242279384537
6580    60.44803885019503
6680    61.03702163961278
6780    61.57886817358981
6880    62.04007873673022
6980    62.39913599584916
7080    62.62821007094892
7180    62.673577426501616
7280    62.466573801151625
7390    61.89536560157888
7500    60.986195697147735
7610    59.87249513554349
7720    58.70684577584332
7830    57.56988765920594
7940    56.50981145497488
8060    55.48919256182889
8180    54.635439322426
8300    53.93969239221917
8420    53.39286300790114
8540    52.99768219042751
8660    52.694636609421735
8790    52.3263844306888
8920    51.8482017942826
9050    51.257463020967776
9180    50.4858176504934
9310    49.5832228130102
9450    48.67255559886163
9590    47.98567643342243
9730    47.641950329624976
9870    47.657476872540386
10010    47.99360358444591
10160    48.62806021616874
10310    49.46515555225217
10460    50.46491821350758
10610    51.60501242981164
10760    52.86462948847594
10920    54.29013159428244
11080    55.748888130577114
11240    57.16833634147258
11400    58.47556551081162
11570    59.63656276996005
11740    60.594278502466665
11910    61.27594339103088
12080    61.83119313666997
12260    62.22875721393769
12440    62.46519406358763
12620    62.448818727738114
12800    62.14840438717033
12990    61.49579286104869
13180    60.78304293187864
13370    60.005099868014206
13560    59.30580477490357
13760    58.7192473595342
13960    58.28019376966244
14160    57.92024407835956
14370    57.5035135154522
14580    56.87557383009403
14790    55.962649571554536
15010    54.652488004627585
15230    53.089925396610354
15450    51.512099735135564
15670    50.13307918011348
15900    49.10791082268631
16130    48.549489802552735
16360    48.29031918946467
16600    48.10713943277395
16840    48.00715521109909
17080    48.20465237656779
17330    48.832093586262914
17580    49.891370194664916
17840    51.48216100136827
18100    53.62316612455274
18360    56.2819098780251
18630    59.09762994892368
18900    60.7737611468485
19170    60.32246287272043
19450    57.60782338888203
19730    53.56883682330833
20000    53.124295650919315
