20    73.18842273156616
20.3    73.16503414134513
20.6    73.14193489636769
20.9    73.11902437181612
21.2    73.09615449440169
21.5    73.073136470604
21.8    73.04977012121677
22.1    73.02589121615244
22.4    73.00141123534544
22.7    72.97632854664812
23    72.95073024072096
23.3    72.92476642110472
23.6    72.89861401499374
23.9    72.87243933301613
24.2    72.84635850830674
24.6    72.81180124820196
25    72.77743462908714
25.4    72.74308098161143
25.8    72.70850860681178
26.2    72.67353289299531
26.6    72.63815256119044
27    72.60267725309672
27.4    72.56774909991384
27.8    72.53418745812182
28.2    72.50262450277177
28.6    72.4731017613825
29    72.44487368908412
29.4    72.41654654558477
29.8    72.38657042573723
30.2    72.35385480730662
30.6    72.31812384711182
31    72.279908292328
31.5    72.23016977087914
32    72.18002089523068
32.5    72.13066632686738
33    72.08257759613684
33.5    72.03581849020352
34    71.99030612639962
34.5    71.9459005531807
35    71.90245339665245
35.5    71.85986640457136
36    71.81809747890111
36.5    71.77710727588106
37    71.736795590756
37.5    71.69698856809558
38    71.65749410683442
38.6    71.6103112419363
39.2    71.5632409744119
39.8    71.51625877250575
40.4    71.46937698408578
41    71.422604583911
41.6    71.37597298055354
42.2    71.3295680861477
42.8    71.2835086646642
43.4    71.2378844757074
44    71.19270747894706
44.6    71.14792312070657
45.2    71.1034649254947
45.9    71.05194253299861
46.6    71.0007013746378
47.3    70.94960510300544
48    70.89852924336938
48.7    70.84737036262193
49.4    70.79599684464404
50.1    70.74428465269486
50.8    70.69223619103076
51.5    70.63998166298398
52.2    70.58769512105863
53    70.52815076619933
53.8    70.46914458737791
54.6    70.41100261737071
55.4    70.35405216031398
56.2    70.2985415687807
57    70.24454172261251
57.8    70.19204123553374
58.6    70.1410791801836
59.5    70.08553483217102
60.4    70.03169819499176
61.3    69.97930859859663
62.2    69.92798092298972
63.1    69.87719192321416
64    69.82646595993418
64.9    69.77550676505803
65.8    69.72419210753617
66.8    69.66676724965646
67.8    69.60904622835545
68.8    69.55121850760446
69.8    69.49343881552932
70.8    69.43577438039881
71.8    69.37822290707508
72.8    69.32073627978247
73.9    69.2575068864052
75    69.19429992301274
76.1    69.1312850115028
77.2    69.06874046639061
78.3    69.00695559781914
79.4    68.94615565036261
80.6    68.88104676228218
81.8    68.81713015471004
83    68.75426101861733
84.2    68.69229271963772
85.4    68.63106594144836
86.6    68.57040489225926
87.9    68.50498998495983
89.2    68.43933289840325
90.5    68.37303393994429
91.8    68.30611216329358
93.1    68.23884309725236
94.5    68.16638355361877
95.9    68.0942861151903
97.3    68.02293939365715
98.7    67.9527337612072
100    67.88887513637425
102    67.79353314860386
104    67.70188788971407
106    67.61396054604218
108    67.52980980921774
110    67.44998613870249
112    67.37521885604974
114    67.30570845020107
116    67.24078577202349
118    67.17937043995272
120    67.12034240010814
122    67.06290890155643
124    67.00667000772928
126    66.95154215410089
128    66.89756857115185
130    66.84475052564457
132    66.79300620978987
134    66.74186248286993
136    66.69025684189967
138    66.63709334460736
140    66.5814350519017
142    66.52228966458888
144    66.4587655905791
146    66.39049941291626
148    66.31783632471934
150    66.24184716693267
152    66.16450778624355
154    66.08871607177375
156    66.01765189503861
158    65.95490668836916
160    65.9046404173233
162    65.87111730753438
164    65.85781027426874
166    65.86669920287937
168    65.89797350448913
170    65.95002239903458
173    66.05959697247712
176    66.1931784014225
179    66.33324390945002
182    66.46220436940445
185    66.56576040092898
188    66.6353156513683
191    66.66832300619973
194    66.6671757736704
197    66.63761237301188
200    66.58712578963579
203    66.52329814117456
206    66.45271020351097
209    66.38059635818884
212    66.31097917253541
215    66.24648390221182
218    66.18840742486742
221    66.13683942527001
224    66.09073576660984
227    66.04832729599889
230    66.0075749475254
233    65.96665028693832
236    65.92406911833196
239    65.87870181205295
243    65.81263006460975
247    65.73947445305656
251    65.65947383193486
255    65.57387285362528
259    65.48419625444619
263    65.39182885261339
267    65.29788886888933
271    65.20306444413532
275    65.10766858860381
279    65.01181481148816
283    64.91556436738448
287    64.81907015758631
291    64.7226152049188
295    64.62655438478295
299    64.5311934944682
303    64.4366803855328
307    64.34309985013456
312    64.22769079042561
317    64.11444600775651
322    64.00367256345753
327    63.89537125690642
332    63.789228194062815
337    63.684834441520216
342    63.581996606706525
347    63.48087955222097
352    63.38219175550044
357    63.287456849405686
362    63.19909693426288
367    63.12029640120693
372    63.05477673587046
377    63.006446696254585
383    62.9762113323336
389    62.98072839871386
395    63.02195663936736
401    63.09837830570393
407    63.204338440249614
413    63.33088540303158
419    63.46727311169758
425    63.60278072154635
431    63.72829600668324
437    63.83748117943108
443    63.92710615593103
449    63.99649899400539
456    64.0531591789181
463    64.08620743480681
470    64.09861289088975
477    64.09345787770786
484    64.07409882247464
491    64.04496205862897
498    64.01243018158685
505    63.984812076353805
512    63.971171260401064
519    63.979246518357925
527    64.02024938420504
535    64.09423655719297
543    64.19422618228005
551    64.30944661963446
559    64.42832348858379
567    64.54099832728767
575    64.64082991109582
583    64.72443035201962
592    64.7981779045776
601    64.85188234465035
610    64.88841558114788
619    64.91131710122258
628    64.92402952938883
637    64.92945471741336
646    64.92992840765675
655    64.92730011188056
665    64.92251260874002
675    64.91728423760155
685    64.91283294153928
695    64.91005204068922
705    64.9095820100629
715    64.91182630043164
725    64.91689145815988
736    64.92559045147418
747    64.93734376418865
758    64.95185130898918
769    64.96869037202345
780    64.98748607883863
791    65.00797525008753
803    65.032007377745
815    65.05757631083203
827    65.08460839013836
839    65.11324493669748
851    65.14380666602753
863    65.17667651343712
876    65.21531085251145
889    65.25750941847794
902    65.3034844865783
915    65.35324653778412
928    65.40651439330978
942    65.46733519503977
956    65.53136768306508
970    65.59841088647326
984    65.66840659535882
998    65.74124197453446
1010    65.80570592217657
1020    65.86065542269762
1030    65.9165294532224
1050    66.03027735962053
1070    66.14551167283729
1090    66.26113502823156
1110    66.37647836838099
1130    66.49169076006633
1150    66.60734593080252
1170    66.72345589425723
1190    66.8392738760021
1210    66.95357672371367
1230    67.06500178537135
1250    67.17227556774714
1270    67.27442493925723
1290    67.3714634479451
1310    67.464439221188
1330    67.55493361110595
1350    67.64492122542268
1370    67.7363504216363
1390    67.8303778572532
1410    67.92699024610084
1430    68.02525669899501
1450    68.12395477018248
1470    68.22213675626965
1490    68.31953151398244
1510    68.41642165561001
1530    68.51325616489557
1550    68.61034427920633
1570    68.70781332712718
1590    68.8058385935787
1610    68.90473236790034
1630    69.00486411444376
1650    69.1065017645275
1670    69.20973550698062
1690    69.31460795413247
1710    69.42115207086151
1730    69.52944265173652
1760    69.69543024813777
1790    69.86594008009482
1820    70.04094196737441
1850    70.22033116933977
1880    70.40407866082344
1910    70.59185835714112
1940    70.78350141027661
1970    70.97918948769245
2000    71.17883245722788
2030    71.38170577576415
2060    71.58676105515309
2090    71.79317800051248
2120    71.9999790147903
2150    72.20604149589026
2180    72.41012869937774
2210    72.61035839646004
2240    72.80462869887621
2270    72.99074641639172
2300    73.16699826458671
2330    73.33200221247566
2360    73.48412390431983
2390    73.62194335172248
2420    73.7447904172533
2460    73.88418845554887
2500    73.99489154400257
2540    74.07535423525934
2580    74.12462546449447
2620    74.14081671994185
2660    74.12283605990305
2700    74.07070234529255
2740    73.98405752771157
2780    73.86513235525021
2820    73.71773017027209
2860    73.5466345405065
2900    73.3554581185389
2940    73.147812036935
2980    72.92919863092517
3020    72.70439875674688
3060    72.47660105520202
3100    72.24831169675035
3150    71.96597019055199
3200    71.69158658705484
3250    71.42909773873944
3300    71.17949855593051
3350    70.9440170820458
3400    70.72400021858452
3450    70.52061534929587
3500    70.33513357294463
3550    70.16923835877864
3600    70.02332790085165
3650    69.89779268277296
3700    69.79247976919763
3750    69.7075213025716
3800    69.64288029455665
3860    69.59197351189067
3920    69.57327111146586
3980    69.58528127449088
4040    69.63114919104115
4100    69.71181301245232
4160    69.82779971043473
4220    69.97950862566341
4280    70.16716325336866
4340    70.39368187842793
4400    70.65979979655283
4460    70.9643008853393
4520    71.30887713411994
4590    71.76180213481918
4660    72.2644399554091
4730    72.81279235028603
4800    73.3960435760898
4870    73.99580647068814
4940    74.58187603456719
5010    75.11152306713089
5080    75.53782052261914
5150    75.80193686909126
5220    75.86597636002188
5300    75.68649937587372
5380    75.27363067512742
5460    74.69729730097524
5540    74.03731379435946
5620    73.35658305445483
5700    72.6962305660224
5780    72.08792613693589
5860    71.54123112108397
5950    71.00082988982547
6040    70.53996654898917
6130    70.1613980689794
6220    69.86438028434384
6310    69.64353972691055
6400    69.48499754407757
6490    69.37993134550877
6580    69.31398542218813
6680    69.26204812608692
6780    69.19175569812518
6880    69.04845153962253
6980    68.78772059390738
7080    68.39225678819521
7180    67.86853286069211
7280    67.2373921762755
7390    66.45129983075728
7500    65.59762851894835
7610    64.71634991826292
7720    63.857468937739604
7830    63.044030546754236
7940    62.2781567845988
8060    61.49829408284448
8180    60.77968291241692
8300    60.12537715676371
8420    59.540511229775795
8540    59.03179614849094
8660    58.59811015749245
8790    58.198549391147694
8920    57.86314955157083
9050    57.60317264484321
9180    57.4525045281912
9310    57.40264277505079
9450    57.44828960477713
9590    57.604597092064395
9730    57.8840671451335
9870    58.286488324277514
10010    58.80592199383197
10160    59.47969689932945
10310    60.265547736131424
10460    61.130232837819634
10610    61.9996882996099
10760    62.771388660478976
10920    63.341147511159065
11080    63.54601152397423
11240    63.39567785654235
11400    63.04703019609321
11570    62.61434755237552
11740    62.2347509452065
11910    62.0042112638731
12080    61.83666192104663
12260    61.66745407180928
12440    61.32278968685234
12620    60.46078326070568
12800    59.073041002630276
12990    57.20300766924335
13180    55.316828188403775
13370    53.591199809416224
13560    52.12213125320838
13760    50.88485993858058
13960    49.963576090366274
14160    49.351126863479905
14370    48.91521935229046
14580    48.81049605664981
14790    48.9923676105725
15010    49.52832669968181
15230    50.399593832506824
15450    51.30260410701112
15670    51.827033176111286
15900    51.76340828247376
16130    51.04356044944434
16360    49.74319324852935
16600    47.96089165280358
16840    45.95689881097771
17080    43.71052639459329
17330    40.84514283641886
17580    37.1992523812136
17840    32.613869284744474
18100    27.411691657799526
18360    21.833742743776888
18630    17.079084539033587
18900    15.230390273820944
19170    16.35789766365631
19450    19.114086258848737
19730    21.733461510438268
20000    21.98922204353247
