20    73.42428207455782
20.3    73.39532686346409
20.6    73.36674827148254
20.9    73.3384536680174
21.2    73.31030966589891
21.5    73.2821564068748
21.8    73.25384076072186
22.1    73.2252555120208
22.4    73.19636219954728
22.7    73.1671811784139
23    73.13776933773062
23.3    73.10819693684402
23.6    73.07852588122822
23.9    73.04880133178469
24.2    73.01905697601313
24.6    72.97943093050202
25    72.93993734186711
25.4    72.90065629455832
25.8    72.8615846451118
26.2    72.82260525586078
26.6    72.78355904997062
27    72.74434183869595
27.4    72.70495215386154
27.8    72.66546866568444
28.2    72.62598209003116
28.6    72.58654288486093
29    72.54716260654095
29.4    72.50785024884405
29.8    72.46863633421506
30.2    72.42954382909164
30.6    72.39055075502753
31    72.3515888460177
31.5    72.3028463899073
32    72.25412405722753
32.5    72.20569958151799
33    72.15791534894205
33.5    72.11095754503002
34    72.06478968335026
34.5    72.01925936947833
35    71.97419987263578
35.5    71.92943987202358
36    71.88477492877524
36.5    71.84002255026664
37    71.7951422039439
37.5    71.75025786112386
38    71.70550481861727
38.6    71.65189855550139
39.2    71.59801904886208
39.8    71.54349922517814
40.4    71.48836496204666
41    71.43307818892723
41.6    71.37824616695205
42.2    71.32436357224871
42.8    71.27174573333261
43.4    71.22055424074301
44    71.17082023789152
44.6    71.12247434141321
45.2    71.0753909636343
45.9    71.02185088786005
46.6    70.96952340653289
47.3    70.91797795351943
48    70.86661483174021
48.7    70.81483446945694
49.4    70.7623196449276
50.1    70.70915096298208
50.8    70.65563050131848
51.5    70.60207550601257
52.2    70.54872961351339
53    70.48831068252619
53.8    70.428859919518
54.6    70.37073840221449
55.4    70.314125860963
56.2    70.25892154306145
57    70.20462318907548
57.8    70.15051495975862
58.6    70.0960835768648
59.5    70.0340377579324
60.4    69.97088287511616
61.3    69.90680426979554
62.2    69.84247618079937
63.1    69.77884811460783
64    69.71722580770316
64.9    69.65904795744186
65.8    69.60491009517182
66.8    69.54866457373609
67.8    69.49497949859551
68.8    69.44241848071363
69.8    69.38989149649905
70.8    69.33673912806287
71.8    69.28265716516904
72.8    69.22760283034879
73.9    69.16613165150542
75    69.1041292214979
76.1    69.04208454908093
77.2    68.980390431312
78.3    68.9192675882503
79.4    68.85877374320955
80.6    68.79346463501079
81.8    68.72884765889407
83    68.66500690142632
84.2    68.60212457921271
85.4    68.54041074710686
86.6    68.48004488455541
87.9    68.41629853988215
89.2    68.35431176981305
90.5    68.29397100764658
91.8    68.23505789299047
93.1    68.1773212330215
94.5    68.11606247377517
95.9    68.055214394995
97.3    67.99426156460416
98.7    67.93284576024789
100    67.87520548890937
102    67.78554814429513
104    67.6957811588302
106    67.60700521189611
108    67.51978316119539
110    67.43417346585946
112    67.3498088850292
114    67.26614293164305
116    67.18288599238016
118    67.10019655405321
120    67.01855564932326
122    66.93852466420947
124    66.86057394770673
126    66.78512024294037
128    66.71310396487873
130    66.64516941205741
132    66.58132888589063
134    66.52118768655986
136    66.46385626560864
138    66.40779616962016
140    66.35129755124134
142    66.2933911913232
144    66.23446115498797
146    66.17615822858774
148    66.12094612939919
150    66.07144006022511
152    66.02995093385725
154    65.99843120974741
156    65.97832118796867
158    65.97043046332955
160    65.97479838409649
162    65.99049953287692
164    66.015566253147
166    66.04726471444764
168    66.08222174281943
170    66.11678602870815
173    66.16085136659999
176    66.18911467385803
179    66.20081325318183
182    66.20131112846227
185    66.19907208891797
188    66.20291386563875
191    66.219701571239
194    66.25216461132166
197    66.29811123441891
200    66.35129867777047
203    66.40407026017321
206    66.4496292338224
209    66.48278327441687
212    66.49999888215046
215    66.4997110928567
218    66.48226867196314
221    66.44945867251683
224    66.40432655839273
227    66.3503159238756
230    66.29032795219464
233    66.22638478639527
236    66.15991021051869
239    66.09195693165005
243    66.00011391644307
247    65.90730077122828
251    65.8133902185042
255    65.71865221571298
259    65.62351655806808
263    65.52845433596067
267    65.43392186249721
271    65.34018753756826
275    65.24736941941373
279    65.15560253262618
283    65.06510311212334
287    64.97609343874882
291    64.88865145163729
295    64.80273873138913
299    64.71834474366183
303    64.63547668698979
307    64.55409973712948
312    64.45430855818202
317    64.35632423045854
322    64.25968225828862
327    64.16385348420164
332    64.0682678516561
337    63.97244757645039
342    63.8761882826299
347    63.779532048188486
352    63.68261828953433
357    63.585732346554686
362    63.489610795414805
367    63.39552416262997
372    63.30518704095459
377    63.220667715890286
383    63.130184754290156
389    63.05551945542051
395    63.000369240337164
401    62.96739639617854
407    62.95718793277483
413    62.967929339894894
419    62.99555171124065
425    63.03437775531634
431    63.07826072250076
437    63.12184118981409
443    63.16125173296941
449    63.1941690312031
456    63.22306361080312
463    63.24164362500116
470    63.25044503099869
477    63.25015722727201
484    63.2416912504364
491    63.22664761210573
498    63.20777556355658
505    63.18910973410739
512    63.17577492925245
519    63.17331164376297
527    63.19000974420583
535    63.23188399110002
543    63.29973377134888
551    63.39019314480794
559    63.4963969331415
567    63.60951184911913
575    63.72071525306018
583    63.8227158415546
592    63.92034152688103
601    63.99657752043259
610    64.05127463000005
619    64.0869070884113
628    64.10757739578895
637    64.1180340942836
646    64.12291641794026
655    64.12611515537093
665    64.13114223481648
675    64.14024181047085
685    64.15496878039443
695    64.175814089982
705    64.202360586565
715    64.2336995349149
725    64.26878632062888
736    64.31051256959218
747    64.35447018337646
758    64.39995626116902
769    64.44666516860758
780    64.4944470625733
791    64.5430963499135
803    64.59675099691776
815    64.65042186097581
827    64.70351457743688
839    64.75564351102452
851    64.80677930017916
863    64.85736425639506
876    64.91233099347801
889    64.96816367406247
902    65.0251344560109
915    65.08315969327367
928    65.14213355075566
942    65.2068137083157
956    65.27288459924769
970    65.34046178215507
984    65.40958216671459
998    65.48020407983532
1010    65.54185983049561
1020    65.59394095873262
1030    65.64655689467338
1050    65.75295190635379
1070    65.86019525943257
1090    65.9676547952581
1110    66.07498077848572
1130    66.1819969519257
1150    66.2893562269971
1170    66.39802128194225
1190    66.50824058070694
1210    66.61951711060425
1230    66.73112789789032
1250    66.8421937383798
1270    66.95161650960029
1290    67.05828715777497
1310    67.16138499969041
1330    67.2604160000032
1350    67.35584999987883
1370    67.44888579522836
1390    67.5407863585906
1410    67.63250372003259
1430    67.7247264425753
1450    67.81802370640531
1470    67.91269326712461
1490    68.00850572698839
1510    68.10512530731978
1530    68.20239012174008
1550    68.30031173100454
1570    68.39899562379895
1590    68.49861848036504
1610    68.59934144957708
1630    68.70140296720213
1650    68.80514404913166
1670    68.91088955705793
1690    69.0188937549845
1710    69.12941057361516
1730    69.24262858555433
1760    69.41762560938034
1790    69.59858839494746
1820    69.78487077757485
1850    69.97554063547068
1880    70.17005545152466
1910    70.3685876795854
1940    70.57179015491522
1970    70.78016948263594
2000    70.99339234944293
2030    71.21072318395679
2060    71.4314673396479
2090    71.65479907129651
2120    71.87986317313238
2150    72.10551124018758
2180    72.3300744699306
2210    72.5511107271688
2240    72.76608546186331
2270    72.97275818915257
2300    73.16989620903948
2330    73.35658101670597
2360    73.53114336080606
2390    73.69145469442378
2420    73.8355349437523
2460    73.99849087696657
2500    74.12477650903034
2540    74.2115596287479
2580    74.25947757522474
2620    74.27072149009112
2660    74.24813007722267
2700    74.19604397979712
2740    74.11752250432941
2780    74.01659977484402
2820    73.8978123108561
2860    73.76550962687469
2900    73.62339173582788
2940    73.47562312850451
2980    73.32547670154534
3020    73.1749092376939
3060    73.0256597857404
3100    72.87983776801059
3150    72.7057310495191
3200    72.54528035069114
3250    72.40361075120308
3300    72.28439494910572
3350    72.1892592371488
3400    72.1196859928423
3450    72.07754083951997
3500    72.06415833431174
3550    72.08041561145957
3600    72.12642910898346
3650    72.20094928162385
3700    72.30159078129896
3750    72.42565755613006
3800    72.56839601158669
3860    72.752677885694
3920    72.93693025743053
3980    73.1007655698312
4040    73.21830444109293
4100    73.26858086547666
4160    73.23756090194115
4220    73.12288781943964
4280    72.93690480108076
4340    72.69807010396164
4400    72.43325791794703
4460    72.17277038545083
4520    71.94666332092831
4590    71.75951025431702
4660    71.67614844820118
4730    71.71147441589801
4800    71.86102932341826
4870    72.11413031849915
4940    72.45727109280301
5010    72.8528958516392
5080    73.25033961999173
5150    73.5920787391972
5220    73.82321216585323
5300    73.89964608094209
5380    73.74663269218476
5460    73.36700477253126
5540    72.80541987444427
5620    72.12592044515269
5700    71.39473920297968
5780    70.67266561993597
5860    70.00187055786299
5950    69.33420015228924
6040    68.77662095509893
6130    68.34383431251509
6220    68.03280234697851
6310    67.82608143661406
6400    67.69790672166097
6490    67.64286096619381
6580    67.65040542334245
6680    67.71402155647284
6780    67.8196155054106
6880    67.96181740632608
6980    68.14033335369436
7080    68.32559809667282
7180    68.44070716608536
7280    68.41405041413465
7390    68.21306903743357
7500    67.88770632963484
7610    67.51749044278702
7720    67.18077234106813
7830    66.91481469018387
7940    66.72220283394768
8060    66.59608104630647
8180    66.5628164512423
8300    66.6267905872421
8420    66.78965270990842
8540    67.0429230800879
8660    67.35383622647561
8790    67.68202239433015
8920    67.88897693145955
9050    67.89155672373893
9180    67.59866150477436
9310    67.0339332418327
9450    66.21190061410286
9590    65.26733572106639
9730    64.28292929305945
9870    63.34113618840767
10010    62.51672929906301
10160    61.796481583318965
10310    61.243412447148316
10460    60.84606935218143
10610    60.5895171295213
10760    60.492050011206246
10920    60.57568626826645
11080    60.83024420042796
11240    61.21197726176225
11400    61.66059658148095
11570    62.244090411257645
11740    62.94802353991889
11910    63.67578760178209
12080    64.29345649146043
12260    64.57526742511655
12440    64.52316973947792
12620    64.07015403055051
12800    63.3140679511733
12990    62.25184540938656
13180    61.124475529456774
13370    59.812145197197026
13560    58.39089145753336
13760    56.80572193874784
13960    55.19467519841342
14160    53.67139483464051
14370    52.20224163584876
14580    51.02607988547478
14790    50.16454884700716
15010    49.715196298745084
15230    49.907882096750846
15450    50.74478588605135
15670    51.94130415350615
15900    53.09540723294029
16130    53.705966080209315
16360    53.701264439294405
16600    53.49678334396428
16840    53.315034135444094
17080    52.61924983188993
17330    50.9991287931351
17580    48.74847580024826
17840    46.274189880952335
18100    44.29414127432696
18360    44.13533879167585
18630    45.26131151600272
18900    45.42114410646947
19170    44.96021104573125
19450    44.605519875456594
19730    45.36510948972593
20000    45.48134949990238
