20    68.94306863667752
20.3    68.96221954020822
20.6    68.98107287908391
20.9    68.99962419011663
21.2    69.01784798202715
21.5    69.03567199614355
21.8    69.05296501619114
22.1    69.06956027210343
22.4    69.08530403564187
22.7    69.10010635366825
23    69.1139683435336
23.3    69.12697155015559
23.6    69.13923988665324
23.9    69.15089228605194
24.2    69.16200437163877
24.6    69.17600225719514
25    69.18899728445513
25.4    69.20089576950579
25.8    69.21164940251018
26.2    69.22127024127907
26.6    69.22980765818535
27    69.23732673030713
27.4    69.24391853713212
27.8    69.24971415563948
28.2    69.25488113754668
28.6    69.25958342583462
29    69.26392181745146
29.4    69.2678995710986
29.8    69.27144532489302
30.2    69.27446175238674
30.6    69.27687347700207
31    69.27865159650727
31.5    69.28001076783448
32    69.28048875717538
32.5    69.28016881884452
33    69.2791226480397
33.5    69.27742116317336
34    69.27516125740635
34.5    69.27248762635811
35    69.26957249206444
35.5    69.26654083401868
36    69.26339510391945
36.5    69.25999802086385
37    69.2561345456832
37.5    69.25159301807128
38    69.24621376116107
38.6    69.2385276349728
39.2    69.22946555144065
39.8    69.21908840987074
40.4    69.2074921771684
41    69.1947350281819
41.6    69.18083300229654
42.2    69.16581582499613
42.8    69.14974653447581
43.4    69.13270470544671
44    69.11478306692177
44.6    69.09609767251843
45.2    69.07677140829207
45.9    69.0535529314187
46.6    69.02975203344523
47.3    69.00551938716602
48    68.98094994187367
48.7    68.95600066212305
49.4    68.9304832678628
50.1    68.90411423481956
50.8    68.87659537732114
51.5    68.84770958607675
52.2    68.81737135359437
53    68.78097191600466
53.8    68.74295631927924
54.6    68.70375597991858
55.4    68.66390770057077
56.2    68.62389046197096
57    68.5840824929521
57.8    68.54468933358324
58.6    68.5055536894414
59.5    68.46120729237028
60.4    68.41577408673908
61.3    68.36868299829901
62.2    68.3195558411894
63.1    68.26824773750012
64    68.21485276227821
64.9    68.1595602662887
65.8    68.10254218952898
66.8    68.03737914367197
67.8    67.97061543510245
68.8    67.9026114196587
69.8    67.83366703492148
70.8    67.76395147574684
71.8    67.69352478967019
72.8    67.62232498264697
73.9    67.5428793615457
75    67.46201258633101
76.1    67.37969118077064
77.2    67.29607549444049
78.3    67.21141776586853
79.4    67.1260293684381
80.6    67.03250893422637
81.8    66.93924550331039
83    66.84703672779067
84.2    66.75676950199863
85.4    66.66939327992
86.6    66.58587407820437
87.9    66.5007839022761
89.2    66.42215323198832
90.5    66.35027584645621
91.8    66.28455658476678
93.1    66.22355872916629
94.5    66.16079263733212
95.9    66.09816817774728
97.3    66.03288045895003
98.7    65.96287033208664
100    65.89279622442183
102    65.77602601241259
104    65.65114233280923
106    65.52160198133541
108    65.3897863071263
110    65.25634395813964
112    65.12045768063649
114    64.98070317069173
116    64.83615508900998
118    64.68718153662641
120    64.53559173853759
122    64.38434003126049
124    64.23720156951558
126    64.098401876862
128    63.97230405327605
130    63.86310749358602
132    63.77450784252109
134    63.70957160447641
136    63.67086505913278
138    63.660636149751625
140    63.68075676557211
142    63.732302097054
144    63.814836097394256
146    63.9256277885696
148    64.05921403790236
150    64.20758485243444
152    64.36099431226096
154    64.50922430451475
156    64.64305335936743
158    64.75557892877768
160    64.84302600088455
162    64.90485188326187
164    64.94315200436671
166    64.96155331491502
168    64.96412892428047
170    64.95456480376819
173    64.92319723018429
176    64.87593226491427
179    64.81525696003303
182    64.74273737555009
185    64.66043524799163
188    64.57112570067794
191    64.4776232222666
194    64.38208835471013
197    64.28579191395778
200    64.18935174974376
203    64.09314857592585
206    63.99762864229008
209    63.90339527696288
212    63.81120796709521
215    63.72198320748555
218    63.636782484773164
221    63.556773873525536
224    63.483185143084654
227    63.41722555856251
230    63.35988595655445
233    63.31162551174184
236    63.27215536149244
239    63.24040806215967
243    63.20704490617358
247    63.17924639088464
251    63.151867263709526
255    63.120636670882334
259    63.082757823675
263    63.036977890682024
267    62.98337994769095
271    62.9229792029121
275    62.85729082490578
279    62.7879718560952
283    62.71651970979778
287    62.644045418703215
291    62.571224968446984
295    62.4984349999931
299    62.4259189797781
303    62.353857412184034
307    62.2823951444772
312    62.19414396511881
317    62.10740876973648
322    62.02264294492597
327    61.94038227167382
332    61.86131978090009
337    61.786373268573854
342    61.7167396662477
347    61.654063990431254
352    61.60061758616081
357    61.559399777276944
362    61.53408834012345
367    61.52886014011495
372    61.54794424032156
377    61.594821502423954
383    61.6900974384401
389    61.826411774504905
395    61.996981267505596
401    62.19038134295924
407    62.39297272958244
413    62.592190570663696
419    62.77910606865298
425    62.9492526595905
431    63.10185637351853
437    63.23827765634343
443    63.36044943450257
449    63.46972381428009
456    63.58116773349052
463    63.67419752160074
470    63.74729624153554
477    63.800012372190636
484    63.83394460476623
491    63.85296271604247
498    63.862798317810366
505    63.870091597571644
512    63.88118719081828
519    63.90096823088132
527    63.93747636401841
535    63.98890315335281
543    64.05216825374194
551    64.12203556175498
559    64.19268821051884
567    64.25917703889752
575    64.3182130629323
583    64.36830748451783
592    64.41414837216462
601    64.45062625351984
610    64.48029567537617
619    64.50555644407727
628    64.52802343730046
637    64.54821946430943
646    64.5656315347953
655    64.57915969128086
665    64.58844473369012
675    64.59130550825738
685    64.58858662543743
695    64.58204156939901
705    64.57370382188668
715    64.56547097088084
725    64.5589648877625
736    64.55533984115445
747    64.55658453796929
758    64.56340091133896
769    64.57597481664276
780    64.59399043776872
791    64.61688167195328
803    64.64680200549543
815    64.6813624158813
827    64.7200793539131
839    64.76247198574654
851    64.80800486213306
863    64.85615379451689
876    64.91077089925992
889    64.9675586037117
902    65.0263149788758
915    65.08699341830794
928    65.14968925506773
942    65.2195405677137
956    65.29177694645827
970    65.36629670204627
984    65.44288013203024
998    65.52123874421463
1010    65.58959574084987
1020    65.64724765772701
1030    65.70538328727962
1050    65.82238761550128
1070    65.93901028354236
1090    66.05413838050275
1110    66.167423662191
1130    66.27902686223362
1150    66.38932702698969
1170    66.49844229388457
1190    66.60617532641902
1210    66.71232153799112
1230    66.81686351930952
1250    66.91979764645592
1270    67.02130566941499
1290    67.12171953177344
1310    67.22126414429252
1330    67.32012762593416
1350    67.41851993985222
1370    67.51662704784948
1390    67.61461432152322
1410    67.71269380598014
1430    67.8110235236573
1450    67.90975926970584
1470    68.00914544359082
1490    68.10946022966468
1510    68.2110112061242
1530    68.31409334785423
1550    68.41897724727312
1570    68.52600184190433
1590    68.63558735549053
1610    68.74813580164525
1630    68.86390183696133
1650    68.9829497261448
1670    69.10521881005074
1690    69.23063526687244
1710    69.35909135711614
1730    69.49033141913878
1760    69.69168729057694
1790    69.89787372159708
1820    70.1081382886225
1850    70.3209715649352
1880    70.5343155019695
1910    70.7457288007188
1940    70.95267053052399
1970    71.15284650989952
2000    71.34376566402422
2030    71.52261301924959
2060    71.68718809693544
2090    71.83633303505212
2120    71.96928824256224
2150    72.08570128104502
2180    72.18598314656623
2210    72.27116021784565
2240    72.34267666456734
2270    72.40227508618747
2300    72.45173661593827
2330    72.49284861534886
2360    72.5274223689519
2390    72.55721007192923
2420    72.58390707570517
2460    72.6174089626168
2500    72.65078216691981
2540    72.68501979392751
2580    72.72035672537456
2620    72.75599065566087
2660    72.79010101579519
2700    72.81939409486799
2740    72.83875966332337
2780    72.84269783483812
2820    72.82577212175711
2860    72.7830036035052
2900    72.71065345754805
2940    72.60692226005932
2980    72.47252170437929
3020    72.31122443876924
3060    72.12986865611563
3100    71.93788695585829
3150    71.70032320792576
3200    71.48627456264418
3250    71.31268458290955
3300    71.18815358983268
3350    71.11349235235045
3400    71.08456926459696
3450    71.096277622826
3500    71.14430561593369
3550    71.22554268721105
3600    71.33858342829107
3650    71.48379497865093
3700    71.66136306298088
3750    71.86977277805575
3800    72.1060851838485
3860    72.4204800774107
3920    72.75910475224123
3980    73.11158745858
4040    73.46696359716304
4100    73.81237177672067
4160    74.13397066407913
4220    74.41819994917027
4280    74.6532253284638
4340    74.82953943027168
4400    74.94130599740811
4460    74.98726191745843
4520    74.96995476777386
4590    74.8781092419743
4660    74.72498853829696
4730    74.5308137303733
4800    74.315365412653
4870    74.09548057291589
4940    73.88371705187377
5010    73.68941301995886
5080    73.52125884843858
5150    73.38666999272992
5220    73.29051717682168
5300    73.23190360669041
5380    73.23105771654575
5460    73.29193240180126
5540    73.42190954968505
5620    73.63345898104456
5700    73.94316522841247
5780    74.35185252455018
5860    74.80365104320347
5950    75.23697939076385
6040    75.53448315172415
6130    75.70176251300605
6220    75.60466032580169
6310    75.23123485386066
6400    74.86718672701429
6490    74.71241963238232
6580    74.70381558398422
6680    74.69377199238068
6780    74.56673296208218
6880    74.27811829510372
6980    73.82829981688958
7080    73.24251991286641
7180    72.55712976354775
7280    71.8074723883739
7390    70.94360522636416
7500    70.06919440374966
7610    69.2080959452498
7720    68.37702492290919
7830    67.58712118364122
7940    66.84746192644833
8060    66.10768775455328
8180    65.44203134756849
8300    64.84362862482777
8420    64.30318305335825
8540    63.81752423694158
8660    63.386967884009636
8790    62.97755412919807
8920    62.61608405601549
9050    62.30005424743783
9180    62.05178284186431
9310    61.91800218756549
9450    61.96053506747421
9590    62.217032762487435
9730    62.59801939297944
9870    62.9502951049114
10010    63.293047893333906
10160    63.84117101219004
10310    64.6385448481916
10460    65.60008784314934
10610    66.61342676850688
10760    67.58990521123471
10920    68.5169379334296
11080    69.25790325293386
11240    69.77950563599768
11400    70.08333503121932
11570    70.2097503716486
11740    70.22450264052668
11910    70.23197822118821
12080    70.27903824597533
12260    70.28162222656871
12440    69.9770060541365
12620    69.07510007991146
12800    67.56996499152197
12990    65.68942333181857
13180    63.876924345207414
13370    62.31271996003238
13560    61.07959498676986
13760    60.15719575721105
13960    59.556627950321904
14160    59.110231506237945
14370    58.566565390869954
14580    57.80240783158422
14790    56.84732630368849
15010    55.7453338580559
15230    54.59538791106222
15450    53.35568851852917
15670    52.02933019881252
15900    50.761297107749535
16130    49.90769680293531
16360    49.65232444534266
16600    50.077423170508126
16840    51.16916373274657
17080    52.72029819785145
17330    54.19582513341978
17580    54.70398063858259
17840    53.774014129960435
18100    51.65082456624451
18360    49.1651583989725
18630    47.007351734750074
18900    45.58439579889159
19170    44.815705531068524
19450    43.98568948518907
19730    42.039616136693255
20000    40.19268798836637
