20    66.02342027916364
20.3    65.98336985613315
20.6    65.94351215266394
20.9    65.9033053479778
21.2    65.8623384172569
21.5    65.82073082843459
21.8    65.77935547979473
22.1    65.73968367009721
22.4    65.70332819772489
22.7    65.6713615970797
23    65.64369427039841
23.3    65.61887701176133
23.6    65.59445070776636
23.9    65.56773725722456
24.2    65.53675020893789
24.6    65.4878885069572
25    65.43251962550507
25.4    65.3752091268078
25.8    65.32090284954202
26.2    65.27296842997757
26.6    65.23247870284702
27    65.19876345081704
27.4    65.17040644806004
27.8    65.14594865989169
28.2    65.12410026509937
28.6    65.10372061749905
29    65.08381393135033
29.4    65.06359909959781
29.8    65.04259596912897
30.2    65.02059684373927
30.6    64.9975569747732
31    64.97349054237111
31.5    64.94201987730821
32    64.90916749872909
32.5    64.87527196076718
33    64.84084638974991
33.5    64.80649597687349
34    64.7728310370438
34.5    64.74039701165843
35    64.70963185322096
35.5    64.68083197908283
36    64.65413478121373
36.5    64.62952790524764
37    64.60687645490172
37.5    64.58597152901731
38    64.56656941818468
38.6    64.54491544098114
39.2    64.52463942346026
39.8    64.5053580925966
40.4    64.4867603845724
41    64.46861179267444
41.6    64.45073769018002
42.2    64.43302117504541
42.8    64.41541710986075
43.4    64.39796474678573
44    64.38076750075118
44.6    64.36393692822796
45.2    64.34754680535735
45.9    64.32901476513378
46.6    64.31111198114479
47.3    64.29381575995754
48    64.27709098439551
48.7    64.26091495211215
49.4    64.24535130358578
50.1    64.2305713369622
50.8    64.2167150093736
51.5    64.20374749863917
52.2    64.19149190008413
53    64.17814987750305
53.8    64.1654482099676
54.6    64.15345617534118
55.4    64.14233077679157
56.2    64.13233988725283
57    64.12364487835261
57.8    64.11592040750546
58.6    64.10843125947503
59.5    64.09972086724252
60.4    64.09064579376235
61.3    64.08135960490328
62.2    64.07196987705626
63.1    64.06250366641707
64    64.05301972216341
64.9    64.0436771582292
65.8    64.03465869984954
66.8    64.02522285046723
67.8    64.01653665316712
68.8    64.00860768658134
69.8    64.00138262704785
70.8    63.99482154025306
71.8    63.98891414972586
72.8    63.98369274158104
73.9    63.97882193995158
75    63.9749535206575
76.1    63.97214178050726
77.2    63.9703283451354
78.3    63.96926471509805
79.4    63.96851621003078
80.6    63.96743928242112
81.8    63.96544367839145
83    63.96198773264043
84.2    63.956719625396126
85.4    63.94950511397393
86.6    63.940424006263505
87.9    63.92876501295333
89.2    63.91560930237324
90.5    63.90136255662567
91.8    63.8863739096129
93.1    63.87090577771407
94.5    63.853940151762146
95.9    63.8368747662411
97.3    63.81990908645052
98.7    63.80319977745732
100    63.78796851562626
102    63.76503135729779
104    63.74260535742524
106    63.72055849862508
108    63.69867799235493
110    63.676615772827745
112    63.65406425686753
114    63.63099642501935
116    63.607852406819205
118    63.5853372250126
120    63.56404014917618
122    63.544071966739935
124    63.524625689674025
126    63.504622519499975
128    63.483792270075725
130    63.46301915179869
132    63.444181310919134
134    63.42986821543724
136    63.4231631817906
138    63.42762750802684
140    63.447173621499545
142    63.485521451870085
144    63.54559321054985
146    63.62871674233064
148    63.734375716035075
150    63.860497646098935
152    64.00350827232295
154    64.15847588982345
156    64.3195941889052
158    64.48069957523342
160    64.6357487819777
162    64.77931015320625
164    64.90707350389482
166    65.01615495448489
168    65.10513016391565
170    65.17389885447278
173    65.24168515290178
176    65.2730683210556
179    65.27622181989776
182    65.25949824290775
185    65.23028991037265
188    65.19438374472703
191    65.15572058429834
194    65.11665107097932
197    65.0784124544497
200    65.04158367463197
203    65.0063719731471
206    64.97273921861833
209    64.94044801890149
212    64.90907221015149
215    64.8780338316771
218    64.8466745109211
221    64.81442610554276
224    64.7809613098668
227    64.74618587523163
230    64.71021214959498
233    64.6733235817183
236    64.63591065948796
239    64.59836202589416
243    64.54862713883985
247    64.49973208870298
251    64.45202933308396
255    64.40498398511312
259    64.35770262309663
263    64.31068611332933
267    64.26515806956027
271    64.22161811363063
275    64.18006900303081
279    64.1406004598731
283    64.10320768358277
287    64.06777287091614
291    64.03413534644814
295    64.00219414767886
299    63.97199827100424
303    63.94368390684838
307    63.91742879654974
312    63.88757357309696
317    63.86055794803734
322    63.83536295031762
327    63.81070452170597
332    63.785259668277945
337    63.75775844633388
342    63.727118203794916
347    63.692612074772256
352    63.6541278650484
357    63.61237915138824
362    63.56894644426258
367    63.52626096746887
372    63.48747943860589
377    63.45619440070534
383    63.43360521592417
389    63.43240528487226
395    63.45618892594348
401    63.506209655021514
407    63.58065939929601
413    63.675065171416996
419    63.78306099481878
425    63.89752249712339
431    64.01181225228932
437    64.12082860117313
443    64.22147419647945
449    64.31252932980173
456    64.40657216558209
463    64.48808705117074
470    64.55788742536922
477    64.6169601967875
484    64.66661859177601
491    64.70860464304
498    64.74506474942528
505    64.77835847448539
512    64.81086135039885
519    64.84471455425704
527    64.88707824450631
535    64.93449992306375
543    64.98712222412001
551    65.04439095259596
559    65.1052538957943
567    65.16813776767111
575    65.23115510670132
583    65.29261144004126
592    65.35837677985776
601    65.41957838818941
610    65.47569168558101
619    65.52655272962366
628    65.5724036897569
637    65.61378948985966
646    65.65145381905285
655    65.68605377651778
665    65.72130075243905
675    65.7531606450408
685    65.78168243196856
695    65.80769366581548
705    65.8328493165313
715    65.85902849952518
725    65.8876995828549
736    65.9229750582762
747    65.96223541774856
758    66.00498935745298
769    66.05038357247349
780    66.09748887035147
791    66.14543182464752
803    66.19783679130782
815    66.24985577363682
827    66.30152439695179
839    66.35322355168441
851    66.40534688466371
863    66.45790370736648
876    66.51506135801486
889    66.57237209379578
902    66.63013968352303
915    66.68864369339055
928    66.74782758409549
942    66.81206213019638
956    66.87655271762169
970    66.94113522899886
984    67.0056475742889
998    67.06986612725422
1010    67.12448384784147
1020    67.16958080480994
1030    67.21423994156197
1050    67.30240369709304
1070    67.38967090255048
1090    67.47635303719123
1110    67.56231835298412
1130    67.647043930232
1150    67.72966491641434
1170    67.80957597644681
1190    67.88688266372057
1210    67.96214270133441
1230    68.03611998360924
1250    68.10968978126142
1270    68.18313630195641
1290    68.25599950623877
1310    68.32794682875297
1330    68.39893427917039
1350    68.46901118295423
1370    68.53804758474831
1390    68.60548335720165
1410    68.6706312264903
1430    68.73310102141411
1450    68.7927412614311
1470    68.84965428061042
1490    68.90416258250431
1510    68.95689876441656
1530    69.00876609869076
1550    69.06070476563471
1570    69.11337462056053
1590    69.16703438234451
1610    69.22183681967479
1630    69.27819161416582
1650    69.33673983733146
1670    69.39798095708741
1690    69.46207138777217
1710    69.52909306973669
1730    69.59913280413203
1760    69.7100526363399
1790    69.82836550767126
1820    69.95453155929248
1850    70.08855752945438
1880    70.22970659487567
1910    70.37644182653035
1940    70.52672328977249
1970    70.6782362666575
2000    70.82791240602361
2030    70.97227058979675
2060    71.10862290476375
2090    71.23473634500021
2120    71.34809850908684
2150    71.44673751439393
2180    71.52947087786295
2210    71.59465763993856
2240    71.6416442186603
2270    71.66946481346804
2300    71.67829804367452
2330    71.66912356843814
2360    71.64312524428601
2390    71.60154025316231
2420    71.54624585110032
2460    71.45508317593817
2500    71.34970907691657
2540    71.23453852638406
2580    71.11305555892736
2620    70.98913912294893
2660    70.86637056362258
2700    70.74781184245849
2740    70.63635182951614
2780    70.53439715295545
2820    70.44375743135691
2860    70.36562499123485
2900    70.301953624367
2940    70.2548953617193
2980    70.22439743416203
3020    70.2101605423145
3060    70.21310120396657
3100    70.23424471772775
3150    70.28657306616643
3200    70.36752333340783
3250    70.47385124628127
3300    70.60058094498248
3350    70.74281400898907
3400    70.89415791084431
3450    71.045955820681
3500    71.18820152977142
3550    71.31162845135324
3600    71.40871305621101
3650    71.47408224268341
3700    71.50510445518265
3750    71.50073503891267
3800    71.46105194773628
3860    71.37112730872059
3920    71.24126401183275
3980    71.09779911477196
4040    70.97767460038725
4100    70.91945534518428
4160    70.94811240249902
4220    71.06146627018856
4280    71.22598550620984
4340    71.38802843541124
4400    71.48436086186862
4460    71.46205034778211
4520    71.28429558627897
4590    70.88362662110728
4660    70.33590312226117
4730    69.71158332397897
4800    69.08227737098935
4870    68.50634532508889
4940    68.03428401692138
5010    67.69641392270123
5080    67.49870994138887
5150    67.44801546532581
5220    67.53828028486933
5300    67.81696014287125
5380    68.31394179163763
5460    69.04777567803217
5540    69.95484967861665
5620    70.89627254417276
5700    71.68338381506962
5780    72.1043420064424
5860    72.12902226709778
5950    71.78016317371068
6040    71.19930177474629
6130    70.61438040074796
6220    70.2150154759801
6310    70.08480703611198
6400    70.26485252317451
6490    70.74534088437508
6580    71.21428895396265
6680    71.21938232869539
6780    70.42443888888121
6880    69.01968522275774
6980    67.34423172081088
7080    65.8031377707498
7180    64.87878510542299
7280    64.68591739267548
7390    64.97097253088752
7500    65.37476891525174
7610    65.66222706642819
7720    65.75107735160192
7830    65.64990776005372
7940    65.39433469019953
8060    64.9825628684552
8180    64.48717301446922
8300    63.96113350827195
8420    63.447435231342
8540    62.97950816424029
8660    62.57513665862065
8790    62.22184597820667
8920    61.968587273366424
9050    61.79116046130764
9180    61.66963234062756
9310    61.558433395907784
9450    61.383514167095214
9590    61.082184825722194
9730    60.611154271108234
9870    59.98169281587987
10010    59.27655458325565
10160    58.56795137363417
10310    58.02059363387355
10460    57.687028549970194
10610    57.55073870242399
10760    57.5704798134939
10920    57.62008513152947
11080    57.56362679039576
11240    57.29798657360295
11400    56.79852766347474
11570    55.95497673310648
11740    54.97989657316427
11910    54.191533621996015
12080    53.562384414358775
12260    53.06757631488718
12440    52.61886166797732
12620    52.04682746279939
12800    51.55611202294038
12990    51.27573400855388
13180    51.07954432381152
13370    51.20633652812535
13560    51.58249428189251
13760    52.03086616624253
13960    52.157424493899576
14160    51.7186352309526
14370    51.620948271504
14580    52.36301098875032
14790    53.383022686451476
15010    55.55593871244176
15230    57.32429709729439
15450    57.905811336406074
15670    57.515912092222024
15900    56.140077305137886
16130    53.795678115964904
16360    50.79000125535764
16600    47.472327797924315
16840    44.32498510338898
17080    41.52618770304511
17330    39.21306687260768
17580    37.93684698029331
17840    38.687363370858336
18100    40.40811612179455
18360    40.56947456724699
18630    40.279442361138805
18900    41.46970515363985
19170    42.579889316474194
19450    41.74195816569737
19730    40.27951517046947
20000    40.127582086000004
