20    69.89762380552186
20.3    69.87049309754119
20.6    69.84393605124495
20.9    69.81800113984497
21.2    69.79247032244126
21.5    69.76686182946344
21.8    69.74060379760476
22.1    69.71328895555493
22.4    69.68486877665465
22.7    69.65566471205938
23    69.62625572039164
23.3    69.5972699977505
23.6    69.56917854423583
23.9    69.54218285480626
24.2    69.51622401721946
24.6    69.48283381349833
25    69.4502435206083
25.4    69.41785367317836
25.8    69.38513906117288
26.2    69.35163912784607
26.6    69.31707217912238
27    69.28149307372618
27.4    69.24529391933444
27.8    69.2090204820994
28.2    69.17309860071617
28.6    69.13768088359657
29    69.10270567777462
29.4    69.06806488650082
29.8    69.0337283847001
30.2    68.99968332479216
30.6    68.96582186336023
31    68.93191232600253
31.5    68.88910708390502
32    68.84575834464664
32.5    68.80227361691166
33    68.75923683127863
33.5    68.71697529286324
34    68.67545978409692
34.5    68.63452396207961
35    68.59405787537548
35.5    68.554006259161
36    68.51429221411075
36.5    68.47483070609081
37    68.43560236707746
37.5    68.39665668936749
38    68.35803991321538
38.6    68.31212755071746
39.2    68.2666575542049
39.8    68.22163918651347
40.4    68.17704637585189
41    68.13280155360647
41.6    68.08896474626702
42.2    68.04589760828804
42.8    68.00406163399326
43.4    67.96356100651317
44    67.92389022219656
44.6    67.88413435936405
45.2    67.8434233860118
45.9    67.79419105538693
46.6    67.74338225027395
47.3    67.69189358851597
48    67.64074782267421
48.7    67.59085439003753
49.4    67.54286931570459
50.1    67.49691052947631
50.8    67.4525506448198
51.5    67.40932397974186
52.2    67.36699794107786
53    67.31935575358338
53.8    67.27199942490783
54.6    67.22485204854746
55.4    67.17803734129414
56.2    67.13143755270113
57    67.08489093432496
57.8    67.03843634854714
58.6    66.9922228052305
59.5    66.94077104744926
60.4    66.89015036168664
61.3    66.84050511141389
62.2    66.79181602418699
63.1    66.74397377717332
64    66.69684599502455
64.9    66.65032931016316
65.8    66.6043831152443
66.8    66.55397994482597
67.8    66.50422671605648
68.8    66.45508238684923
69.8    66.40648058621613
70.8    66.358310670925
71.8    66.31045702504032
72.8    66.26286828373674
73.9    66.21085932410088
75    66.159266344244
76.1    66.10811639479806
77.2    66.05740181082689
78.3    66.00709547548102
79.4    65.95716105638556
80.6    65.90305374387177
81.8    65.84927428140045
83    65.79583153556304
84.2    65.74282864365885
85.4    65.69043457151157
86.6    65.63884499461037
87.9    65.58405826136291
89.2    65.53047120999307
90.5    65.47798838363349
91.8    65.42650853220286
93.1    65.37603183869695
94.5    65.32289417205075
95.9    65.27116202311238
97.3    65.22097925414907
98.7    65.17249458205134
100    65.1290828683009
102    65.0652976104235
104    65.00492999367182
106    64.94747011540765
108    64.89221014419465
110    64.83834847429173
112    64.78502746301348
114    64.73136941071323
116    64.67687355236126
118    64.621985477468
120    64.56767972203532
122    64.51477629214419
124    64.46385951666946
126    64.41532586794332
128    64.36931456426073
130    64.32573987483312
132    64.2845543188124
134    64.24596105936564
136    64.21045090274038
138    64.17862226712472
140    64.15077660506195
142    64.12661257382359
144    64.1051418697903
146    64.08481840982233
148    64.06365752979899
150    64.03945162989493
152    64.01007819732699
154    63.97379550455841
156    63.92954246727579
158    63.877050327625746
160    63.816790245103064
162    63.74986902259883
164    63.67796735684378
166    63.60330770380034
168    63.52864547446495
170    63.457210542218505
173    63.36382320777514
176    63.29727936514356
179    63.26787358297584
182    63.2831583994672
185    63.34675149407728
188    63.457393736220055
191    63.608513162677895
194    63.789434958871645
197    63.98696568801263
200    64.18663289133266
203    64.37400099059039
206    64.53648859035494
209    64.66506538550593
212    64.75517879651431
215    64.80675601821792
218    64.82333295250652
221    64.81054207584064
224    64.77487986669672
227    64.72257611239874
230    64.6590805843856
233    64.58881011296987
236    64.51514829958379
239    64.44056812394686
243    64.34250253954629
247    64.24799491463902
251    64.15786847280842
255    64.07190315995786
259    63.98940181398535
263    63.90958241770758
267    63.8317420801405
271    63.7553195727446
275    63.679946224231664
279    63.605498639998316
283    63.532029372087855
287    63.45966735816596
291    63.38854702989303
295    63.31871683326298
299    63.25006408030271
303    63.18233744804245
307    63.11520938988106
312    63.031601872008096
317    62.94771575610798
322    62.86302179284232
327    62.777226674896454
332    62.69028371987267
337    62.60234372580343
342    62.513675573415135
347    62.42453048016429
352    62.3351121372944
357    62.24565955754454
362    62.15655144177428
367    62.06834463487587
372    61.9817406985471
377    61.897622616042
383    61.8015698712508
389    61.71326244904837
395    61.63569325343367
401    61.57169918353563
407    61.52318734629415
413    61.49117857842339
419    61.47601228783721
425    61.47761162112094
431    61.49558319249995
437    61.52886081230916
443    61.5758539102948
449    61.63489709644318
456    61.716759548655304
463    61.809337479339575
470    61.90826305189067
477    62.00857808358845
484    62.10520193514472
491    62.19368952717667
498    62.271097590976446
505    62.336540853274386
512    62.391241462285194
519    62.43798071938159
527    62.48633863625281
535    62.53470621319416
543    62.58779239930261
551    62.648732004957154
559    62.71891708096494
567    62.79790205218429
575    62.883652191448206
583    62.973036296925144
592    63.07333577273867
601    63.16839129353977
610    63.254074693213084
619    63.32791015456145
628    63.389015160007716
637    63.43783281935668
646    63.47581473393726
655    63.504920507281554
665    63.52939069389775
675    63.54822617664393
685    63.56384524987078
695    63.5782743706264
705    63.5931859578885
715    63.60989722356875
725    63.629368358903214
736    63.65472801752947
747    63.68467307019211
758    63.71938044682766
769    63.758739297307585
780    63.80228359454425
791    63.84925526075156
803    63.903348425829066
815    63.959286270258914
827    64.01611278583025
839    64.073254137905
851    64.13056805857255
863    64.18836599065153
876    64.25213900774574
889    64.31775274561966
902    64.38571021896792
915    64.45623045014969
928    64.52915649995049
942    64.60985718105654
956    64.69219919111286
970    64.77585691343069
984    64.8608470273751
998    64.94730450990411
1010    65.02254780918102
1020    65.08592075893205
1030    65.1498021982969
1050    65.27897263123185
1070    65.40997245664829
1090    65.5425556144273
1110    65.67601869260429
1130    65.80924543088918
1150    65.94133002689134
1170    66.07245176780921
1190    66.2035145830124
1210    66.33455609343576
1230    66.46491648702703
1250    66.59405831920836
1270    66.72179296338126
1290    66.8482548191516
1310    66.97362572885228
1330    67.09792436548969
1350    67.22093889448058
1370    67.34250319615796
1390    67.46266365782665
1410    67.58166525064235
1430    67.69994579283272
1450    67.81797432380188
1470    67.93588223247696
1490    68.05328763860422
1510    68.16980698393189
1530    68.28562054856772
1550    68.4013657269216
1570    68.51759355608999
1590    68.63461708438273
1610    68.75258556089562
1630    68.87150955904923
1650    68.99130080524269
1670    69.11187395426012
1690    69.23322797242064
1710    69.3553873452419
1730    69.47836695053743
1760    69.66441755779483
1790    69.85238744586766
1820    70.04184093126506
1850    70.23146989085663
1880    70.41988203870744
1910    70.60631661695679
1940    70.78997207104356
1970    70.96977128311798
2000    71.14437974542325
2030    71.31260339242314
2060    71.47381106119553
2090    71.62691882828494
2120    71.7705202535928
2150    71.90345475878601
2180    72.02494096454481
2210    72.13386939693007
2240    72.22969077858585
2270    72.31100609476263
2300    72.37662228867896
2330    72.42602699064929
2360    72.45928926781866
2390    72.47711396748807
2420    72.48064894765601
2460    72.46406888049978
2500    72.42461350557842
2540    72.36377626028988
2580    72.28428127409214
2620    72.18863777981073
2660    72.07957465993476
2700    71.96017205153048
2740    71.83293748701058
2780    71.7003341719473
2820    71.56485858841928
2860    71.42906837075665
2900    71.29529866083493
2940    71.16579789591964
2980    71.04298505980404
3020    70.92938815308634
3060    70.82763021754698
3100    70.73994986861152
3150    70.6532812611594
3200    70.5962723304421
3250    70.57134375952339
3300    70.5808370931816
3350    70.62716387769753
3400    70.71129167647621
3450    70.83200451593211
3500    70.98639903904734
3550    71.16862556733022
3600    71.36987794035613
3650    71.5789542368984
3700    71.78549127767886
3750    71.9818362264529
3800    72.16445882465928
3860    72.36709781766527
3920    72.55665338405733
3980    72.74332733828243
4040    72.9370229122469
4100    73.1459562293481
4160    73.37737559763745
4220    73.63451158957403
4280    73.91387952990445
4340    74.2071397594298
4400    74.49943911957641
4460    74.76921487024089
4520    74.98675824851037
4590    75.1351098764576
4660    75.14189035093895
4730    74.98822801816314
4800    74.69161526001848
4870    74.29347454911704
4940    73.84462152096447
5010    73.40454316346398
5080    73.02198106863753
5150    72.73741098317294
5220    72.57457238593418
5300    72.55702341641921
5380    72.72922866053071
5460    73.08497645053995
5540    73.5966511424776
5620    74.22445983112942
5700    74.91872203708166
5780    75.61161166570152
5860    76.22178753932317
5950    76.73401681816046
6040    77.00699442533127
6130    77.01770875357319
6220    76.80719989333663
6310    76.45034146743262
6400    76.04032118334122
6490    75.64117035929934
6580    75.28177995581001
6680    74.93943417433246
6780    74.65471300017204
6880    74.41287671659359
6980    74.19049381897372
7080    73.95840009737164
7180    73.68681410613654
7280    73.35059789264305
7390    72.8871378383237
7500    72.31034524625615
7610    71.61529362895983
7720    70.83203988165445
7830    70.00110594255756
7940    69.15241109767233
8060    68.2319602171883
8180    67.3383130268488
8300    66.48741586101312
8420    65.68998774249155
8540    64.94586700073467
8660    64.24530969954398
8790    63.537264001838
8920    62.904613712288466
9050    62.3487126937984
9180    61.8783044757684
9310    61.48746136863138
9450    61.15715049981986
9590    60.9291512626132
9730    60.80987408447331
9870    60.802207082361235
10010    60.90938897865048
10160    61.151683637824625
10310    61.5261593145778
10460    62.02118158872773
10610    62.60178268131175
10760    63.210229025748546
10920    63.7542693300953
11080    64.08636046331904
11240    64.22086732597464
11400    64.32617791377457
11570    64.63821237416727
11740    65.20417965824726
11910    66.14239306864417
12080    67.19766111455512
12260    68.30355678881261
12440    69.26316165622471
12620    69.87748233180089
12800    70.08232682591617
12990    69.81959401892664
13180    69.44299566782277
13370    68.74817392336627
13560    67.82605529487114
13760    66.6619922771423
13960    65.3806415993057
14160    64.11378968011181
14370    62.874684146586546
14580    61.87190346704463
14790    61.1305845024978
15010    60.72996689075153
15230    60.83506399093915
15450    61.36999020230063
15670    62.001283772737146
15900    62.41653511277862
16130    62.34312655000812
16360    61.7029546333459
16600    60.47754364535379
16840    58.82760800405513
17080    57.05805923204532
17330    55.510174913779004
17580    54.43681234604432
17840    53.82189705951577
18100    53.619818190614225
18360    53.638158401587724
18630    53.608087559788885
18900    53.40794486087219
19170    53.094690427045386
19450    52.44574539028102
19730    51.45994902933347
20000    51.34993916068116
