
Frequency	dB	Unweighted
20	70.6
20.3	70.6
20.6	70.5
20.9	70.5
21.2	70.5
21.5	70.4
21.8	70.4
22.1	70.3
22.4	70.3
22.7	70.3
23	70.2
23.3	70.2
23.6	70.1
23.9	70.1
24.2	70.1
24.6	70.0
25	69.9
25.4	69.9
25.8	69.8
26.2	69.8
26.6	69.7
27	69.7
27.4	69.6
27.8	69.6
28.2	69.5
28.6	69.4
29	69.4
29.4	69.3
29.8	69.3
30.2	69.2
30.6	69.2
31	69.1
31.5	69.1
32	69.0
32.5	68.9
33	68.9
33.5	68.8
34	68.7
34.5	68.7
35	68.6
35.5	68.6
36	68.5
36.5	68.4
37	68.3
37.5	68.3
38	68.2
38.6	68.1
39.2	68.0
39.8	68.0
40.4	67.9
41	67.8
41.6	67.8
42.2	67.7
43.4	67.6
44	67.6
44.6	67.5
45.2	67.5
45.9	67.5
46.6	67.4
47.3	67.4
48	67.3
48.7	67.2
49.4	67.2
50.1	67.1
50.8	67.0
51.5	66.9
52.2	66.9
53	66.8
53.8	66.7
54.6	66.6
55.4	66.5
56.2	66.4
57	66.3
57.8	66.2
58.6	66.2
59.5	66.1
60.4	66.0
61.3	65.9
62.2	65.8
63.1	65.8
64	65.7
64.9	65.6
65.8	65.6
66.8	65.5
67.8	65.4
68.8	65.3
69.8	65.3
70.8	65.2
71.8	65.1
72.8	65.0
73.9	64.9
75	64.8
76.1	64.8
77.2	64.7
78.3	64.6
79.4	64.5
80.6	64.4
81.8	64.4
83	64.3
84.2	64.2
85.4	64.1
86.6	64.0
87.9	63.9
89.2	63.8
90.5	63.7
91.8	63.6
94.5	63.4
95.9	63.3
97.3	63.1
100	62.9
102	62.7
104	62.6
106	62.5
108	62.5
110	62.5
112	62.6
114	62.8
116	63.0
118	63.2
120	63.3
122	63.5
124	63.7
126	63.8
128	63.8
130	63.9
132	63.9
134	63.9
136	63.8
138	63.7
140	63.7
142	63.6
144	63.5
146	63.4
148	63.3
150	63.1
152	63.0
154	62.9
156	62.8
158	62.7
160	62.6
164	62.4
166	62.3
170	62.1
173	62.0
176	61.9
182	61.7
185	61.6
188	61.4
191	61.3
194	61.2
197	61.1
200	61.0
203	60.9
206	60.8
209	60.8
212	60.7
215	60.6
218	60.6
221	60.6
224	60.5
227	60.5
230	60.5
233	60.5
236	60.5
239	60.5
243	60.4
247	60.4
263	60.1
271	59.9
283	59.6
291	59.5
295	59.4
303	59.2
307	59.1
312	59.0
317	58.9
322	58.8
327	58.8
332	58.7
337	58.6
347	58.4
352	58.3
357	58.2
362	58.1
367	58.0
372	57.9
377	57.9
383	57.8
389	57.7
395	57.6
401	57.6
407	57.5
413	57.5
419	57.5
425	57.5
431	57.5
437	57.6
449	57.7
463	58.0
470	58.1
477	58.2
484	58.4
491	58.5
498	58.6
505	58.7
512	58.8
527	59.0
535	59.1
543	59.2
551	59.3
559	59.4
567	59.5
575	59.6
583	59.7
592	59.8
601	59.9
610	60.0
628	60.1
637	60.2
646	60.3
655	60.4
665	60.4
675	60.5
685	60.5
695	60.6
705	60.6
715	60.7
725	60.7
736	60.7
747	60.8
758	60.8
769	60.9
780	60.9
791	60.9
803	61.0
815	61.0
827	61.1
839	61.1
851	61.1
863	61.2
876	61.2
889	61.3
902	61.4
915	61.4
928	61.5
942	61.6
956	61.6
970	61.7
984	61.8
998	61.9
1010	62.0
1030	62.1
1050	62.2
1090	62.4
1110	62.5
1130	62.6
1150	62.8
1170	62.9
1190	63.0
1210	63.1
1230	63.2
1250	63.3
1270	63.4
1290	63.5
1310	63.6
1330	63.7
1350	63.8
1370	63.9
1390	64.0
1410	64.1
1430	64.2
1450	64.3
1470	64.4
1490	64.5
1510	64.6
1530	64.7
1550	64.8
1570	64.9
1590	65.0
1610	65.1
1650	65.3
1690	65.4
1710	65.5
1730	65.6
1760	65.7
1790	65.8
1820	66.0
1850	66.1
1880	66.2
1910	66.3
1940	66.4
1970	66.6
2000	66.7
2030	66.8
2060	66.9
2090	67.0
2120	67.2
2150	67.3
2180	67.4
2210	67.6
2240	67.7
2270	67.9
2300	68.1
2330	68.2
2360	68.4
2390	68.6
2420	68.9
2460	69.2
2500	69.5
2540	69.8
2580	70.1
2620	70.4
2660	70.8
2700	71.0
2740	71.2
2780	71.4
2820	71.5
2900	71.3
2940	71.1
2980	70.9
3020	70.6
3060	70.2
3100	69.9
3150	69.5
3200	69.0
3300	68.3
3350	68.0
3400	67.7
3450	67.5
3500	67.4
3550	67.3
3600	67.2
3650	67.1
3700	67.2
3750	67.2
3800	67.3
3860	67.4
3920	67.6
3980	67.7
4040	67.9
4100	68.1
4160	68.2
4280	68.4
4340	68.4
4400	68.4
4520	68.1
4590	67.8
4660	67.4
4730	66.8
4800	66.0
4870	65.1
4940	64.3
5010	63.7
5080	63.4
5150	63.3
5220	63.5
5300	63.8
5380	64.3
5460	65.0
5540	65.7
5620	66.4
5860	68.4
5950	68.8
6130	68.8
6220	68.6
6310	68.4
6400	68.2
6490	68.0
6580	68.0
6780	68.0
6880	68.2
6980	68.3
7080	68.4
7180	68.4
7280	68.2
7390	67.8
7500	67.3
7610	66.7
7720	66.1
7830	65.4
7940	64.8
8060	64.1
8180	63.5
8300	63.0
8420	62.6
8540	62.3
8660	62.1
8920	62.0
9050	62.1
9180	62.3
9310	62.5
9730	63.3
9870	63.2
10010	62.9
10160	62.3
10310	61.5
10460	60.7
10610	59.7
10760	58.9
10920	58.0
11080	57.3
11240	56.7
11400	56.3
11570	56.3
11740	56.5
11910	56.9
12080	57.4
12260	58.2
12440	59.0
12620	60.0
12800	60.9
12990	61.6
13180	61.7
13370	61.1
13560	60.0
13760	58.6
14160	55.9
14370	55.0
14580	54.3
14790	54.0
15010	54.0
15230	54.5
15450	55.5
15670	56.8
15900	58.0
16130	58.3
16360	58.0
16600	57.2
16840	55.7
17080	53.7
17330	51.7
17580	50.2
17840	49.2
18100	48.7
18360	48.8
18630	49.4
18900	50.6
19170	52.0
19450	53.5
19730	54.3
20000	54.6
