20    73.98668497709292
20.3    73.94680263677279
20.6    73.90736062970268
20.9    73.86816261749694
21.2    73.8289870441103
21.5    73.78959089038267
21.8    73.74973301404883
22.1    73.70922793957257
22.4    73.66802465594617
22.7    73.62624948250574
23    73.58418052847443
23.3    73.54216847500086
23.6    73.50051967845266
23.9    73.45939644910708
24.2    73.41877878084537
24.6    73.36509848994243
25    73.31145133583448
25.4    73.25743735020512
25.8    73.20295721466609
26.2    73.14814735241879
26.6    73.09319083012718
27    73.03816201029194
27.4    72.98300422183289
27.8    72.9276192822013
28.2    72.87198248386038
28.6    72.81619123555072
29    72.76043872482569
29.4    72.70495038176045
29.8    72.64992470805751
30.2    72.59550600178213
30.6    72.54178465377952
31    72.48880340165246
31.5    72.42360601120637
32    72.3594539141497
32.5    72.29618409378925
33    72.23362990617576
33.5    72.17163025379399
34    72.10992687355284
34.5    72.0480381760612
35    71.98525764271609
35.5    71.92084352545669
36    71.85430659478214
36.5    71.785627974753
37    71.7153027668818
37.5    71.644197006555
38    71.57328503773843
38.6    71.48961300248845
39.2    71.40850232008829
39.8    71.33091744237882
40.4    71.25796687090057
41    71.19073857189844
41.6    71.12990493058552
42.2    71.07561117960043
42.8    71.02760733596722
43.4    70.98521978743628
44    70.94716096056281
44.6    70.91158376354934
45.2    70.87644762048421
45.9    70.83353650505245
46.6    70.78631476532601
47.3    70.73320307978298
48    70.67357926269045
48.7    70.60768177130376
49.4    70.53628673903455
50.1    70.46042222481866
50.8    70.38120249924165
51.5    70.29972032579553
52.2    70.21699376852285
53    70.12215839156252
53.8    70.02832030607377
54.6    69.93666519669142
55.4    69.84804558243016
56.2    69.76286259602527
57    69.68098589851726
57.8    69.60189309109734
58.6    69.52504562556587
59.5    69.44092859199432
60.4    69.3592802810719
61.3    69.2803765255903
62.2    69.20459159451484
63.1    69.13214668301438
64    69.06289647877654
64.9    68.99619979174568
65.8    68.93095094589219
66.8    68.85851449196673
67.8    68.78452022195901
68.8    68.707898545354
69.8    68.6283672729048
70.8    68.54639998365712
71.8    68.46309278125105
72.8    68.37980744181061
73.9    68.28962086060469
75    68.20195481006772
76.1    68.11740194319285
77.2    68.03614018698363
78.3    67.957970721734
79.4    67.88226359083946
80.6    67.80125124598806
81.8    67.72038275281318
83    67.63841486505862
84.2    67.55452818545461
85.4    67.46816926970871
86.6    67.37904902232421
87.9    67.27923363782173
89.2    67.17572490478778
90.5    67.06793341782588
91.8    66.95516156136152
93.1    66.83705636835393
94.5    66.70438257810497
95.9    66.56764000798307
97.3    66.42964657180795
98.7    66.29433529950856
100    66.17532971519628
102    66.01529815656502
104    65.89772846134943
106    65.83588742825572
108    65.83652639371385
110    65.8982194581306
112    66.01234637381958
114    66.16578992661401
116    66.34369034599413
118    66.53118670123892
120    66.71425772849999
122    66.88049610202486
124    67.02025501914717
126    67.12740599660006
128    67.19950272229605
130    67.23715979289108
132    67.24306908695647
134    67.22104870259602
136    67.17538097546775
138    67.11036401633861
140    67.0299890085291
142    66.93781962084202
144    66.83702991463095
146    66.73042883562927
148    66.62046428125275
150    66.50919785167068
152    66.39825520796552
154    66.288791073808
156    66.1815485595582
158    66.07698878265856
160    65.97540390596689
162    65.87698173483786
164    65.78176569306574
166    65.68965023313135
168    65.60042721082584
170    65.51382889090996
173    65.38818200829857
176    65.26669951157146
179    65.14848528931269
182    65.03289267575218
185    64.91944981834354
188    64.80781127598891
191    64.69785754566874
194    64.5898627266247
197    64.48459089330538
200    64.38332843000283
203    64.2878186628811
206    64.2000905888286
209    64.12222438340864
212    64.05603082350268
215    64.00263744292971
218    63.96215488477456
221    63.93351742110801
224    63.91448847160305
227    63.901882706103095
230    63.891993292496096
233    63.881136043373516
236    63.866177454678834
239    63.844919830435714
243    63.80500496324633
247    63.7518419396142
251    63.68710134765524
255    63.61334685736012
259    63.533233284264234
263    63.44900308956791
267    63.362326325919454
271    63.27440699212899
275    63.18610183486767
279    63.09795578777117
283    63.01028074722683
287    62.92326310229503
291    62.83706314887573
295    62.75188088935005
299    62.66795304998687
303    62.58548733030283
307    62.50460042859746
312    62.40571623601396
317    62.3091817057423
322    62.21476874394969
327    62.12210092524602
332    62.030692268369755
337    61.94000677086903
342    61.849587455619236
347    61.75916341406638
352    61.66868622100143
357    61.578332939353444
362    61.488484825131195
367    61.399740366390745
372    61.3129861725281
377    61.229419024538686
383    61.13535500666515
389    61.050554748013695
395    60.977585483821514
401    60.91874114917603
407    60.87593053863724
413    60.85060593399495
419    60.84369642428025
425    60.85550694220019
431    60.885752700973285
437    60.93369991161585
443    60.998339063001424
449    61.07838786179802
456    61.188891595724996
463    61.31417229793715
470    61.4493408548817
477    61.58867611293913
484    61.72627779628935
491    61.857008440608695
498    61.97746208689097
505    62.08645272323209
512    62.18490335568324
519    62.27525927389877
527    62.372579467491164
535    62.46763113394851
543    62.56333013383852
551    62.66087386074663
559    62.759925782921414
567    62.85914198476821
575    62.95682237477605
583    63.051515960998316
592    63.15339214679213
601    63.24994538324458
610    63.34133224353874
619    63.42790130333971
628    63.509869349371456
637    63.58717359761755
646    63.65943992991903
655    63.72614875394305
665    63.79324913033238
675    63.85280777909169
685    63.905270540958
695    63.95177041580595
705    63.99391883636509
715    64.03328959035157
725    64.07099347547305
736    64.11128826245479
747    64.15074799527255
758    64.18950496209462
769    64.22749788441604
780    64.26465146310058
791    64.30104504173323
803    64.34027219433221
815    64.37970140660482
827    64.42006531771014
839    64.46195511775241
851    64.5058101477052
863    64.55189579704933
876    64.60466782035864
889    64.66085125455811
902    64.72071701880756
915    64.78425555751133
928    64.8512034026587
942    64.92662295383408
956    65.0049216391779
970    65.08555426854198
984    65.1679004799631
998    65.25120321912712
1010    65.32283601081687
1020    65.38241827555001
1030    65.44172933924811
1050    65.55920022861403
1070    65.67499121743187
1090    65.78907281211895
1110    65.90138360854316
1130    66.01194559461709
1150    66.12106779840181
1170    66.22919647605029
1190    66.33662599882608
1210    66.44353632346281
1230    66.54998162909348
1250    66.65592024129883
1270    66.76154693784272
1290    66.8675271817283
1310    66.97448012389937
1330    67.08212318461088
1350    67.18955752662995
1370    67.29596697625843
1390    67.4007639588389
1410    67.50355999380142
1430    67.60434372521564
1450    67.70344896682715
1470    67.8012255434871
1490    67.89774311094862
1510    67.99284002336054
1530    68.08643833950636
1550    68.17867658248196
1570    68.26972630394124
1590    68.35961223948956
1610    68.44826885335534
1630    68.53579572232798
1650    68.62260293086969
1670    68.70909165848587
1690    68.79527319833413
1710    68.88082903928819
1730    68.96550605511666
1760    69.09088163487272
1790    69.21448006406615
1820    69.33667613952446
1850    69.45789928844174
1880    69.57849506297296
1910    69.6985715820363
1940    69.8181280785247
1970    69.93726167850818
2000    70.05622077878857
2030    70.17545795471332
2060    70.29551499949176
2090    70.41748058168508
2120    70.54282029606215
2150    70.67320689956294
2180    70.8101673043262
2210    70.95470994975025
2240    71.10753151390065
2270    71.26900891199247
2300    71.43927000173045
2330    71.6186726409211
2360    71.80800990753374
2390    72.00826602988471
2420    72.21997991464345
2460    72.51888097336756
2500    72.83321358323845
2540    73.15894743348255
2580    73.48989167368678
2620    73.81598599007698
2660    74.12370029966246
2700    74.3968451458137
2740    74.61738674055886
2780    74.76765038494133
2820    74.83430460551111
2860    74.81143626271556
2900    74.7008317074758
2940    74.51095315871476
2980    74.25554276841842
3020    73.95154864842164
3060    73.61656318123823
3100    73.26657551191792
3150    72.8278453930547
3200    72.40590362563643
3250    72.01512851323682
3300    71.66583832781299
3350    71.36377322343176
3400    71.10988193948586
3450    70.90273181907207
3500    70.74065255679949
3550    70.62221614362774
3600    70.54635339419205
3650    70.51144754731509
3700    70.51528611721184
3750    70.55526753313558
3800    70.62832195323863
3860    70.75418593867556
3920    70.91355508508211
3980    71.09521126413193
4040    71.28391307941664
4100    71.46263097403445
4160    71.61472209789048
4220    71.72570363424794
4280    71.78514020812415
4340    71.78884495067994
4400    71.73820908515404
4460    71.63510228218068
4520    71.47506105867264
4590    71.19247681120689
4660    70.76022812142145
4730    70.13701660714321
4800    69.34093415537802
4870    68.47619383438139
4940    67.69346798011236
5010    67.11519456655108
5080    66.79221779262278
5150    66.71304902102611
5220    66.8387583927599
5300    67.18207147986466
5380    67.68925741961695
5460    68.32093410680713
5540    69.04127980136799
5620    69.80674600824985
5700    70.56054310036727
5780    71.23540659742378
5860    71.76486452224947
5950    72.13060606872746
6040    72.24818002347578
6130    72.16940709966161
6220    71.97665418134187
6310    71.74913242970027
6400    71.54448790654989
6490    71.39638299648024
6580    71.31935306594167
6680    71.31885909275718
6780    71.39436567226528
6880    71.51764834601727
6980    71.64743719747105
7080    71.73338779136944
7180    71.71951451264003
7280    71.55357469053055
7390    71.17236810522819
7500    70.63807236945624
7610    70.04979436964535
7720    69.44671292374004
7830    68.8087060231245
7940    68.1500315480342
8060    67.46295290517475
8180    66.8513874113718
8300    66.33563344207235
8420    65.92270512188605
8540    65.61537824209377
8660    65.41580744811881
8790    65.32015345196874
8920    65.33931785302327
9050    65.45280357526356
9180    65.65040372104122
9310    65.91495910102384
9450    66.22186338774821
9590    66.48476429922175
9730    66.61808038427196
9870    66.54884556532122
10010    66.24224610175943
10160    65.6653378999901
10310    64.89646167985825
10460    64.01861042937797
10610    63.11040959930496
10760    62.23305550735104
10920    61.36462487967162
11080    60.59062950263903
11240    59.973130214104955
11400    59.621036818236206
11570    59.60225814195739
11740    59.84729878608515
11910    60.24314605601228
12080    60.774795195496935
12260    61.49562352207268
12440    62.36477385577224
12620    63.32524008553901
12800    64.24320512473938
12990    64.9164801624098
13180    65.00739652470395
13370    64.41096215274305
13560    63.28971754949441
13760    61.86605532054817
13960    60.476067057218955
14160    59.27930010732538
14370    58.30207990003258
14580    57.6347352269828
14790    57.29434021912518
15010    57.33093676887532
15230    57.842283593166236
15450    58.86310004362882
15670    60.19549518525898
15900    61.3295449592841
16130    61.695205792910045
16360    61.39504291909529
16600    60.55560902995482
16840    59.02553602433866
17080    57.00306710134265
17330    55.01079765987777
17580    53.49126699176229
17840    52.468906502456086
18100    51.98697630824717
18360    52.031720446878985
18630    52.63747808687117
18900    53.77490425599469
19170    55.270226889947345
19450    56.77956965575365
19730    57.7168113405653
20000    57.99288241836365
