20    70.1941570271575
20.3    70.21063820405287
20.6    70.22665570910127
20.9    70.24199518759343
21.2    70.2565407388448
21.5    70.27036810559883
21.8    70.28375898207297
22.1    70.29712242458034
22.4    70.31085433166658
22.7    70.32518883936027
23    70.3401074847471
23.3    70.35534421408158
23.6    70.37047311927287
23.9    70.38504552829536
24.2    70.39871999062079
24.6    70.415311010999
25    70.43011302933061
25.4    70.44344601581071
25.8    70.45564108793721
26.2    70.4669064661021
26.6    70.47733745771893
27    70.48699872006137
27.4    70.49597325486249
27.8    70.50435234436415
28.2    70.51219689918602
28.6    70.51951659909109
29    70.52628630339944
29.4    70.53248696190927
29.8    70.53812784369961
30.2    70.54324276634665
30.6    70.54787467706637
31    70.55206409195802
31.5    70.55673276507952
32    70.56083029941107
32.5    70.56441916837768
33    70.56755733260918
33.5    70.57028671779128
34    70.57262690685883
34.5    70.5745681760834
35    70.57606963205977
35.5    70.57707227273679
36    70.577512401689
36.5    70.57734152687684
37    70.57653969782402
37.5    70.57512865488859
38    70.57318196041965
38.6    70.57031534654652
39.2    70.56712972880526
39.8    70.56391081849563
40.4    70.5608962098203
41    70.55822159975061
41.6    70.55589087393435
42.2    70.55377991109467
42.8    70.55166854742306
43.4    70.54929060491642
44    70.54638618984191
44.6    70.54274288292
45.2    70.53821588691554
45.9    70.53173569540321
46.6    70.52399121093455
47.3    70.51510731173627
48    70.50529057241624
48.7    70.4948090536407
49.4    70.4839342284094
50.1    70.472863850551
50.8    70.46168252507755
51.5    70.45036611996969
52.2    70.4387950081963
53    70.42499675748263
53.8    70.41021013300949
54.6    70.39400067093669
55.4    70.37598596508143
56.2    70.35597480122537
57    70.33392427442249
57.8    70.30972419112791
58.6    70.2831333042041
59.5    70.25005564736004
60.4    70.21341335175062
61.3    70.1731697266068
62.2    70.12958942214344
63.1    70.08329577646546
64    70.03526474850123
64.9    69.98681485171228
65.8    69.93960832631463
66.8    69.89100153741137
67.8    69.84921093089781
68.8    69.81687754336087
69.8    69.7958755789781
70.8    69.78681719748673
71.8    69.7888312194961
72.8    69.79972822086496
73.9    69.81840478228635
75    69.84004648608266
76.1    69.86104342543769
77.2    69.87861830627486
78.3    69.89076346890997
79.4    69.8964263401977
80.6    69.89520498226764
81.8    69.88712971727415
83    69.87359576042886
84.2    69.85628659008665
85.4    69.83694153614135
86.6    69.81734129524907
87.9    69.79810335931207
89.2    69.78360879724059
90.5    69.77629359484793
91.8    69.77720970215108
93.1    69.785361402053
94.5    69.79920140644685
95.9    69.81428765390922
97.3    69.82687350187027
98.7    69.83424924057367
100    69.83514213554096
102    69.82499864526334
104    69.80280912278573
106    69.77203677618206
108    69.73641054637832
110    69.69900978179578
112    69.6618166546053
114    69.6255994809928
116    69.5901619656943
118    69.55486921370658
120    69.51910472868084
122    69.48234050384897
124    69.44398846900611
126    69.40364806845814
128    69.36112246852926
130    69.31623987645035
132    69.26879768208778
134    69.21861253211911
136    69.1656387561762
138    69.11010171335462
140    69.05257992142018
142    68.99403742086213
144    68.93581574008023
146    68.87959420317617
148    68.82725245535121
150    68.78063438669253
152    68.74125675519481
154    68.71003549070777
156    68.68706864464747
158    68.67150602935807
160    68.66157468077228
162    68.65482646425028
164    68.6485884574578
166    68.6404447117556
168    68.62856030642877
170    68.61181690742487
173    68.57685604496075
176    68.5307735481788
179    68.47538968824774
182    68.41292409619196
185    68.3454461628351
188    68.2746402631827
191    68.20172486992348
194    68.12757827095889
197    68.05279904358616
200    67.97775962962862
203    67.90270926689806
206    67.82780628451003
209    67.75308432121003
212    67.6784833898565
215    67.60388989498179
218    67.52917229022947
221    67.45422587087975
224    67.37899598953635
227    67.30345358444609
230    67.227513326955
233    67.15099005580285
236    67.07366837342073
239    66.9953934511001
243    66.8893955862806
247    66.78146830915367
251    66.67172493300166
255    66.56058001020324
259    66.44885827899371
263    66.33781287832176
267    66.22899164610146
271    66.12397099486962
275    66.02397167209736
279    65.92935935660662
283    65.83928907282454
287    65.75171454629827
291    65.66389743226978
295    65.57330982885667
299    65.47837706504656
303    65.37871893155742
307    65.27486289915154
312    65.14047656384645
317    65.00259443203149
322    64.86262087784635
327    64.72154356497178
332    64.58008787903434
337    64.43899731321048
342    64.29936588744431
347    64.16286212128463
352    64.0318639606864
357    63.90955096169631
362    63.79972304677213
367    63.70638556954265
372    63.633356030790665
377    63.58347902095392
383    63.555140645187876
389    63.55817357550408
395    63.58597185379183
401    63.629858498305
407    63.680681560126175
413    63.73036765624765
419    63.77310255694556
425    63.805872170703026
431    63.828271676323375
437    63.84175696236741
443    63.848627181383975
449    63.85109396393508
456    63.850367706258126
463    63.846618876825275
470    63.83982882316621
477    63.83008452497578
484    63.81852142467105
491    63.80760458155371
498    63.800650038921376
505    63.800773046776705
512    63.80970420039581
519    63.827513798032584
527    63.857308749658316
535    63.895010391271256
543    63.938785550453936
551    63.987483413072496
559    64.04022797816188
567    64.09600960256122
575    64.15350766838192
583    64.21101556261604
592    64.27333327667793
601    64.33071610874295
610    64.38145275689459
619    64.42510487398926
628    64.46250865394973
637    64.49523393691672
646    64.52482488235785
655    64.5522232039813
665    64.58036783897052
675    64.60579912667009
685    64.62800256628185
695    64.64652240783397
705    64.66123376524564
715    64.67254525177904
725    64.68130302117174
736    64.68922974535568
747    64.69677007564539
758    64.70519338724151
769    64.71538605479245
780    64.72773621162551
791    64.74224992544057
803    64.76036517994862
815    64.78064725064411
827    64.80298582050118
839    64.8274344914951
851    64.85417588588648
863    64.88347289817875
876    64.91848188141287
889    64.95734458684663
902    65.00044443921047
915    65.04796597145938
928    65.09980438060143
942    65.16016699965297
956    65.22485903249782
970    65.29333152064737
984    65.36489796056837
998    65.43898256589105
1010    65.50410080794447
1020    65.5591684167438
1030    65.61460162673492
1050    65.72529603179
1070    65.83453001658177
1090    65.94203127008392
1110    66.04851104068207
1130    66.15495725014867
1150    66.2619821613849
1170    66.3697511457892
1190    66.47825545426363
1210    66.58712190784712
1230    66.69571372788018
1250    66.80321481413301
1270    66.90845434896833
1290    67.01008148495501
1310    67.10687636477796
1330    67.19800881382454
1350    67.28320787191815
1370    67.36297430436723
1390    67.43844804393501
1410    67.51102232550204
1430    67.58215763611275
1450    67.6531825305816
1470    67.72507277424958
1490    67.79838187453629
1510    67.87313706261082
1530    67.94898692910525
1550    68.02557954792775
1570    68.10276307188207
1590    68.1805658551666
1610    68.25913594393305
1630    68.3386937200303
1650    68.41957560715528
1670    68.50222822846689
1690    68.58711402969367
1710    68.67467089054273
1730    68.76529277701297
1760    68.90754216381484
1790    69.05793280176007
1820    69.21667620297816
1850    69.3843001681809
1880    69.56190300710357
1910    69.7501272623532
1940    69.9490328968729
1970    70.15842134150978
2000    70.37806456435246
2030    70.607960258454
2060    70.84828014596002
2090    71.09871790569751
2120    71.3582952627525
2150    71.62640060687845
2180    71.90286722278668
2210    72.18752498402534
2240    72.47986888152596
2270    72.77921171558059
2300    73.0846556253251
2330    73.39505336208279
2360    73.70891183603402
2390    74.02435521728475
2420    74.33900300839528
2460    74.75212492664417
2500    75.15150683829461
2540    75.53189228514455
2580    75.89020290219301
2620    76.2222457213395
2660    76.51991207162831
2700    76.7743898698956
2740    76.98021440760515
2780    77.13519171752878
2820    77.23903833675664
2860    77.29263492360144
2900    77.29806492770861
2940    77.25865016691466
2980    77.1789269795326
3020    77.06441579823945
3060    76.92123223952497
3100    76.75613145805164
3150    76.53022597021311
3200    76.29563789725894
3250    76.0637175888987
3300    75.84296173083118
3350    75.63880805814188
3400    75.4550767583148
3450    75.29562761164195
3500    75.16345587192404
3550    75.060371894575
3600    74.98769734196523
3650    74.94631129385279
3700    74.93629149385089
3750    74.95724352223459
3800    75.0085314234091
3860    75.10790630116486
3920    75.24343657064232
3980    75.407888255494
4040    75.5913441914543
4100    75.77979464022744
4160    75.9544143532982
4220    76.09128822983132
4280    76.16230231386552
4340    76.13797761172907
4400    75.99252593256996
4460    75.70978671162695
4520    75.29118781197091
4590    74.67138861897163
4660    74.00351623889131
4730    73.405090455902
4800    72.9562959118544
4870    72.65589948237091
4940    72.4366428460417
5010    72.22195341984283
5080    71.96698391530225
5150    71.66396563019849
5220    71.32745056857962
5300    70.92870583835858
5380    70.54160118441806
5460    70.18604352653782
5540    69.87435203893182
5620    69.61452088660167
5700    69.41113570205275
5780    69.26603702854341
5860    69.18026562365654
5950    69.15497431706288
6040    69.20372478431476
6130    69.32687867681662
6220    69.52471934822537
6310    69.79437346948758
6400    70.13148180495983
6490    70.52984505593062
6580    70.97972085054201
6680    71.52054330079338
6780    72.07090578978772
6880    72.58577855669296
6980    73.01454208846775
7080    73.30929548187218
7180    73.438682907043
7280    73.39614829663878
7390    73.17090225973163
7500    72.80282501457538
7610    72.33671779399094
7720    71.79421143634403
7830    71.16482869406133
7940    70.41506296684642
8060    69.41553923755981
8180    68.21041489635877
8300    66.8747611614743
8420    65.61078639842088
8540    64.64934042579179
8660    64.10681363229045
8790    63.96667020251594
8920    64.183156787009
9050    64.64452198127313
9180    65.26309062423772
9310    65.97506612881067
9450    66.78519854164121
9590    67.57308756022078
9730    68.26412532822798
9870    68.78780811204322
10010    69.09704565350873
10160    69.18364892152181
10310    69.05998911173091
10460    68.79605661240058
10610    68.46888057325424
10760    68.13107662531647
10920    67.76827658152928
11080    67.39677915492229
11240    67.0246891836892
11400    66.67564645940219
11570    66.38574615098369
11740    66.25897138464438
11910    66.35756948026756
12080    66.67715444431867
12260    67.12182164787109
12440    67.45807470516345
12620    67.56663711243553
12800    67.45471488861037
12990    67.16035218110737
13180    66.75237572661601
13370    66.25609331215396
13560    65.63097095778096
13760    64.80027469928227
13960    63.94826339068379
14160    63.41149413250049
14370    63.420262016275785
14580    63.842710499961846
14790    64.20070119028058
15010    64.0652216408348
15230    63.360475793153974
15450    62.36302830731147
15670    61.32984501603599
15900    60.299017208487555
16130    59.33749249199845
16360    58.65254344835043
16600    58.371713243574696
16840    58.291096008484544
17080    58.184036817509664
17330    57.94263071404309
17580    57.664827707520416
17840    57.643384367971294
18100    58.11128447632297
18360    59.051279867180234
18630    60.16853924961832
18900    60.78483061228563
19170    60.44479660305588
19450    59.04894949335785
19730    56.92911505879783
20000    55.408142616395615
