20    72.93635106450068
20.3    72.89935626586771
20.6    72.86282110021821
20.9    72.82661898478149
21.2    72.7906051250007
21.5    72.75463758421287
21.8    72.71860201604576
22.1    72.68242909263836
22.4    72.64609383787163
22.7    72.60960532671442
23    72.57299282708959
23.3    72.53629076592279
23.6    72.49952766608175
23.9    72.46272408274905
24.2    72.42589578251892
24.6    72.37677083375809
25    72.32762794122192
25.4    72.2784606327458
25.8    72.22925565655248
26.2    72.18000402322323
26.6    72.1307133910422
27    72.08141061109114
27.4    72.03213777342737
27.8    71.98293136218777
28.2    71.93381233243795
28.6    71.88478255463195
29    71.83582810717527
29.4    71.78692545576948
29.8    71.73805613176732
30.2    71.68921142219935
30.6    71.6403893273385
31    71.59158995330542
31.5    71.53062262495418
32    71.46969683505819
32.5    71.40882979119499
33    71.34803856382152
33.5    71.28733344326429
34    71.22671477256904
34.5    71.16617334871842
35    71.10569996646356
35.5    71.04530505584191
36    70.98502716726657
36.5    70.92494393549475
37    70.86518489963336
37.5    70.80592800412624
38    70.74738400199566
38.6    70.67837480695383
39.2    70.6110252605119
39.8    70.54555015971863
40.4    70.48199420747181
41    70.42018056448549
41.6    70.35970777391603
42.2    70.30001395944696
42.8    70.2404860175018
43.4    70.18056560695678
44    70.11982627428466
44.6    70.05802138101606
45.2    69.99510397708593
45.9    69.92050007752991
46.6    69.84508301875124
47.3    69.76952764271327
48    69.69459114222369
48.7    69.62102010694275
49.4    69.54948845702236
50.1    69.48052143726278
50.8    69.41439521573562
51.5    69.35107286113976
52.2    69.29020995601064
53    69.2229204908526
53.8    69.15710110601047
54.6    69.09187835656176
55.4    69.02669520475794
56.2    68.96144055771593
57    68.89632471453481
57.8    68.83170875192597
58.6    68.76827202510538
59.5    68.69968942125153
60.4    68.63559164233772
61.3    68.57691566678241
62.2    68.52361718607065
63.1    68.47454755189202
64    68.42776120149493
64.9    68.38106817193861
65.8    68.33246961757621
66.8    68.2744552068383
67.8    68.21118072245203
68.8    68.14243979312354
69.8    68.06870471942446
70.8    67.99086390501714
71.8    67.90994616218178
72.8    67.8268971505467
73.9    67.73394150864624
75    67.6398964246475
76.1    67.54507135594073
77.2    67.44959676605873
78.3    67.35355840963848
79.4    67.25709938592318
80.6    67.15170619909227
81.8    67.04665668076576
83    66.94263587944901
84.2    66.84044453680693
85.4    66.74086944709036
86.6    66.64444678728395
87.9    66.54362353745452
89.2    66.44598959479974
90.5    66.35032503771882
91.8    66.25508857239247
93.1    66.15886508079537
94.5    66.05316585066005
95.9    65.94533371597686
97.3    65.83658255207689
98.7    65.72918695329497
100    65.633379731687
102    65.50015607812142
104    65.39262531951141
106    65.31782205585412
108    65.28131778820217
110    65.28744539523728
112    65.33480286281052
114    65.41434753901095
116    65.51292408571885
118    65.61764856630293
120    65.7183613363854
122    65.80838750896265
124    65.88493030479745
126    65.9496356182926
128    66.0077168492318
130    66.06606334401428
132    66.13108475615655
134    66.20680032006476
136    66.29352822540335
138    66.3874633825802
140    66.48133334968605
142    66.56611034514225
144    66.63320529737933
146    66.67633565837448
148    66.69250552794026
150    66.68197674929303
152    66.64752072984763
154    66.59337462645215
156    66.52425494357661
158    66.44464245235105
160    66.35838924263915
162    66.26858381871165
164    66.17758415171944
166    66.08708072879416
168    65.99820505670937
170    65.91165074176944
173    65.78688953877759
176    65.6684801734541
179    65.55626735028787
182    65.44981509990589
185    65.34858513566738
188    65.25208829347335
191    65.16004792034519
194    65.07238789864167
197    64.9892189868091
200    64.91089671452994
203    64.83813626644583
206    64.77191083977075
209    64.71308186440908
212    64.66204147499789
215    64.61845354625959
218    64.58118782577418
221    64.54857137917281
224    64.51870337133204
227    64.48948600335937
230    64.45882804068985
233    64.42538715094281
236    64.38892674179763
239    64.35015985253207
243    64.29697632417032
247    64.24474303049824
251    64.19547889664528
255    64.14982522979864
259    64.10701882409668
263    64.06519538476996
267    64.02206510242709
271    63.97557299731447
275    63.92431492118381
279    63.86773023976516
283    63.80605523420754
287    63.740060433471015
291    63.670776189269766
295    63.59929543923188
299    63.52662034963244
303    63.45357149450747
307    63.38075470137444
312    63.290637032183284
317    63.20186170486778
322    63.11450107205529
327    63.02849476829585
332    62.94387550993469
337    62.86073079990115
342    62.779088512796136
347    62.698956487186564
352    62.62032131218875
357    62.54301049174544
362    62.46673171817461
367    62.39127683800371
372    62.31664676991731
377    62.24308292733433
383    62.15677851902728
389    62.07358255337534
395    61.99549575591362
401    61.925742433120135
407    61.86820184820032
413    61.82674594789651
419    61.80509903026476
425    61.80704702107677
431    61.836074075685374
437    61.89440583853422
443    61.98202339680299
449    62.09618988148539
456    62.25584667952573
463    62.433157348596175
470    62.61510582784366
477    62.788518123824886
484    62.94178348937006
491    63.06675167187021
498    63.1600722402545
505    63.22369880695436
512    63.263654755987254
519    63.28760216015933
527    63.304716143491675
535    63.3190927327719
543    63.33636364932687
551    63.359572711394875
559    63.389891972804705
567    63.42714133470784
575    63.47017250369172
583    63.5172805900958
592    63.57284604044057
601    63.62892656894793
610    63.68391261432867
619    63.73693794269502
628    63.78780508649536
637    63.83686502722658
646    63.88469899259289
655    63.931824756348185
665    63.98378160204115
675    64.03563325690104
685    64.08782217375614
695    64.1411074017087
705    64.1965643604494
715    64.25537758332635
725    64.31840696439255
736    64.39271173378017
747    64.47143185401512
758    64.55342265703153
769    64.6376524815887
780    64.72336201723317
791    64.81005298180368
803    64.90552342712189
815    65.00207756701886
827    65.10013270399715
839    65.20020372033167
851    65.30285336843701
863    65.4085564259037
876    65.52679168933543
889    65.64890621917556
902    65.77473408587738
915    65.90408085266509
928    66.03676936900831
942    66.18313546215717
956    66.33263829359566
970    66.48447911671528
984    66.63755290901959
998    66.79071084746195
1010    66.9212906998012
1020    67.02911969721832
1030    67.1356215661607
1050    67.34323646506492
1070    67.54199391027018
1090    67.73043784756538
1110    67.90787129554931
1130    68.0741470725409
1150    68.22904288200641
1170    68.37175364745507
1190    68.50105092044387
1210    68.61589658433448
1230    68.71609443121184
1250    68.80178537044672
1270    68.87267999049118
1290    68.92844995160655
1310    68.96944447648778
1330    68.99666202221442
1350    69.01121396159253
1370    69.01412010988547
1390    69.00649885572787
1410    68.98961212966424
1430    68.96505652076131
1450    68.93451432094759
1470    68.89965153800183
1490    68.86249838135612
1510    68.82540023166557
1530    68.79057140582832
1550    68.75989369520941
1570    68.73503901140492
1590    68.71760255455874
1610    68.70899056278446
1630    68.71014399429443
1650    68.72165261175601
1670    68.74383595688975
1690    68.77692172888999
1710    68.82119869900251
1730    68.87691550361903
1760    68.98177219492841
1790    69.11141278687316
1820    69.2641773462434
1850    69.43801213123359
1880    69.6306082297973
1910    69.83924915442716
1940    70.06142518618023
1970    70.29447553383191
2000    70.53499109388524
2030    70.77933950832892
2060    71.02349124138556
2090    71.26288504597531
2120    71.4925736770393
2150    71.70771469590588
2180    71.90367181635565
2210    72.07576609523797
2240    72.21953464620232
2270    72.3311721822487
2300    72.40787245863297
2330    72.44769834347485
2360    72.4493538732595
2390    72.41243895083807
2420    72.33795281973576
2460    72.18539513615875
2500    71.98231444432913
2540    71.73970139778766
2580    71.46814699365757
2620    71.17848110434221
2660    70.88096854187114
2700    70.58461771227769
2740    70.2964465804369
2780    70.02163935108989
2820    69.76423702406309
2860    69.52764846067704
2900    69.31439809491584
2940    69.12544367226354
2980    68.96119491933172
3020    68.82201397672569
3060    68.70800618510589
3100    68.61944926953362
3150    68.5447689702541
3200    68.50802757031317
3250    68.50641654129744
3300    68.53766012463083
3350    68.5982593120959
3400    68.68188717414839
3450    68.77986107093037
3500    68.8816128325968
3550    68.97421970597624
3600    69.04389836887941
3650    69.07913466560028
3700    69.07227761689232
3750    69.01952806724272
3800    68.9220038941331
3860    68.75628138124986
3920    68.55751301269815
3980    68.3508416079036
4040    68.16366148318622
4100    68.02273862289582
4160    67.95052506920783
4220    67.96150057169379
4280    68.05782693201499
4340    68.22428696649146
4400    68.42528017478529
4460    68.60812457549336
4520    68.7153149805765
4590    68.69420639993783
4660    68.53140779258015
4730    68.33894009273372
4800    68.28948346270461
4870    68.53783403766407
4940    69.15210508545763
5010    70.08845606949828
5080    71.21406628752621
5150    72.35080320097815
5220    73.31720151455741
5300    74.03608249272614
5380    74.27412932924472
5460    74.10426148833787
5540    73.69259828639785
5620    73.20951680914979
5700    72.7718046630714
5780    72.4299952343286
5860    72.17800785540678
5950    71.93452689886189
6040    71.62340608232009
6130    71.16362696997868
6220    70.5722995783488
6310    69.96019190643884
6400    69.45764796160569
6490    69.14432821363864
6580    69.03631157378302
6680    69.12905399440729
6780    69.39231659498066
6880    69.76281263407229
6980    70.17033139741544
7080    70.53688258632914
7180    70.78259701834284
7280    70.84249063462178
7390    70.65995036716356
7500    70.24357828776888
7610    69.66687974457567
7720    69.02461108301605
7830    68.403070299167
7940    67.85447633291682
8060    67.36212292914928
8180    66.9868376287045
8300    66.7314192148084
8420    66.59720963617215
8540    66.5857909354816
8660    66.69732041648216
8790    66.95439133873757
8920    67.34190504658861
9050    67.82846379329635
9180    68.3518703672498
9310    68.80772989613868
9450    69.04588579167734
9590    68.8406753675248
9730    68.12602115490755
9870    66.99456219246994
10010    65.66384050459851
10160    64.30994255688373
10310    63.303315108558984
10460    62.82629734725701
10610    62.91856132135041
10760    63.44812419792697
10920    64.19293226426832
11080    64.76027430869529
11240    64.94019549044684
11400    64.88062122836882
11570    64.94333268895356
11740    65.37409287251678
11910    66.16644842018184
12080    67.17416733740143
12260    68.22116959569189
12440    68.91271178847731
12620    68.9357916751048
12800    68.1663447320918
12990    66.66602510868759
13180    64.86105708550784
13370    63.12302519239067
13560    61.63176857943219
13760    60.3806819748994
13960    59.475983731883815
14160    58.93698550323311
14370    58.804479021447406
14580    59.173799778697216
14790    60.042643246918445
15010    61.19341477294672
15230    61.78074862020249
15450    60.947704280061345
15670    58.76388579850215
15900    56.12632109663531
16130    54.08416026109175
16360    52.74607653322975
16600    51.712359103851085
16840    50.78748643599147
17080    49.91642994068579
17330    48.864511696935644
17580    47.524256814082406
17840    46.048327324678084
18100    44.96020527926881
18360    45.05270762384621
18630    47.26685123384577
18900    50.642686897821136
19170    53.16504518353888
19450    53.82957484439531
19730    52.283780655194164
20000    50.545694476796655
