20    67.41807632861725
20.3    67.483915301601
20.6    67.54864736469614
20.9    67.61213078025307
21.2    67.67422889380785
21.5    67.73484198006062
21.8    67.79392152793989
22.1    67.8514552458306
22.4    67.9074463755046
22.7    67.96189101919349
23    68.01476566122668
23.3    68.06602510723877
23.6    68.11562211023555
23.9    68.16352495046954
24.2    68.20973188784205
24.6    68.26876591915227
25    68.32499400615205
25.4    68.37857895665097
25.8    68.42967266721172
26.2    68.47840169686302
26.6    68.52488373695815
27    68.5692635559894
27.4    68.61172765143397
27.8    68.65248234066385
28.2    68.69170335775556
28.6    68.72948664886876
29    68.76583226081111
29.4    68.80067460554164
29.8    68.83394574039764
30.2    68.86562792499939
30.6    68.8957655925198
31    68.92444609702005
31.5    68.95838815537026
32    68.99034218953524
32.5    69.02041800849709
33    69.04873927320428
33.5    69.07546243765057
34    69.10072820790865
34.5    69.1246266405267
35    69.14720453578587
35.5    69.16848623967849
36    69.18848868286554
36.5    69.20723073068498
37    69.22474419797676
37.5    69.2410790105508
38    69.25629843635164
38.6    69.27317375977546
39.2    69.28861877827102
39.8    69.30270723686648
40.4    69.3154598940659
41    69.32682821420833
41.6    69.33676486302095
42.2    69.34535158371797
42.8    69.35283531845802
43.4    69.35950752356291
44    69.36555532084428
44.6    69.37100881535721
45.2    69.37579663789433
45.9    69.38042541373332
46.6    69.38395548869782
47.3    69.38641921089663
48    69.38791486373432
48.7    69.38851702434891
49.4    69.3882720423222
50.1    69.3872538766942
50.8    69.38554121845597
51.5    69.38313957159019
52.2    69.37997121955334
53    69.3753029216758
53.8    69.36944868348704
54.6    69.36243344900588
55.4    69.3544117239687
56.2    69.34560711978696
57    69.3362548480542
57.8    69.32660907965445
58.6    69.31690201433346
59.5    69.3060096982921
60.4    69.29501499731029
61.3    69.28355378236722
62.2    69.27109567589905
63.1    69.25714469067277
64    69.24147733715932
64.9    69.22420728132181
65.8    69.20556861309747
66.8    69.1833865156174
67.8    69.15987177463575
68.8    69.13550004058808
69.8    69.11071100282558
70.8    69.08576305286391
71.8    69.06076686572668
72.8    69.0357158040287
73.9    69.00799833581786
75    68.97996125951289
76.1    68.95145870991075
77.2    68.92239393471465
78.3    68.89271337957736
79.4    68.86234927406123
80.6    68.82828090732643
81.8    68.7929647506903
83    68.7561260838256
84.2    68.71758433688743
85.4    68.67731995054953
86.6    68.6355112743209
87.9    68.58894797563684
89.2    68.54186373158262
90.5    68.49538047380432
91.8    68.45087027718567
93.1    68.40986459245408
94.5    68.37134694057035
95.9    68.3402032050426
97.3    68.31747536916562
98.7    68.30357916756029
100    68.29838948488762
102    68.30325225541982
104    68.3201021619471
106    68.34403129997904
108    68.37035423306713
110    68.3954425856225
112    68.41703196859002
114    68.43344739163666
116    68.44273288670584
118    68.44333162717857
120    68.43460836435543
122    68.41705398395956
124    68.39190541068511
126    68.36079212789002
128    68.32536429879154
130    68.2867052446616
132    68.245539079446
134    68.20248199181964
136    68.15821308109129
138    68.11334917901314
140    68.06829344325318
142    68.023293824121
144    67.97848209632176
146    67.93389627590122
148    67.88947612300686
150    67.84503303648982
152    67.80023459234712
154    67.75464364266618
156    67.70780427570733
158    67.6593086113498
160    67.60885527443767
162    67.5563005310302
164    67.5016732489324
166    67.4451383930562
168    67.38693317415276
170    67.32728739606023
173    67.23546454021864
176    67.14109711108415
179    67.04424546798231
182    66.9446897732297
185    66.84192726565473
188    66.7351783707924
191    66.62348831737984
194    66.50581217122699
197    66.38118004147725
200    66.24897725981566
203    66.10942013889598
206    65.96393028145985
209    65.81497333418703
212    65.66591330911305
215    65.52126297205209
218    65.38727535723342
221    65.27227990130623
224    65.1864296922522
227    65.14079821782397
230    65.14567244072148
233    65.20876749636003
236    65.33368257713525
239    65.51875599668455
243    65.84527906380494
247    66.23514846979701
251    66.65163212677044
255    67.05772533312194
259    67.42239752212467
263    67.7247965347972
267    67.95533263358399
271    68.11402063485042
275    68.20729855091923
279    68.24529430116105
283    68.23949426623716
287    68.20107984537947
291    68.13983997376319
295    68.063758590499
299    67.97896657543951
303    67.88984858011239
307    67.79917569912237
312    67.68584622801416
317    67.57366985601023
322    67.4632241373559
327    67.3546869578445
332    67.24792716513849
337    67.14267750612248
342    67.03869436538739
347    66.93589542798082
352    66.8343974232813
357    66.73447087736224
362    66.63644440985371
367    66.54059397447423
372    66.44705313697705
377    66.35584531413444
383    66.24950619795797
389    66.14668976199575
395    66.04760463905532
401    65.95260590537848
407    65.8622346306569
413    65.7774416642166
419    65.69959357087902
425    65.63043498673703
431    65.5722070177996
437    65.52740799480983
443    65.49854052350736
449    65.48791076357884
456    65.5004999873934
463    65.54030191614456
470    65.60541676141322
477    65.69175362252489
484    65.79372120711034
491    65.90493572085978
498    66.01882670209255
505    66.12921346139356
512    66.23088639829827
519    66.32026684524568
527    66.40569853659827
535    66.47458273769689
543    66.5305347208054
551    66.57813103213167
559    66.62146560107482
567    66.66323460064268
575    66.70449224499613
583    66.74489553951858
592    66.78775335000478
601    66.8256204126454
610    66.85621086680541
619    66.87742896397812
628    66.88701059999045
637    66.88196055930547
646    66.85824408352472
655    66.81104178336338
665    66.72607399407039
675    66.60600922723135
685    66.45931200135321
695    66.3065940911375
705    66.17684479684881
715    66.0961203969876
725    66.0759238971667
736    66.11727481829732
747    66.20624988943858
758    66.32113800973768
769    66.44329439292846
780    66.55969693234029
791    66.66336003474949
803    66.75963713940591
815    66.83998898057988
827    66.90783893287616
839    66.96669379568095
851    67.01940016789575
863    67.06791848197781
876    67.11731448890954
889    67.16469353578823
902    67.21113659656419
915    67.25739925375734
928    67.30378623680178
942    67.35376021395493
956    67.40333738213555
970    67.45185935884987
984    67.49844209480658
998    67.54195204151699
1010    67.57575986566738
1020    67.60058779268297
1030    67.62129819743242
1050    67.64478640976938
1070    67.63495983236643
1090    67.58403918975131
1110    67.49509080772219
1130    67.38644056833328
1150    67.28230538954426
1170    67.1998118386881
1190    67.14500679665508
1210    67.11920292171382
1230    67.12455580049252
1250    67.16242497567657
1270    67.23224060065256
1290    67.3290805190021
1310    67.44544853331264
1330    67.5745698890758
1350    67.71051721703793
1370    67.84813933239388
1390    67.98356391399787
1410    68.11439631547006
1430    68.23952410434805
1450    68.35859096964028
1470    68.4720773823894
1490    68.58079971351819
1510    68.6855939288366
1530    68.78714027977753
1550    68.88597195610635
1570    68.98259264979933
1590    69.07746853334392
1610    69.17093930945578
1630    69.26320903061412
1650    69.3543245042758
1670    69.44420205253252
1690    69.53283260522615
1710    69.62032751933944
1730    69.70674738804985
1760    69.83431517668777
1790    69.9595188628171
1820    70.08274238035563
1850    70.20456074166673
1880    70.32579701064829
1910    70.44720341110408
1940    70.5695029724424
1970    70.69348115775878
2000    70.81951292619163
2030    70.94756964056864
2060    71.07752117709201
2090    71.20916867282176
2120    71.34224937115962
2150    71.47629651178767
2180    71.61059844380969
2210    71.74437833738975
2240    71.87679356442607
2270    72.0069795318239
2300    72.13429722477098
2330    72.25826482587394
2360    72.37855996192346
2390    72.49480141180433
2420    72.60688629776485
2460    72.7494863960523
2500    72.88385801909152
2540    73.00974433975267
2580    73.12837533270755
2620    73.24277541573656
2660    73.35721103001697
2700    73.47634282645018
2740    73.6045743672561
2780    73.74384478998033
2820    73.89263881046364
2860    74.04550701766937
2900    74.19370513461723
2940    74.32684333986269
2980    74.43803333121015
3020    74.52388352634381
3060    74.58272218357605
3100    74.61569973120012
3150    74.62611046911758
3200    74.6081897053995
3250    74.5683663145866
3300    74.51204447325497
3350    74.44308251061466
3400    74.36462685468243
3450    74.2792564376325
3500    74.18882392924863
3550    74.0944477497869
3600    73.99745789305979
3650    73.89932964266335
3700    73.80164804072417
3750    73.70619948311892
3800    73.61427797861828
3860    73.50983442950576
3920    73.41333070356986
3980    73.32466174776036
4040    73.24488457800882
4100    73.17430441412259
4160    73.11221807549245
4220    73.05798256761659
4280    73.01161394918135
4340    72.97389545637672
4400    72.94522693552392
4460    72.92556211362644
4520    72.91533244842495
4590    72.91522865387628
4660    72.92579525127766
4730    72.94525739318458
4800    72.97287433094422
4870    73.01041398034289
4940    73.05985901215195
5010    73.11916965968393
5080    73.1859435643932
5150    73.25769988944663
5220    73.33205646184231
5300    73.4162503779126
5380    73.49449518888433
5460    73.56026349050569
5540    73.60773073869134
5620    73.63373263318425
5700    73.63484553620904
5780    73.60324524287697
5860    73.53992759328338
5950    73.43511770468939
6040    73.29802566717035
6130    73.13160896770623
6220    72.9425575176542
6310    72.73925286095128
6400    72.52809994907324
6490    72.31099012452839
6580    72.09190035408979
6680    71.85272181678698
6780    71.62366340616269
6880    71.40896357345528
6980    71.21338312092325
7080    71.04075890993343
7180    70.89322659105693
7280    70.77043406109809
7390    70.66068160383955
7500    70.5740710287393
7610    70.5063297000909
7720    70.45190136940371
7830    70.40355899340992
7940    70.35379504871528
8060    70.28575512201675
8180    70.18633080207945
8300    70.0382196629862
8420    69.82433005585625
8540    69.52919518739289
8660    69.14857726261873
8790    68.65214108917435
8920    68.09247875284878
9050    67.49999455743946
9180    66.87325995329277
9310    66.21000273102082
9450    65.46820635941864
9590    64.71268839878758
9730    63.927151764167725
9870    63.13864460458487
10010    62.585711151292074
10160    62.19120731710332
10310    61.721907412528275
10460    61.227168074009526
10610    60.75347989041985
10760    60.34400534393262
10920    59.94063505383199
11080    59.57200621079244
11240    59.29830172235981
11400    59.12523096825089
11570    59.035414127332075
11740    58.9963763435302
11910    59.01973095715064
12080    59.0826590898604
12260    59.23164913544801
12440    59.42832711341289
12620    59.636360964602716
12800    59.83071603829856
12990    60.0140460021332
13180    60.190316739517385
13370    60.34015548452747
13560    60.4708515990924
13760    60.59286381883895
13960    60.71116625797103
14160    60.84798007847862
14370    61.021900455395226
14580    61.26649497800708
14790    61.58298223906799
15010    61.994083375245324
15230    62.42712212756035
15450    62.697280486365926
15670    62.582918843693115
15900    61.892939793699526
16130    60.61442737623025
16360    58.94899278810705
16600    57.102814010722646
16840    55.326137481270806
17080    53.66303365290952
17330    52.125789779795966
17580    50.7977159911716
17840    49.618564226902706
18100    48.60959760555561
18360    47.718540201227185
18630    46.84325116955577
18900    45.96153958227842
19170    45.132546368203485
19450    44.54989763086091
19730    44.43246702851707
20000    44.43385439995234
