
Frequency	dB	Unweighted
20.290906698750476	58.0
20.586044732869844	58.0
20.885475648548283	58.1
21.49746679841394	58.2
22.12739065777668	58.4
22.449240966187475	58.4
22.77577269513385	58.5
23.107053937445478	58.5
23.44315377638505	58.6
23.784142300054445	58.6
24.130090616010463	58.7
24.481070866093134	58.7
24.837156241469714	58.8
25.56494047120865	58.9
25.936791093020236	59.0
26.69679708340074	59.1
27.47907294916184	59.2
28.284271247461966	59.2
28.695675446220072	59.3
29.11306365684382	59.3
29.536522918790062	59.3
29.966141537533712	59.4
30.402009102982383	59.4
30.844216508158908	59.4
31.29285596815558	59.5
31.74802103936409	59.5
32.67830906482211	59.6
33.63585661014871	59.7
34.62146244024586	59.8
35.12504320746613	59.8
35.635948725613716	59.9
36.15428553564419	59.9
36.68016172818701	59.9
37.21368696608603	60.0
37.754972507267915	60.0
38.30413122794313	60.0
38.86127764614443	60.1
39.4265279456077	60.1
40.000000000000206	60.1
40.58181339750116	60.2
41.77095129709678	60.2
42.37852377437204	60.2
42.9949335968281	60.3
43.62030930661056	60.3
44.25478131555359	60.3
44.89848193237519	60.3
45.55154539026795	60.4
46.21410787489121	60.4
46.88630755277036	60.4
47.56828460010916	60.4
48.962141732186545	60.5
49.674312482939705	60.5
50.39684199579528	60.5
51.129880942417586	60.5
51.873582186040764	60.5
52.628100813345895	60.5
53.393594166801776	60.6
54.17022187747612	60.6
54.95814589832399	60.6
55.75753053796041	60.6
57.39135089244048	60.7
58.226127313687975	60.7
59.073045837580466	60.7
59.932283075067765	60.7
60.804018205965114	60.7
61.68843301631817	60.7
62.58571193631152	60.8
63.49604207872855	60.8
64.41961327797075	60.8
66.3072520307241	60.8
67.27171322029778	60.8
68.25020282090806	60.8
69.2429248804921	60.8
70.25008641493265	60.8
71.27189745122783	60.9
72.30857107128878	60.9
74.42737393217246	60.9
76.60826245588666	60.9
78.85305589121582	60.9
81.16362679500274	61.0
84.75704754874454	61.0
85.98986719365665	61.0
87.24061861322157	61.0
88.50956263110764	61.0
89.79696386475084	61.0
91.10309078053635	61.0
92.42821574978288	61.0
93.77261510554118	61.0
96.52036246404286	61.0
97.92428346437356	60.9
99.34862496587989	60.9
102.25976188483567	60.9
103.74716437208203	60.9
105.25620162669229	60.9
106.78718833360406	60.9
108.34044375495276	60.9
109.9162917966485	60.9
111.51506107592134	60.9
113.13708498984903	60.9
114.78270178488147	60.9
116.45225462737648	60.9
119.86456615013608	60.8
121.60803641193078	60.8
123.3768660326369	60.8
128.83922655594208	60.7
130.71323625928977	60.7
134.5434264405962	60.7
136.50040564181674	60.7
140.50017282986593	60.6
144.61714214257822	60.6
148.8547478643456	60.6
151.01989002907314	60.5
155.4451105845792	60.5
160.00000000000236	60.5
162.3272535900062	60.5
164.6883578629612	60.4
167.08380518838874	60.4
169.51409509748981	60.4
171.97973438731407	60.4
177.01912526221608	60.3
182.20618156107355	60.3
184.85643149956664	60.3
187.54523021108326	60.3
190.27313840043846	60.2
193.04072492808663	60.2
198.69724993176072	60.2
201.58736798318304	60.2
204.5195237696723	60.1
207.49432874416505	60.1
210.5124032533856	60.1
213.57437666720915	60.1
219.83258359329807	60.0
223.03012215184378	60.0
226.2741699796992	60.0
229.5654035697641	60.0
232.90450925475412	60.0
236.2921833503241	59.9
239.72913230027333	59.9
250.34284774524843	59.9
257.67845311188546	59.8
265.22900812289896	59.8
269.08685288119375	59.8
273.0008112836349	59.8
276.97169952197106	59.8
281.00034565973334	59.7
289.23428428515797	59.7
293.44129382550057	59.7
297.7094957286928	59.7
302.0397800581479	59.7
306.4330498235497	59.7
315.41222356486645	59.7
320.00000000000654	59.7
324.6545071800142	59.7
329.3767157259242	59.7
334.16761037677935	59.6
339.02819019498156	59.6
343.95946877463007	59.6
348.9624744528898	59.6
354.03825052443415	59.6
359.187855459007	59.6
364.4123631221491	59.6
375.0904604221685	59.6
380.54627680087896	59.6
386.08144985617537	59.6
391.6971338574982	59.6
397.3944998635236	59.6
403.1747359663683	59.6
421.0248065067734	59.6
439.6651671865984	59.6
459.13080713953053	59.6
465.8090185095106	59.6
472.58436670065066	59.6
479.45826460054917	59.6
486.432145647728	59.6
500.6856954904994	59.6
515.3569062237735	59.7
530.4580162458005	59.7
553.9433990439449	59.8
562.0006913194694	59.8
570.1751796098309	59.9
578.4685685703187	59.9
586.8825876510039	59.9
595.4189914573883	60.0
604.0795601162986	60.0
621.780442338323	60.1
640.0000000000159	60.2
649.3090143600314	60.3
658.7534314518515	60.3
668.3352207535618	60.4
678.0563803899662	60.4
708.0765010488715	60.6
728.8247262443015	60.7
761.0925536017613	60.9
783.3942677149998	61.0
794.7889997270506	61.1
806.34947193274	61.2
829.9773149766683	61.3
842.0496130135506	61.4
854.2975066688449	61.4
879.3303343732008	61.6
892.1204886073838	61.6
905.0966799188055	61.7
918.2616142790653	61.8
945.1687334013056	62.0
972.8642912954606	62.1
1001.3713909810035	62.3
1030.7138124475518	62.5
1060.916032491606	62.7
1092.0032451345498	62.9
1140.350359219667	63.3
1173.765175302013	63.5
1190.837982914782	63.6
1208.1591202326028	63.7
1243.5608846766518	63.9
1261.648894259477	64.0
1280.0000000000375	64.0
1298.6180287200684	64.1
1317.5068629037087	64.2
1336.6704415071292	64.3
1375.8378750985323	64.4
1416.153002097749	64.5
1436.7514218360407	64.5
1457.6494524886093	64.5
1478.8514519965543	64.6
1544.3257994247153	64.6
1589.5779994541087	64.7
1612.6989438654878	64.8
1636.156190157402	64.8
1708.5950133376978	64.8
1758.6606687464096	64.7
1784.2409772147755	64.8
1863.2360740380593	64.7
1917.833058402214	64.6
1974.0298565222283	64.7
2002.7427819620161	64.8
2061.4276248951132	65.0
2091.411780148677	65.1
2121.832064983222	65.2
2152.694823049581	65.4
2184.0064902691106	65.5
2248.002765277899	65.9
2280.7007184393456	66.0
2313.874274281297	66.2
2381.6759658295764	66.7
2416.318240465218	66.9
2451.4643985884327	67.1
2487.1217693533167	67.3
2523.2977885189675	67.5
2560.0000000000887	67.8
2597.236057440151	68.0
2635.0137258074315	68.3
2712.225521559891	69.0
2751.6757501970797	69.3
2791.699795623158	69.5
2915.2989049772345	70.3
3000.723683377391	70.6
3044.370214407075	70.7
3088.6515988494466	70.7
3133.57707086003	70.8
3225.3978877309914	70.8
3319.9092599067053	70.8
3368.198452054235	70.9
3517.3213374928373	70.8
3726.472148076138	69.9
3780.6749336052594	69.5
4182.823560297375	65.1
4305.389646099183	64.7
4368.012980538242	64.6
4431.5471923516225	64.5
4496.00553055582	64.4
4561.401436878714	64.3
4627.748548562617	64.2
4695.060701208099	64.2
4832.63648093046	64.2
4902.928797176889	64.3
4974.243538706657	64.4
5046.595577037959	64.5
5270.027451614888	65.0
5346.6817660285715	65.2
5424.451043119808	65.5
5503.351500394186	66.0
5583.399591246343	66.6
5747.005687344222	67.8
5830.597809954497	67.9
5915.405807986278	67.7
6001.447366754812	67.2
6088.740428814181	66.4
6267.154141720092	64.4
6358.3119978165005	63.3
6450.795775462017	62.3
6736.396904108505	60.7
6933.788400317181	61.3
7136.963908859177	62.5
7240.773439350552	63.2
7346.092914232631	63.9
7452.944296152315	64.7
7782.914330363799	66.9
7896.119426088994	67.4
8010.971127848146	67.6
8127.49338607753	67.6
8245.710499580537	67.4
8365.647120594791	67.1
8487.328259932974	66.8
8610.77929219841	66.6
8736.025961076528	66.3
8863.094384703289	66.0
8992.011061111683	65.6
9122.802873757471	65.1
9255.497097125279	64.6
9390.121402416245	64.2
9665.272961860968	63.6
9805.857594353829	63.4
10240.000000000457	62.2
10540.05490322983	61.8
10848.902086239672	62.1
11006.703000788428	61.8
11166.799182492743	61.2
11329.224016782166	60.6
11494.0113746885	60.0
11661.195619909053	59.8
11830.811615972614	59.7
12002.894733509682	59.9
12177.48085762842	60.3
12354.606395397908	60.7
12534.308283440243	60.9
12716.62399563306	60.7
12901.591550924093	60.3
13089.249521259411	59.9
13279.637039626952	59.2
13472.793808217073	58.4
13668.760106701786	57.2
13867.576800634426	55.9
14069.285349971487	54.5
9948.487077413367	63.2
14273.927817718419	53.3
14481.54687870117	52.2
14692.18582846533	51.5
14905.888592304698	51.1
15122.699734421185	51.1
15342.664467217943	51.4
15792.238852178061	52.1
16021.942255696367	52.3
16254.986772155136	52.3
16491.42099916115	51.9
16731.294241189662	50.9
16974.65651986603	49.5
17221.558584396902	48.2
17726.188769406665	46.4
17984.022122223458	46.0
18245.605747515034	46.6
18510.99419425065	48.2
18780.242804832582	50.1
19053.40772663689	51.3
19330.545923722028	51.9
19611.71518870775	51.9
19896.974154826825	51.5
20186.382308152035	51.4
10693.363532057198	62.0
10388.944229760706	61.8
10093.19115407597	62.8
9526.7038633184	63.9
6177.303197698925	65.5
7561.349867210557	65.5
6834.380053350861	60.9
