
Frequency	dB	Unweighted
20	55.4
21.189261887185914	55.7
21.49746679841394	55.7
21.810154653305165	55.8
22.449240966187475	56.0
22.77577269513385	56.0
23.44315377638505	56.2
23.784142300054445	56.2
24.837156241469714	56.4
25.56494047120865	56.5
25.936791093020236	56.6
26.3140504066728	56.7
26.69679708340074	56.7
27.08511093873791	56.8
27.47907294916184	56.9
28.284271247461966	57.0
28.695675446220072	57.0
29.536522918790062	57.2
30.402009102982383	57.3
30.844216508158908	57.3
31.29285596815558	57.4
32.67830906482211	57.6
33.153626015361866	57.6
33.63585661014871	57.7
34.125101410453844	57.7
34.62146244024586	57.8
35.12504320746613	57.8
35.635948725613716	57.9
36.15428553564419	57.9
37.21368696608603	58.0
38.30413122794313	58.1
39.4265279456077	58.2
40.000000000000206	58.3
42.37852377437204	58.4
42.9949335968281	58.5
44.89848193237519	58.6
45.55154539026795	58.6
46.21410787489121	58.7
46.88630755277036	58.7
47.56828460010916	58.7
48.260181232021196	58.8
48.962141732186545	58.8
49.674312482939705	58.9
51.129880942417586	58.9
51.873582186040764	59.0
52.628100813345895	59.0
54.95814589832399	59.1
56.56854249492426	59.2
58.226127313687975	59.3
59.073045837580466	59.3
60.804018205965114	59.4
62.58571193631152	59.4
63.49604207872855	59.5
65.35661812964459	59.5
66.3072520307241	59.6
67.27171322029778	59.6
68.25020282090806	59.6
70.25008641493265	59.7
71.27189745122783	59.7
74.42737393217246	59.8
75.50994501453623	59.8
76.60826245588666	59.9
78.85305589121582	59.9
80.00000000000082	59.9
82.34417893148023	60.0
83.541902594194	60.0
84.75704754874454	60.0
85.98986719365665	60.0
87.24061861322157	60.1
88.50956263110764	60.1
89.79696386475084	60.1
92.42821574978288	60.1
93.77261510554118	60.1
96.52036246404286	60.1
97.92428346437356	60.2
100.79368399159105	60.2
102.25976188483567	60.2
105.25620162669229	60.2
108.34044375495276	60.2
109.9162917966485	60.2
111.51506107592134	60.3
114.78270178488147	60.3
121.60803641193078	60.3
123.3768660326369	60.3
125.17142387262359	60.3
128.83922655594208	60.3
130.71323625928977	60.3
134.5434264405962	60.3
140.50017282986593	60.3
142.5437949024563	60.3
146.7206469127495	60.3
151.01989002907314	60.3
155.4451105845792	60.3
160.00000000000236	60.3
164.6883578629612	60.3
167.08380518838874	60.3
169.51409509748981	60.3
174.4812372264439	60.3
179.5939277295025	60.3
182.20618156107355	60.3
184.85643149956664	60.3
190.27313840043846	60.2
195.84856692874806	60.2
201.58736798318304	60.2
204.5195237696723	60.2
210.5124032533856	60.2
219.83258359329807	60.2
223.03012215184378	60.2
226.2741699796992	60.2
229.5654035697641	60.2
232.90450925475412	60.1
236.2921833503241	60.1
243.21607282386276	60.1
250.34284774524843	60.1
253.9841683149166	60.1
257.67845311188546	60.1
261.42647251858085	60.1
265.22900812289896	60.1
269.08685288119375	60.1
285.0875898049141	60.1
293.44129382550057	60.1
297.7094957286928	60.1
302.0397800581479	60.1
306.4330498235497	60.0
315.41222356486645	60.0
320.00000000000654	60.0
324.6545071800142	60.0
334.16761037677935	60.0
339.02819019498156	60.0
343.95946877463007	60.0
348.9624744528898	60.0
354.03825052443415	60.0
359.187855459007	60.0
369.71286299913527	60.0
380.54627680087896	60.0
386.08144985617537	60.0
397.3944998635236	59.9
414.9886574883323	59.9
421.0248065067734	59.9
433.3617750198154	60.0
446.06024430368984	60.0
459.13080713953053	60.0
493.50746413055253	60.0
439.6651671865984	60.0
403.1747359663683	59.9
364.4123631221491	60.0
375.0904604221685	60.0
391.6971338574982	60.0
409.0390475393468	59.9
427.1487533344206	59.9
452.54833995940066	60.0
465.8090185095106	60.0
472.58436670065066	60.0
479.45826460054917	60.0
486.432145647728	60.0
507.9683366298358	60.1
515.3569062237735	60.1
522.8529450371643	60.1
538.1737057623901	60.2
553.9433990439449	60.2
578.4685685703187	60.3
586.8825876510039	60.4
595.4189914573883	60.4
604.0795601162986	60.4
668.3352207535618	60.7
678.0563803899662	60.8
687.9189375492632	60.8
697.9249489057827	60.9
718.3757109180171	61.0
739.425725998274	61.1
750.1809208443404	61.1
772.1628997123541	61.3
783.3942677149998	61.3
794.7889997270506	61.4
806.34947193274	61.5
818.0780950786972	61.5
829.9773149766683	61.6
842.0496130135506	61.7
866.7235500396347	61.9
879.3303343732008	61.9
892.1204886073838	62.0
905.0966799188055	62.1
918.2616142790653	62.2
931.6180370190256	62.3
945.1687334013056	62.3
958.9165292011028	62.4
972.8642912954606	62.5
987.0149282611097	62.6
1001.3713909810035	62.7
1030.7138124475518	62.8
1060.916032491606	63.0
1076.3474115247852	63.1
1107.8867980878947	63.3
1124.0013826389438	63.3
1156.9371371406426	63.5
1173.765175302013	63.6
1190.837982914782	63.7
1208.1591202326028	63.7
1225.73219929421	63.8
1243.5608846766518	63.9
1261.648894259477	63.9
1298.6180287200684	64.1
1375.8378750985323	64.2
1395.8498978115715	64.3
1416.153002097749	64.3
1436.7514218360407	64.3
1457.6494524886093	64.4
1478.8514519965543	64.4
1522.1851072035295	64.5
1589.5779994541087	64.5
1612.6989438654878	64.5
1636.156190157402	64.5
1659.9546299533442	64.5
1684.099226027109	64.4
1733.4471000792773	64.4
1758.6606687464096	64.4
1784.2409772147755	64.4
1836.5232285581387	64.4
1890.3374668026197	64.5
1917.833058402214	64.5
1974.0298565222283	64.7
2031.8733465193618	64.9
2061.4276248951132	65.1
2091.411780148677	65.2
2121.832064983222	65.3
2152.694823049581	65.5
2215.7735961758003	65.9
2248.002765277899	66.1
2313.874274281297	66.5
2347.530350604038	66.8
2381.6759658295764	67.1
2416.318240465218	67.4
2487.1217693533167	67.9
2560.0000000000887	68.5
2635.0137258074315	68.9
2832.3060041955137	69.5
2873.502843672097	69.6
2915.2989049772345	69.7
2957.7029039931244	69.7
3000.723683377391	69.7
3044.370214407075	69.8
3088.6515988494466	69.7
3133.57707086003	69.7
3319.9092599067053	69.0
3517.3213374928373	67.7
3568.4819544295697	67.4
3620.386719675257	67.2
3673.0464571162966	67.1
3726.472148076138	67.1
3780.6749336052594	67.3
3835.6661168044484	67.4
3891.45716518188	67.5
4005.4855639240527	67.5
4122.855249790247	67.2
4182.823560297375	67.0
4243.664129966465	66.7
4305.389646099183	66.5
4368.012980538242	66.2
4695.060701208099	65.0
4832.63648093046	64.8
4974.243538706657	64.9
5046.595577037959	65.0
5194.472114880326	65.4
5270.027451614888	65.7
5346.6817660285715	66.0
5424.451043119808	66.3
5503.351500394186	66.7
5664.612008391055	67.2
5830.597809954497	67.4
5915.405807986278	67.3
6001.447366754812	67.1
6088.740428814181	66.7
6267.154141720092	65.5
6450.795775462017	64.2
6639.818519813445	63.3
6736.396904108505	63.0
6834.380053350861	63.0
6933.788400317181	63.0
7136.963908859177	63.4
7240.773439350552	63.7
7346.092914232631	64.1
7452.944296152315	64.5
7561.349867210557	64.9
7671.332233608935	65.4
7782.914330363799	65.9
7896.119426088994	66.4
8010.971127848146	66.8
8127.49338607753	67.1
8245.710499580537	67.2
8365.647120594791	67.0
8487.328259932974	66.7
8610.77929219841	66.2
8736.025961076528	65.4
8863.094384703289	64.5
9255.497097125279	61.0
9390.121402416245	59.8
9526.7038633184	58.7
9665.272961860968	57.9
9805.857594353829	57.2
9948.487077413367	56.7
10093.19115407597	56.4
10388.944229760706	55.8
10540.05490322983	55.5
10693.363532057198	55.4
10848.902086239672	55.4
11006.703000788428	55.6
11166.799182492743	55.9
11329.224016782166	56.3
11494.0113746885	56.8
11661.195619909053	57.3
11830.811615972614	57.9
12002.894733509682	58.4
12534.308283440243	59.6
12716.62399563306	59.8
13279.637039626952	59.9
13472.793808217073	59.7
7034.642674985712	63.2
8992.011061111683	63.4
9122.802873757471	62.2
12177.48085762842	58.9
12354.606395397908	59.2
12901.591550924093	59.9
13089.249521259411	60.0
13668.760106701786	59.3
13867.576800634426	58.8
14481.54687870117	57.3
14692.18582846533	56.8
14905.888592304698	56.4
15122.699734421185	56.1
15342.664467217943	55.7
15565.828660727671	55.3
16021.942255696367	54.8
16491.42099916115	54.9
16731.294241189662	54.9
16974.65651986603	54.9
17221.558584396902	54.7
17726.188769406665	54.0
17984.022122223458	53.5
18245.605747515034	52.9
18510.99419425065	52.3
18780.242804832582	51.7
19053.40772663689	51.2
19330.545923722028	50.7
19611.71518870775	50.2
19896.974154826825	50.0
20186.382308152035	50.0
17472.051922153143	54.4
16254.986772155136	54.8
14273.927817718419	57.7
14069.285349971487	58.3
10240.000000000457	56.1
6544.624760629676	63.7
6358.3119978165005	64.8
6177.303197698925	66.1
5747.005687344222	67.4
5583.399591246343	67.0
4902.928797176889	64.8
4496.00553055582	65.6
4431.5471923516225	65.9
3466.8942001585724	68.0
3417.190026675413	68.4
2712.225521559891	69.2
2673.340883014273	69.1
1810.193359837619	64.4
1544.3257994247153	64.5
1356.112760779938	64.2
1336.6704415071292	64.2
1280.0000000000375	64.0
1015.9366732596762	62.8
854.2975066688449	61.8
728.8247262443015	61.0
640.0000000000159	60.6
570.1751796098309	60.3
310.89022116916016	60.0
276.97169952197106	60.1
187.54523021108326	60.2
171.97973438731407	60.3
153.216524911774	60.3
138.48584976098482	60.3
118.14609167516147	60.3
106.78718833360406	60.2
77.72255529228926	59.9
61.68843301631817	59.4
43.62030930661056	58.5
29.966141537533712	57.2
24.130090616010463	56.3
