20    67.8612400527389
20.3    67.94106614199565
20.6    68.01958702743872
20.9    68.09665403751147
21.2    68.1721018921248
21.5    68.24578760102035
21.8    68.31762068385567
22.1    68.38756936527666
22.4    68.4556548024693
22.7    68.52193706244455
23    68.58649556252496
23.3    68.64941506528854
23.6    68.71077481810374
23.9    68.7706457113719
24.2    68.82908996052366
24.6    68.90488728613434
25    68.97834995965542
25.4    69.04956560410281
25.8    69.11860015262936
26.2    69.18550654863203
26.6    69.25033737811424
27    69.31315720990102
27.4    69.37404225838992
27.8    69.43306157403825
28.2    69.49026928650643
28.6    69.5457118561768
29    69.59943923222497
29.4    69.6515133480302
29.8    69.70201296890087
30.2    69.75102386046143
30.6    69.79862047280189
31    69.8448556861502
31.5    69.9007858869835
32    69.95469430656416
32.5    70.00664602099965
33    70.05671962691409
33.5    70.1049898197582
34    70.15151675910636
34.5    70.19635495111305
35    70.2395657055323
35.5    70.28121904786494
36    70.32138738054348
36.5    70.36013270068568
37    70.39749980242985
37.5    70.43351891065018
38    70.46821215855852
38.6    70.50812878866344
39.2    70.54622928901068
39.8    70.58258060631766
40.4    70.61726155817541
41    70.65037694627092
41.6    70.68206221903347
42.2    70.71246192954575
42.8    70.74170183094333
43.4    70.7698680829875
44    70.79700676589687
44.6    70.82312958285796
45.2    70.84821573564622
45.9    70.87611160955359
46.6    70.9024513409321
47.3    70.92717373757759
48    70.95026649424801
48.7    70.97176884402387
49.4    70.99173798055546
50.1    71.01022481017714
50.8    71.02729532964247
51.5    71.04305681952512
52.2    71.0576446395482
53    71.07306207141445
53.8    71.08735072590132
54.6    71.10072449313363
55.4    71.11336204000082
56.2    71.12538474115458
57    71.13682563428739
57.8    71.14758713401625
58.6    71.15747189069657
59.5    71.16732533188184
60.4    71.17572988675056
61.3    71.18266901403675
62.2    71.18816324003257
63.1    71.19226191852167
64    71.19504012993657
64.9    71.19657337450954
65.8    71.19691247016611
66.8    71.19591755319846
67.8    71.19349115974843
68.8    71.18963866001363
69.8    71.18436561167204
70.8    71.17769645724817
71.8    71.16969697025677
72.8    71.16049177970463
73.9    71.14918892598924
75    71.13691723505718
76.1    71.12393830174099
77.2    71.11046687484799
78.3    71.09663595344455
79.4    71.08249139070375
80.6    71.06668073565874
81.8    71.05038713157083
83    71.03347247902082
84.2    71.01577907484875
85.4    70.99716312016972
86.6    70.97752020664552
87.9    70.95501574434869
89.2    70.9312308605761
90.5    70.9062122724024
91.8    70.88002381451355
93.1    70.85271701842905
94.5    70.82207863781086
95.9    70.79012547064525
97.3    70.75675066020926
98.7    70.7217981516761
100    70.68780521297819
102    70.63253105058044
104    70.57386214075927
106    70.51248713926239
108    70.44948837636662
110    70.38605192823485
112    70.32318797021063
114    70.26145353001694
116    70.20089153663818
118    70.1412735871632
120    70.08220926560375
122    70.0231535426081
124    69.9632156687882
126    69.90164966099636
128    69.83828132095697
130    69.77344418131324
132    69.70767885900332
134    69.64141586711574
136    69.57470357205142
138    69.50699655607832
140    69.43710628775474
142    69.36339671656464
144    69.28414875875714
146    69.19793084426446
148    69.1038436252257
150    69.0016164041352
152    68.89161650581835
154    68.77486717010729
156    68.65310181205518
158    68.52883023731262
160    68.40538068930815
162    68.28687103468613
164    68.17807366651547
166    68.08410591058032
168    68.00991639161074
170    67.95961453380109
173    67.93403762847524
176    67.96883503022529
179    68.0569574915211
182    68.18474407003116
185    68.33566756997976
188    68.49451175152517
191    68.65000670778846
194    68.7949529073658
197    68.9250469844124
200    69.03752400513771
203    69.13030280295584
206    69.20175349602202
209    69.2508736645139
212    69.27749507482476
215    69.2823715484108
218    69.26711394817696
221    69.2340054333915
224    69.18573577416157
227    69.12504863572005
230    69.05449180190105
233    68.97640383004364
236    68.89291727239629
239    68.80591586369025
243    68.68715514708823
247    68.56796731112753
251    68.45069043534593
255    68.33696910862432
259    68.2277418298517
263    68.12325574024635
267    68.02305435308676
271    67.92605765781822
275    67.83080570904716
279    67.73578776398881
283    67.63971417568365
287    67.54174960742614
291    67.44162747018187
295    67.33956375937153
299    67.23609106307835
303    67.13193630967363
307    67.02793283444893
312    66.89941312373588
317    66.77385379176712
322    66.65213386854131
327    66.53433141233029
332    66.41965158936313
337    66.30660971252875
342    66.19342421251383
347    66.07844987245899
352    65.96054751069835
357    65.8392024432021
362    65.71442937102111
367    65.58666227653859
372    65.45663023224776
377    65.32518231939808
383    65.16675865119089
389    65.00887376268304
395    64.8528868442934
401    64.70037835055894
407    64.55320673184667
413    64.41344194293742
419    64.28324829175128
425    64.16472814678183
431    64.05976987862937
437    63.96988189012474
443    63.89599479047616
449    63.838348237115085
456    63.79102983121392
463    63.76381767662265
470    63.75512193900907
477    63.763590210144315
484    63.78801302660453
491    63.82681132185069
498    63.87751848770109
505    63.93655418578658
512    63.99931984498587
519    64.06072296665002
527    64.1231746137957
535    64.1723549572865
543    64.20560751875541
551    64.22295127304429
559    64.22636043276793
567    64.21871495438054
575    64.20283448039363
583    64.18101547529184
592    64.15155427087869
601    64.11879875468571
610    64.08449389302153
619    64.05015836502534
628    64.01680765121729
637    63.98466831039448
646    63.95322654883266
655    63.92155961186293
665    63.88507640306632
675    63.84672623093914
685    63.8067811077368
695    63.76608716204894
705    63.72575808203122
715    63.68687526688977
725    63.65025661517568
736    63.61308584216047
747    63.5791845029294
758    63.548215379810486
769    63.51973217931977
780    63.49338667251148
791    63.46914723106542
803    63.44551740010277
815    63.42538422252506
827    63.40906674622809
839    63.39673802799571
851    63.388565934901614
863    63.38469348847214
876    63.38568127195426
889    63.3926038455879
902    63.405975803012005
915    63.42620176854899
928    63.453606396757706
942    63.49140821451696
956    63.5378403628023
970    63.59212300900749
984    63.65183050744275
998    63.712580512635746
1010    63.76141856739319
1020    63.79793247593521
1030    63.830611943415505
1050    63.89249752426832
1070    63.96739776127423
1090    64.0661251672177
1110    64.1859510397882
1130    64.31820301348858
1150    64.45608189468251
1170    64.5959989610366
1190    64.73487888522163
1210    64.86890882576651
1230    64.99539171726879
1250    65.11491072292242
1270    65.23107353982887
1290    65.34875508657517
1310    65.47254432232756
1330    65.60540731859635
1350    65.7481135797758
1370    65.89926332589027
1390    66.05586351090555
1410    66.21441556560347
1430    66.37196452944869
1450    66.52648659104477
1470    66.67662716873264
1490    66.82130639261013
1510    66.95971827963905
1530    67.09172211305527
1550    67.21792645789114
1570    67.3393994264782
1590    67.4574388301298
1610    67.5732494390868
1630    67.68775733995886
1650    67.8018026257006
1670    67.91617391011185
1690    68.03145102464444
1710    68.14788524629648
1730    68.26545316952013
1760    68.4436030198992
1790    68.62321904490403
1820    68.80341269938255
1850    68.98321395751346
1880    69.16164514799522
1910    69.33776270201363
1940    69.51048669296783
1970    69.6786952070092
2000    69.84157895626066
2030    69.99878737055784
2060    70.15006565488042
2090    70.29475049570419
2120    70.43242642271812
2150    70.56312786868276
2180    70.6867798645423
2210    70.80344103106813
2240    70.9134240552276
2270    71.01698855192546
2300    71.1144168278689
2330    71.20617652457857
2360    71.2928877850505
2390    71.37512277733748
2420    71.4532025398493
2460    71.55093669255115
2500    71.64181672711058
2540    71.72787548147284
2580    71.8114466549098
2620    71.89317714404251
2660    71.97286007168066
2700    72.05033095462558
2740    72.12515158144825
2780    72.19634533250735
2820    72.26238282175862
2860    72.32118775268768
2900    72.370303782268
2940    72.40701931996131
2980    72.42849007318921
3020    72.43214199242405
3060    72.41607531835731
3100    72.3787946344844
3150    72.30081563515301
3200    72.18858328663923
3250    72.04456784067426
3300    71.87347560294725
3350    71.68292148500424
3400    71.48132558104837
3450    71.27659026152168
3500    71.07585602893464
3550    70.88497417631075
3600    70.70860098586923
3650    70.55005288240807
3700    70.41128129176516
3750    70.29289971702737
3800    70.1958485892211
3860    70.11116806245725
3920    70.064980091329
3980    70.05788746646618
4040    70.086271710336
4100    70.1443539730579
4160    70.22790884895036
4220    70.33552492441251
4280    70.46798258599952
4340    70.62779555614009
4400    70.81856235389114
4460    71.04453325877557
4520    71.31049692600462
4590    71.677476963399
4660    72.10829288696098
4730    72.59643912027269
4800    73.12111736796511
4870    73.64460813149425
4940    74.11291758334622
5010    74.46702241413634
5080    74.66440391171881
5150    74.6924829389352
5220    74.56166380060381
5300    74.24817567630797
5380    73.81380742804294
5460    73.32258487594206
5540    72.82846701529084
5620    72.36823286988691
5700    71.96328490956552
5780    71.62404444863992
5860    71.35495376265376
5950    71.13763897781755
6040    71.00512263267579
6130    70.9485739570087
6220    70.96234529179475
6310    71.03940361576919
6400    71.16757744346435
6490    71.33021778880686
6580    71.50500799373029
6680    71.67280557270462
6780    71.75951291045692
6880    71.7223863470968
6980    71.54852423656243
7080    71.26489555496997
7180    70.92259588025078
7280    70.56046750307164
7390    70.15235280847367
7500    69.74828135057437
7610    69.38684650320133
7720    69.08317101726685
7830    68.79806291403554
7940    68.48874804481699
8060    68.12304858491828
8180    67.75217804153975
8300    67.38923793321345
8420    67.0447806955887
8540    66.73462681641479
8660    66.47530760676682
8790    66.26644380388242
8920    66.14320509679986
9050    66.11420750996325
9180    66.18284797956312
9310    66.34887154549484
9450    66.63912800188378
9590    67.04932013935783
9730    67.58266872992638
9870    68.23567617233726
10010    68.98946302675238
10160    69.86148358063062
10310    70.7281631929693
10460    71.5171050903727
10610    72.17178488527705
10760    72.66697074593847
10920    73.03805523676141
11080    73.28791832361154
11240    73.43766088514263
11400    73.49619734843772
11570    73.46286131211912
11740    73.31029714477994
11910    73.0151890554261
12080    72.58803192559732
12260    72.00922394831971
12440    71.24762841329695
12620    70.26863943376225
12800    69.23093847177623
12990    68.41216367733429
13180    67.98951952743363
13370    67.66662574936626
13560    67.21553562614497
13760    66.58192184472027
13960    65.80613805339632
14160    64.98841064616335
14370    64.22201188654738
14580    63.52165949376726
14790    62.83339286730049
15010    62.48970944826574
15230    62.71443436038619
15450    62.882485055266855
15670    62.33446997240323
15900    60.89570193938875
16130    58.8910195639767
16360    56.886186070458706
16600    55.28261838252611
16840    54.096679801889906
17080    53.22906490497826
17330    52.64875988400776
17580    52.523842268465216
17840    52.89208235978089
18100    53.52625721792845
18360    54.30973730567301
18630    55.15779877858755
18900    55.595539707873655
19170    55.01902541741123
19450    53.165193856568905
19730    50.75754567644228
20000    49.2671120729117
