20.481966345644842    -10.487106693363845
20.952556333533558    -10.082469250572082
21.385324710493293    -9.657429919908466
21.777506092277402    -9.249392162471398
22.1768796134515    -8.824352831807783
22.583577169284982    -8.40781428775744
22.997733073849407    -7.991275743707096
23.419484104376362    -7.583237986270024
23.848969546428993    -7.192201802059497
24.286331239901713    -6.818167191075517
24.787957675630583    -6.440732265446226
25.357481348578204    -6.025893878718538
25.999082395611246    -5.645058638443938
26.656917385514834    -5.216618993135011
27.331397073387247    -4.828983123569795
28.08667146182703    -4.494618850114417
28.86281706297143    -4.199924914187644
29.66041063081402    -3.9732372711670507
30.480044857337827    -3.6898777173913047
31.322328812945    -3.412185354691079
32.18788839905712    -3.213833667048057
33.07736681322269    -3.05515231693364
33.99142502707745    -2.919139731121284
34.93074227751249    -2.8057959096109855
35.896016571415494    -2.709453661327231
36.88796520435964    -2.6301129862700243
37.9073252936263    -2.573441075514875
38.954854325957015    -2.516769164759726
40.03133072044202    -2.516769164759726
41.13755440696378    -2.516769164759726
42.27434742062504    -2.516769164759726
43.442554512603245    -2.5224363558352394
44.6430437778855    -2.596109839816936
45.8767073003501    -2.6471145594965684
47.144461815674205    -2.7377896167048057
48.44724939256052    -2.828464673913043
49.786038132788704    -2.9418084954233414
51.16182289061197    -3.0608195080091534
52.57562601203369    -3.174163329519452
54.02849809451289    -3.3101759153318113
55.52151876766342    -3.4178525457665927
57.05579749552717    -3.4971932208237995
58.632474401016864    -3.548197940503435
60.25272111314189    -3.589757341723878
61.91774163764601    -3.650207379862703
63.62877325170429    -3.6728761441647606
65.38708742334424    -3.6388729977116725
67.1939907562738    -3.604869851258581
69.05082596081914    -3.5765338958810062
70.95897285169292    -3.525529176201374
72.91984937333483    -3.502860411899313
74.93491265358671    -3.468857265446225
77.00566008648451    -3.468857265446225
79.13363044497206    -3.468857265446225
81.32040502436382    -3.4915260297482824
83.56760881740583    -3.5368635583524046
85.87691172180794    -3.6388729977116725
88.25002978114567    -3.7578840102974844
90.68872646005232    -3.922232551487415
93.19481395464997    -4.097915474828376
95.7701545391931    -4.301934353546912
98.41666194992494    -4.545623569794049
101.13630280717526    -4.766644021739129
103.93109807675646    -4.981997282608695
106.8031245717442    -5.203017734553775
109.75451649575704    -5.418370995423341
112.78746702888402    -5.611055491990847
115.9042299574377    -5.815074370709382
119.10712134874265    -5.98509010297483
122.39852127220598    -6.109768306636155
125.78087556794794    -6.313787185354691
129.2566976643056    -6.5291404462242575
132.82857044556232    -6.699156178489702
136.4991481712904    -6.891840675057207
140.27115844873092    -7.04485483409611
144.14740425967997    -7.328214387871853
148.13076604338556    -7.549234839816933
152.22420383700182    -7.809925629290618
156.43075947519384    -8.01961169908467
160.75355885052622    -8.115953947368421
165.19581423631374    -8.16129147597254
169.76082667366308    -8.189627431350118
174.45198842447692    -8.189627431350118
179.27278549224548    -8.155624284897026
184.22680021249533    -8.070616418764303
189.31771391482474    -7.985608552631582
194.5493096585001    -7.855263157894736
199.92547504364913    -7.702248998855836
205.4502051001363    -7.56623641304348
211.12760525627104    -7.430223827231121
216.9618943895534    -7.316880005720822
222.95740796172154    -7.186534610983983
229.11860124043508    -7.04485483409611
235.45005260998647    -6.874839101830663
241.95646697349807    -6.693488987414188
248.64267924913742    -6.5064716819222
255.51365796294712    -6.279784038901603
262.57450894095615    -6.002091676201374
269.83047910332135    -5.679061784897026
277.28696036331576    -5.356031893592679
284.9494936340593    -5.089673913043477
292.8237729459735    -4.811981550343251
300.9156496780177    -4.538067315026694
309.23113690584864    -4.171588958810069
317.7764138701394    -3.899563787185354
326.5578305683754    -3.644540188787186
335.5819124735375    -3.423519736842106
344.8553653831837    -3.1968320938215093
354.38508040252964    -2.9588100686498855
364.1781390652289    -2.743456807780319
374.24181859566335    -2.53377073798627
384.58359731665155    -2.3467534324942783
395.2111602065903    -2.1994064645308917
406.1324046101648    -2.0463923054919917
417.35544610686907    -1.9217141018306627
428.88862454169237    -1.7913687070938202
440.7405102224617    -1.6836920766590389
452.91991028844126    -1.581682637299771
465.43587525491495    -1.4796731979405031
478.2977057386326    -1.3606621853546912
491.5149593690979    -1.190646453089247
505.0974578908423    -1.043299485125857
519.0552944619718    -0.8506149885583518
533.3988411543925    -0.6862664473684212
548.1387566612962    -0.5105835240274601
563.285994217645    -0.36323655606407357
578.8518097395197    -0.2555599256292922
594.8477701883899    -0.16488486842105488
611.2857621665339    -0.028872282608698896
628.17800074997    0.03346681922196737
645.5370385654836    0.06746996567505548
663.3757751184907    0.09013872997711303
681.7074663786586    0.13547625858123524
700.5457346304232    0.17892472349351252
719.9045785957137    0.22615131578947256
739.7983838364021    0.2884904176201353
760.2419334442202    0.3678310926773456
781.2504190260811    0.4188358123569813
802.8394519929615    0.47550772311212697
825.0250751607476    0.5548483981693373
847.8237746716579    0.6171874999999964
871.252492245095    0.7021953661327203
895.3286377670438    0.7645344679633865
920.070102227365    0.8268735697940492
945.4952710145891    0.9118814359267731
971.6230375781055    0.9742205377574358
998.4728174678926    1.0478940217391326
1026.0645627622125    1.1102331235697918
1054.4187768940078    1.189573798627002
1083.5565298870115    1.2972504290617834
1113.4994740128798    1.3935926773455378
1144.2698598810052    1.5069364988558362
1175.8905529729523    1.6146131292906176
1208.3850506337963    1.7166225686498855
1241.7774995330096    1.841300772311211
1276.0927136078626    1.999982122425628
1311.3561925026577    2.1303275171624705
1347.5941405175267    2.2663401029748265
1384.833486080857    2.3513479691075503
1423.1019017598    2.5100293192219674
1462.4278248237795    2.6800450514874115
1502.8404783762264    2.8953983123569778
1544.369893070265    3.161756292906176
1587.0469294245165    3.3752204900839047
1630.9033007555504    3.54712528604119
1675.971596744047    3.7794801201373005
1722.2853076522194    4.085508438215102
1769.8788492104177    4.385869565217391
1818.7875881914729    4.691897883295194
1864.8069859728619    5.072733123569792
1911.9907775437773    5.473970251716246
1960.368424673876    5.875207379862699
2005.4094982532642    6.262843249427917
2051.4854274667496    6.636877860411898
2098.6199889719114    7.038114988558352
2146.837505714551    7.4529533752860395
2196.162859480114    7.874592391304347
2246.621503733484    8.269028890160182
2298.239476753798    8.677066647597252
2351.0434150710244    9.119107551487414
2410.5300768571055    9.503343106407321
2477.1425381493505    9.905713672768877
2545.5957646915313    10.228743564073225
2615.940624093702    10.551773455377573
2688.2293896387678    10.852134582379863
2762.5157791267825    11.124159754004577
2838.854994792668    11.322511441647597
2917.3037643269936    11.498194364988557
2997.9203830303427    11.728660135392829
3080.7647571325783    11.996907179633867
3165.8984483091563    12.25759796910755
3253.384719427633    12.529623140732266
3343.288581558328    12.818649885583524
3435.6768422840455    13.13034539473684
3530.6181553448187    13.436373712814644
3628.183071654529    13.685730120137299
3728.4440917272905    13.804741132723112
3831.4757195526076    13.742402030892446
3937.3545179593216    13.555384725400456
4036.9784019932404    13.236888586956521
4120.360904970025    12.84415224542334
4195.923415945946    12.461616847826086
4263.176477625159    11.994073584096109
4313.832745332397    11.59453661327231
4380.98487206265    11.18649885583524
4436.063010969127    10.752958738558352
4473.5046468038745    10.39762585812357
4530.775039928118    9.93382294050343
4600.2591348858805    9.4183352402746
4640.491922946177    9.066969393592677
4700.611911180114    8.585258152173912
4762.953160507341    8.133016304347825
4810.797458751669    7.677374141876429
4885.6856845349275    7.242133867276888
4947.108967802174    6.77459060354691
4997.938323188557    6.398855835240273
5101.169147238865    5.865006435926773
5182.9316603466    5.397463172196796
5242.134587009967    5.03362950514874
5326.15652110226    4.589888443935926
5399.246386232753    4.181850686498855
5485.786538241871    3.7228082093821513
5586.389328887585    3.2467641590389
5727.737485405084    2.7877216819221964
5859.336955319243    2.4000858123569806
5993.960031068316    2.0147168192219667
6145.620638797529    1.710955377574372
6315.448396123201    1.6259475114416482
6489.969164757796    1.6826194221967938
6669.312631128872    1.9603117848970228
6831.850698361059    2.345680778032037
6947.6629216968995    2.7452177488558327
7043.004420563302    3.18555849542334
7123.454347655826    3.626465961098397
7188.475433431038    3.9863325943935912
7267.284626922349    4.501480263157893
7320.303510234604    4.909518020594966
7387.1213852724695    5.397463172196796
7483.634854194404    5.950014302059495
7577.473887671657    6.480463386727688
7660.547776052999    6.944606335812356
7744.532425861307    7.371345823798627
7822.326959349088    7.820187356979405
7922.469414868467    8.289430778032036
8053.110101389627    8.853883009153316
8182.186887753259    9.358829733981693
8351.18735161203    9.812771739130435
8562.491087779972    10.149402889016017
8799.106515907535    10.26841390160183
9042.260562324345    10.092730978260867
9250.013920410282    9.707361985125857
9398.274909721662    9.316325800915331
9505.62831831459    8.865784110411898
9647.0231021869    8.372738486842104
9701.964043360018    8.03554061784897
9790.52111208876    7.650171624713957
9897.857233613917    7.126523169336384
9970.067607178518    6.652745995423341
10061.071857284285    6.247541833524027
10152.90677111908    5.762996996567505
10245.579930770908    5.210445866704804
10339.098987535084    4.6153908037757425
10452.44931615205    4.032236842105263
10480.980539002037    3.459283824370708
10576.648272853528    2.98323977402746
10673.18923753168    2.345680778032037
10760.82930432397    1.65881721967963
10844.261152566587    1.030892448512585
10918.414520556933    0.3819990703661311
10984.754200226957    -0.04587385583524295
11055.681817560553    -0.5190843106407321
11118.645237253164    -0.9866275743707114
11220.133412847845    -1.5476794908466829
11271.224358352016    -2.142734553775746
11363.7750321584    -2.652781750572082
11477.92518721938    -3.273339173340961
11582.692779134284    -3.8598934496567523
11688.416663073827    -4.420945366132724
11816.559925012703    -4.917391304347827
11929.837186087152    -5.373033466819223
12038.729716186142    -5.747068077803206
12121.050894385487    -6.1437714530892436
12231.688774748836    -6.588645952517162
12343.33652964185    -7.107193935926773
12456.003376943296    -7.583237986270024
12592.561898893104    -8.134088958810072
12684.431641746783    -8.546660469107554
12829.321739757956    -8.951864631006867
13020.155960692777    -9.461911827803206
13168.880927372145    -9.784941719107554
13456.154692392925    -10.217348398169342
13819.029565682647    -10.434644695979081
14099.880894247974    -9.987746199738474
14287.805999690598    -9.439809782608698
14497.041453044625    -8.956965102974827
14642.665554640042    -8.548927345537756
14836.861987233397    -8.110286756292908
15033.633924559226    -7.590038615560644
15177.751069123882    -7.158198655606409
15386.032552071549    -6.710490560640736
15811.209365941637    -6.59147954805492
16174.484878578465    -6.869171910755149
16433.73261056388    -7.251707308352405
16659.249696916428    -7.628575514874143
16836.789275413146    -8.059282036613272
16964.760492477    -8.4503182208238
17119.610526365443    -8.926362271167047
17275.87399211494    -9.512916547482838
17417.73025614894    -10.202840389016018
17552.774999111076    -10.847540045766593
17592.69294274944    -11.278246567505722
17672.80137669904    -11.68628432494279
17769.413145470106    -12.187264016018304
17813.869873037147    -12.938733552631582
17874.671984379595    -13.295766590389015
17915.32197555551    -13.794479405034323
17894.985437479503    -14.222352331235697
17956.064411604493    -14.689895594965677
17976.470362136144    -15.140437285469112
18051.490785403992    -15.698655606407328
18058.326328891188    -16.228537971967967
18133.68835811107    -16.809425057208237
18161.170639930067    -17.37614416475973
18140.555027286966    -17.81818506864989
18223.158154559307    -18.3962385583524
18285.357244314735    -18.770273169336384
18326.94120240244    -19.234982837528605
18326.94120240244    -19.620351830663616
