20.251399871850644    -2.927629317752192
20.454840815347684    -2.3533539554333522
20.735557888339887    -1.7376535916824203
20.893173106235356    -1.2638196711920742
21.096670040918866    -0.6600360886750316
21.30860237571692    -0.09484017872486561
21.503115073818144    0.37331908403505665
21.738875504673704    1.0151228733459376
21.947285325676116    1.5479732342326855
22.15769316416939    2.0161324969926113
22.400630397645426    2.515502377269865
22.605111526017303    2.88435512974738
22.863339805623905    3.37805035229421
23.082529825612873    3.7866257088846886
23.388679633093005    4.251947642779401
23.655858960961936    4.7626668385175
23.98050599911708    5.125844933264592
24.364896255788157    5.5656309073724
24.81174983840623    6.04230215672796
25.32426354337079    6.490032651658359
25.9061489701615    6.919036776078364
26.501404604118623    7.36846966832789
27.110337657678535    7.790664203471387
27.796336733698535    8.178810792232342
28.564511750753596    8.496591625136048
29.353915926977407    8.763300538465945
30.1651359479416    9.018660136334995
30.99877471276437    9.30239302285616
31.85545178218537    9.5066807011514
32.735803839023504    9.65989645987283
33.64048516136    9.807437560863836
34.570168108798164    9.89823208455061
35.52554362216132    9.977677292776535
36.507321737000446    10.000375923698229
37.516232111292915    10.023074554619923
38.55302456772461    10.000375923698229
39.61846965095862    9.989026608237383
40.713359200304346    9.943629346393996
41.838506938212795    9.892557426820186
42.99474907503567    9.790413587672566
44.18294493049722    9.65989645987283
45.403977572341006    9.495331385690553
46.65875447262645    9.347790284699546
47.94820818216239    9.171875895056425
49.27329702357937    8.94488958583949
50.63500580355538    8.740601907544251
52.034346544724826    8.559012860170705
53.47235923781415    8.343375866414618
54.9501126145634    8.110714899467261
56.46870494200831    7.906427221172022
58.02926483871282    7.736187489259322
59.63295211355899    7.554598441885776
61.28095862771743    7.355985421320959
62.974509180439256    7.191420347138683
64.71486241932745    7.043879246147677
66.5033117757642    6.902012802887093
68.34118642619006    6.77717033281778
70.2298522799483    6.635303889557198
72.17071299442942    6.493437446296614
74.16521101827009    6.311848398923068
76.21482866338171    6.130259351549521
78.32108920660515    5.982718250558515
80.48555802181113    5.784105229993699
82.70984374328667    5.54576960531592
84.99559946127285    5.335807269290257
87.34452395054242    5.080447671421206
89.75836293293008    4.830762731282581
92.23891037475347    4.581077791143953
94.7880098200903    4.314368877814058
97.40755576090089    4.059009279945007
100.09949504501547    3.807432787229576
102.86582832303291    3.5823380305894474
105.70861153520462    3.372375694563786
108.62995743941063    3.1624133585381244
111.63203718136258    2.935427049321188
114.7170819081997    2.6970914246434106
117.88738442667875    2.441731826774358
121.14530090718948    2.2374441484791205
124.4932526348609    1.9537112619579524
127.93372780906193    1.5962078249412812
131.46928339263286    1.284101649768001
135.10254701222047    0.9776701323251409
138.836218911132    0.7166358767256717
142.34932594409332    0.34097353497164207
145.951328519744    -0.026744285959786396
149.64447604791866    -0.4012716961677256
153.08291522159442    -0.79622787420519
156.95652018079795    -1.156001174314028
161.29414490890156    -1.3375902216875737
165.75164352475576    -1.4510833762960438
170.33232884352202    -1.6496963968608576
175.0396052327798    -1.768864209199748
179.87697114265495    -1.8312854442344033
184.84802170586826    -1.865333390616943
189.95645140964126    -1.865333390616943
195.2060568414397    -1.865333390616943
200.60073951059977    -1.8596587328865226
206.14450874793235    -1.865333390616943
211.84148468545823    -1.8823573638082145
217.69590131849407    -1.9277546256516018
223.71210965235736    -1.939103941112446
229.8945809360384    -1.9674772297645653
236.24790998523355    -1.9901758606862572
242.776818597213    -2.001525176147105
249.48615906006575    -1.978826545225413
256.38091775892104    -1.916405310190754
263.4662188818306    -1.8596587328865226
270.747328228071    -1.7404909205476322
278.22965712168667    -1.5986244772870464
285.91876643318665    -1.456758034026464
293.82037071239006    -1.326240906226726
301.94034243548    -1.1673504897748757
310.28471636943067    -0.9971107578621741
318.8596940570496    -0.8438949991407441
327.67164842596827    -0.7247271868018572
336.72712852500325    -0.6282580053846587
346.03286439141334    -0.5885354012716952
355.5957720526676    -0.5261141662370399
365.4229586664385    -0.4920662198544967
375.52172780264567    -0.4580182734719571
385.8995848714741    -0.4523436157415368
396.5642427013962    -0.4069463538981495
407.52362727135113    -0.4012716961677256
418.785883601337    -0.4069463538981495
430.3593818057918    -0.4069463538981495
442.2527233142674    -0.4296449848198449
454.4747472640178    -0.43531964255026523
467.03453706924745    -0.4069463538981495
479.94142717191056    -0.3331758034026464
493.20500997907436    -0.24805593744629562
506.8351429919979    -0.19698401787248798
520.8419561322331    -0.16293607148994838
535.2358592701896    -0.16293607148994838
550.0275499617513    -0.1742853869507961
565.2280213987079    -0.19698401787248798
580.8485705789016    -0.19698401787248798
596.9008067021575    -0.2537305951767195
613.3966597982496    -0.3218264879417987
630.3483895933056    -0.367223749785186
647.7685946212379    -0.4239703270894175
665.6702215869824    -0.43531964255026523
684.0665749884976    -0.4409943002806891
702.9713270046699    -0.44666895801111295
722.3985276564864    -0.43531964255026523
742.3626152490187    -0.3842477229764576
762.8784271019746    -0.31615183021137483
783.9612105768031    -0.24805593744629562
805.6266344085434    -0.16293607148994838
827.8908003508323    -0.08349086326401789
850.7702551427369    -0.015394970498938676
874.2820028063027    0.06972489545741212
898.4435172839449    0.13971234079930284
923.2727554250946    0.25698860056138173
948.7881703317404    0.3023858624047655
975.0087250727772    0.398855043821964
1001.9539067773716    0.48397490977831126
1029.6437411178083    0.5747694334650859
1058.0988071925738    0.6428653262301651
1087.3402528207555    0.7563584808386317
1117.3898102591147    0.8414783467949825
1148.2698123535042    0.9776701323251409
1180.003209136652    1.1138619178553029
1212.613584884643    1.2330297301941897
1246.125175644755    1.3862454889156197
1280.5628872477062    1.5451359053674736
1315.952313817684    1.6926770063584797
1352.319756793903    1.8799407114624493
1389.6922444778513    2.0161324969926113
1428.0975521207422    2.220420175287849
1467.5642225660852    2.4644304576960536
1508.1215874627462    2.7084407401042547
1549.799789064248    2.986498968894999
1592.6298026304987    3.304279801798703
1636.6434594486238    3.5596393996677556
1681.873470490001    3.8717455748410394
1728.3534507210588    4.206550380936013
1776.1179440859416    4.541355187030991
1825.202449179592    4.946147438467852
1871.387310817861    5.3460216532050175
1914.3869029750442    5.71373947413645
1958.3745134408884    6.12231483072693
2003.372844295329    6.537699776593916
2049.4051192527922    6.939465543907888
2096.4950956480047    7.327612132668843
2139.8004842605956    7.736187489259322
2179.044546802113    8.144762845849803
2224.055084198219    8.546528613163774
2275.1580605852064    8.96872314830727
2322.153927245346    9.379000902216875
2370.120544694807    9.751825915105687
2424.579723826837    10.112734146760612
2485.931207946436    10.522444434897174
2554.631996340141    10.845899925531304
2625.231388488778    11.192054047087128
2697.7818538952874    11.50416022226041
2772.3373121012055    11.75951982012946
2848.9531727597014    11.941108867503008
2927.686376816069    12.105673941685284
3008.5954388262467    12.309961619980523
3091.7404904448726    12.548297244658304
3177.1833251151716    12.735560949762274
3264.98744399385    12.911475339405396
3355.218103145199    13.093064386778941
3447.9423620394437    13.263304118691643
3543.229133391351    13.371122615569686
3641.1492343762075    13.512989058830268
3741.775439261186    13.603783582517043
3845.1825334911987    13.598108924786619
3951.447369269483    13.526229926867922
4060.6489226742115    13.331400011456722
4172.86835235353    13.019293836283438
4268.749967153194    12.622067795153807
4337.174957668369    12.264564358137136
4396.697252178633    11.855989001546657
4457.036415636621    11.492810906799564
4507.951132178904    11.140982127513318
4559.4474702559555    10.709708140001144
4611.532073990191    10.25573552156728
4672.696065429035    9.731397147276164
4738.975620365594    9.23429713009108
4782.234719104219    8.893817666265681
4822.235700565647    8.455734089477
4869.941175750616    8.042619006702182
4948.002828769478    7.531899810964083
5002.252795566409    7.089276507991064
5084.745025908369    6.589906627713811
5154.526783364713    6.204029902045024
5225.266208048982    5.806803860915391
5296.976442744523    5.366450421034541
5381.883163832151    4.915882597238928
5455.742770102147    4.552704502491837
5555.801402696714    4.127105172710088
5670.562529158498    3.7185298161196094
5814.050253458921    3.304279801798703
5974.72639562104    2.8730058142865325
6139.842957376144    2.515502377269865
6309.522653434076    2.3282386721658916
6483.891589828314    2.3906599072005505
6663.079357638058    2.623320874147904
6831.681694521642    2.99671335280976
6956.975125220247    3.4234476141375936
7052.450896049321    3.797975024345533
7165.496609521437    4.297344904622788
7263.834076574773    4.791040127169616
7346.812095718043    5.325592885375494
7430.738009814365    5.806803860915391
7515.622647090902    6.294256959958755
7618.7651555196335    6.867964856504553
7723.323165703103    7.418406656355616
7829.31610363016    7.929125852093716
7945.783908827024    8.417146416910121
8045.685803315957    8.837071088961448
8156.102764724283    9.23429713009108
8286.839223549774    9.617336526894656
8477.24914287806    10.041990080388
8711.525014094408    10.403276622558286
8952.275294981771    10.482721830784213
9199.678911267194    10.329506072062783
9432.467278291553    9.98335195050696
9627.305158861795    9.515192687747035
9781.623933503242    9.075406713639227
9915.86447169717    8.571497107177636
10029.137817877818    8.059642979893452
10189.897680915969    7.475153233659849
10259.581207850595    7.046716575012889
10376.780983739274    6.476413473105344
10495.319584984474    5.940158317580339
10567.09173696177    5.443625766168299
10663.55200632142    4.9391486939336655
10744.607846828194    4.342742166466174
10834.48107232556    3.9568654407973884
10859.122156402682    3.5369407687460637
10958.248185994351    2.995010955490635
11008.150008270528    2.4928037463481694
11091.825208693059    2.027481812453459
11176.136441433482    1.5054133012545101
11261.088541103627    0.9719954745947206
11312.369441980869    0.48397490977831126
11384.555261029536    -0.10164976800137637
11454.599227157549    -0.5885354012716952
11537.298865074854    -1.1162785702010645
11598.617259429137    -1.4908059804090037
11651.43520325607    -1.8823573638082145
11731.113441864267    -2.393076559546312
11827.446895853831    -3.1046786389413974
11946.262729370523    -3.6698745488915634
12055.31257481528    -4.2401776507991045
12165.35786704209    -4.725360886750302
12220.756642092934    -5.156634874262473
12276.40769285245    -5.6219568081571865
12332.312168137249    -6.109977372973592
12444.88601373044    -6.742701709915792
12529.990258826077    -7.295980838632065
12596.58460581592    -7.755628114796355
12701.948682840784    -8.164203471386834
12716.384631625386    -8.657898693933664
12847.048712639178    -9.21117782264994
12964.321261240526    -9.645289139027323
13082.664316458871    -10.156008334765424
13262.207499757573    -10.574798075270664
13597.793954109342    -11.120700148937388
13952.43350341943    -11.25689193446755
14133.206810618503    -10.627004926390562
14197.566803428032    -10.173032307956692
14327.16737397294    -9.679337085409863
14457.950985817677    -9.083498023715414
14556.821558269705    -8.640874720742396
14723.110628916655    -8.0336863435871
14911.610614281291    -7.292576043993812
15061.409252974254    -6.649069857363809
15198.895292619023    -6.064580111130205
15268.108232389439    -5.587908861774647
15407.481095743835    -5.0658403505757015
15690.055175045198    -4.561930744114111
16087.07580565087    -4.350833476542363
16531.65560225374    -4.651590336254799
16873.134946398735    -5.116912270149509
17052.96611625523    -5.565210230852951
17182.58920065214    -5.985134902904278
17339.43814488849    -6.512878071833647
17497.718863522834    -7.073817988485995
17657.444426314298    -7.67902023543564
17818.628022327543    -8.3259312167039
17899.770737265462    -8.908718565618376
17960.870171740487    -9.43248947413645
18008.536105957028    -9.898378873804205
18090.54362695497    -10.502162456321244
18186.69118291015    -11.092326860285272
18172.924594937198    -11.56899810964083
18269.509988963586    -12.011621412613852
18255.680710511726    -12.48829266196941
18311.060712868188    -12.86282007217735
18338.813682030926    -13.430285845219679
18436.280742778443    -14.02045024918371
18478.210756852954    -14.463073552156729
18422.32522562654    -14.8943475396689
18534.265821108565    -15.382368104485309
18520.23613322449    -15.893087300223407
18520.23613322449    -16.301662656813882
18562.3570887775    -16.710238013404364
18618.667417360644    -17.311751732829237
18604.57384088968    -17.799772297645646
18646.886607433134    -18.242395600618664
18689.29560677546    -18.73609082316549
