20    68.4499109996184
20.3    68.51748555357037
20.6    68.58372223273697
20.9    68.6482188852788
21.2    68.71059224193705
21.5    68.77060095911693
21.8    68.82821246106616
22.1    68.8836081898299
22.4    68.93712280177994
22.7    68.9891397389398
23    69.03997495926842
23.3    69.08979860045221
23.6    69.13860896369026
23.9    69.18626497779894
24.2    69.23256552204138
24.6    69.29190605460464
25    69.34836759506531
25.4    69.40207901406147
25.8    69.45336816576628
26.2    69.50257257756364
26.6    69.54988996115577
27    69.59534863056709
27.4    69.63887790191754
27.8    69.68041513034045
28.2    69.71996778547901
28.6    69.75762072180677
29    69.79349828600984
29.4    69.8277184298566
29.8    69.86037515121035
30.2    69.89155267587313
30.6    69.92134054431654
31    69.94983043839589
31.5    69.98374011954158
32    70.0158690620845
32.5    70.04630072881909
33    70.07510528465123
33.5    70.10236857312833
34    70.12819475362855
34.5    70.15268298167493
35    70.17590311490252
35.5    70.19788963929992
36    70.2186462475087
36.5    70.23816594493094
37    70.25646103037347
37.5    70.27358337420551
38    70.28961847564923
38.6    70.30755098829097
39.2    70.32416643301431
39.8    70.33953842309181
40.4    70.35370571136417
41    70.3666960058012
41.6    70.3785500032957
42.2    70.38932790843593
42.8    70.3990658474723
43.4    70.40773093422871
44    70.41522453890776
44.6    70.4214334948978
45.2    70.42627421548187
45.9    70.43015130558689
46.6    70.43218416307609
47.3    70.43259517709785
48    70.43175759413705
48.7    70.43008815389597
49.4    70.42792893903734
50.1    70.42550244449987
50.8    70.42293212908943
51.5    70.4202690321065
52.2    70.41750620355097
53    70.41414993425869
53.8    70.41042895500621
54.6    70.40614616257707
55.4    70.40112084907692
56.2    70.39519222866252
57    70.38820109281114
57.8    70.38004493255359
58.6    70.37073174022396
59.5    70.3589894050011
60.4    70.3460791267382
61.3    70.33215851281014
62.2    70.31733050376538
63.1    70.30165355801873
64    70.28515590632057
64.9    70.26784008655348
65.8    70.24968774656188
66.8    70.2285068835287
67.8    70.20623823485535
68.8    70.18287872785598
69.8    70.15847725084797
70.8    70.13315512718353
71.8    70.107036966887
72.8    70.08013598381856
73.9    70.04955057845838
75    70.01786478035345
76.1    69.9850731390399
77.2    69.95116227939653
78.3    69.91609227427134
79.4    69.87981918804434
80.6    69.83888091201828
81.8    69.79660165473953
83    69.75313513163408
84.2    69.7086623827343
85.4    69.6633909505477
86.6    69.6175536062357
87.9    69.56748963670644
89.2    69.51716012123072
90.5    69.4666508980281
91.8    69.41604286140853
93.1    69.36544489530715
94.5    69.31102586948519
95.9    69.2565529724564
97.3    69.20163732183045
98.7    69.14565203348377
100    69.09207116805887
102    69.00538303103693
104    68.9122627064962
106    68.81212212125124
108    68.70546436350841
110    68.59377862015822
112    68.47938668569907
114    68.36499649310481
116    68.2531831706253
118    68.1461542495643
120    68.04575672263704
122    67.95353342472744
124    67.87100210361562
126    67.79961550190836
128    67.74016652613147
130    67.69212108142065
132    67.65348781530608
134    67.62135960577055
136    67.5925967237608
138    67.56423073402317
140    67.53389752742726
142    67.500057776126
144    67.462155716952
146    67.42069816935327
148    67.37729976213419
150    67.33471608198602
152    67.29645665052183
154    67.26623708416722
156    67.24744204153453
158    67.2428745750409
160    67.2549878942648
162    67.28588108332482
164    67.33655402648807
166    67.40613603076484
168    67.49162739099873
170    67.58825084976581
173    67.74118029520389
176    67.88609461803816
179    68.00717135933951
182    68.09517071826966
185    68.14760297532669
188    68.16686765231907
191    68.15785033601487
194    68.12609658909422
197    68.07663578793435
200    68.01369853842917
203    67.94073809719646
206    67.86043051042749
209    67.77474354428912
212    67.6850913878315
215    67.59244611876588
218    67.49757121670902
221    67.4011581515683
224    67.30372940390961
227    67.20574008790172
230    67.10779419142975
233    67.01064594255377
236    66.91510007230588
239    66.82190843257561
243    66.70242140498209
247    66.58927277692165
251    66.48259328250398
255    66.38174904817843
259    66.28539873417145
263    66.1916489486191
267    66.09839880381588
271    66.00373009797998
275    65.90616543760353
279    65.80480221814513
283    65.69942403168503
287    65.59034253893782
291    65.47807065363293
295    65.36320753925352
299    65.24648462047912
303    65.12884849892343
307    65.01130770185372
312    64.86555287973701
317    64.72198656796138
322    64.58097225027936
327    64.44150064837781
332    64.30199235792267
337    64.16112047685816
342    64.01808055024233
347    63.873003684388685
352    63.727156469558324
357    63.5827749806996
362    63.442682364521126
367    63.30978556829719
372    63.18689634647819
377    63.076836952421466
383    62.96540744700128
389    62.879790702453455
395    62.821864655437196
401    62.791270736216546
407    62.78522048350532
413    62.79914364478256
419    62.827795330881685
425    62.866173564082686
431    62.910091887195804
437    62.95648402848956
443    63.0034124264091
449    63.04980737049335
456    63.10238587144729
463    63.152212031934376
470    63.19776554932683
477    63.237342944459584
484    63.26940501448667
491    63.292940000537385
498    63.30772392554283
505    63.31463042162824
512    63.31573882124724
519    63.3137698538562
527    63.311128375379
535    63.31099916548252
543    63.31500392760665
551    63.32302893090733
559    63.333340805254274
567    63.3433367573697
575    63.35064944208869
583    63.35373018430185
592    63.351528075847995
601    63.34416452576457
610    63.333866749287
619    63.32363084979903
628    63.31626903237269
637    63.31347012428941
646    63.31522215441966
655    63.319683743533325
665    63.323894178673456
675    63.32256232157083
685    63.3125296015388
695    63.295450224782485
705    63.27936235217196
715    63.27445916370014
725    63.287233230249
736    63.32456492596744
747    63.38092112217572
758    63.43985514682609
769    63.48506655842988
780    63.512419817036886
791    63.530424048978254
803    63.55638084996577
815    63.604397869783995
827    63.678409293931935
839    63.76818408346484
851    63.858508091492126
863    63.94026182396924
876    64.01908809207531
889    64.0940541446289
902    64.1723406621185
915    64.25918610441492
928    64.35735524022012
942    64.47680996247558
956    64.61050808082945
970    64.75800070797855
984    64.91872896344799
998    65.09209144417756
1010    65.25028559840848
1020    65.38854474392002
1030    65.53230332271818
1050    65.83434017572684
1070    66.15131976857305
1090    66.47655871474595
1110    66.8015956167502
1130    67.11656463933741
1150    67.41136518087495
1170    67.67705331974139
1190    67.9073007682922
1210    68.09961810002872
1230    68.25588450833385
1250    68.38137917752019
1270    68.482966490242
1290    68.5676163861132
1310    68.64126071094051
1330    68.708318493576
1350    68.77188203484467
1370    68.83398673530374
1390    68.89593387566076
1410    68.95853655729954
1430    69.02238434348477
1450    69.08802283847038
1470    69.15591945660307
1490    69.22632845758119
1510    69.29925603421684
1530    69.37459292512389
1550    69.45221547646295
1570    69.53195825035647
1590    69.61361870166891
1610    69.6969907486096
1630    69.78176649972534
1650    69.86771051591002
1670    69.95466028891953
1690    70.04243603158369
1710    70.13084617907737
1730    70.21972719558147
1760    70.35351517119787
1790    70.4872429393726
1820    70.62017578308824
1850    70.75151332777641
1880    70.88053805755266
1910    71.00659545561419
1940    71.1290330467768
1970    71.24735228871782
2000    71.36095784000702
2030    71.4691619415593
2060    71.57139380820192
2090    71.66689638452331
2120    71.75515042027942
2150    71.83586275498055
2180    71.90877892319678
2210    71.97362521831104
2240    72.03022194447601
2270    72.07854848750206
2300    72.11874881616096
2330    72.15109057862448
2360    72.17593703322802
2390    72.19364838823111
2420    72.20455548683933
2460    72.20921367459768
2500    72.20364819665912
2540    72.18935916495067
2580    72.16797144015254
2620    72.14083199223182
2660    72.10908067913675
2700    72.0739306138396
2740    72.03666323847384
2780    71.9985721970698
2820    71.96078461931778
2860    71.92431947699794
2900    71.8899994705238
2940    71.85875234451544
2980    71.83143613742939
3020    71.80871011640875
3060    71.79127028627346
3100    71.7798617040809
3150    71.77492123009034
3200    71.78095759819286
3250    71.79880943381195
3300    71.82929426390567
3350    71.87310108987319
3400    71.93079061724617
3450    72.0029221678204
3500    72.09035235436369
3550    72.1939265595369
3600    72.31369899153117
3650    72.449393378678
3700    72.60077371179392
3750    72.7675316215632
3800    72.94929278620515
3860    73.18620317575338
3920    73.44118727084503
3980    73.71042750283073
4040    73.9859018034825
4100    74.24775180589431
4160    74.46272260430072
4220    74.6212859617203
4280    74.7811824252381
4340    74.98979888391385
4400    75.20404642496302
4460    75.34920756730918
4520    75.3958617162539
4590    75.3467243923788
4660    75.23544128142075
4730    75.11868505739636
4800    75.0391842287388
4870    74.99894201169792
4940    74.95527392896685
5010    74.8547154317848
5080    74.67106093720923
5150    74.41381644918167
5220    74.1112976137112
5300    73.74490399439111
5380    73.38180102833057
5460    73.03761034926191
5540    72.72431179554684
5620    72.4524394859758
5700    72.22996002768363
5780    72.06138422158475
5860    71.94852814427674
5950    71.88879791640323
6040    71.89897159017676
6130    71.97873688139879
6220    72.12823512890056
6310    72.34617756623729
6400    72.6300676892401
6490    72.97601863329228
6580    73.3777960942134
6680    73.87697758603606
6780    74.40843867183776
6880    74.93387789673821
6980    75.39129081333844
7080    75.70640573679003
7180    75.84422002367342
7280    75.82760503160549
7390    75.66027454907939
7500    75.34552216742043
7610    74.92007915933749
7720    74.44637451395384
7830    73.97719132986165
7940    73.54113330866696
8060    73.10754787245344
8180    72.69393997821221
8300    72.25572893992147
8420    71.7430851554825
8540    71.1177323951879
8660    70.3660808455754
8790    69.42575496320347
8920    68.39736323209492
9050    67.3358046390565
9180    66.29356400396156
9310    65.31317487296242
9450    64.36201671184945
9590    63.54159593466859
9730    62.86378275266968
9870    62.332509125460994
10010    61.94477050529923
10160    61.67890395101941
10310    61.55030205959795
10460    61.53533971147419
10610    61.607739301097304
10760    61.77226574814653
10920    62.16154031175448
11080    62.7920864820745
11240    63.248938016572474
11400    63.20361423396692
11570    62.81313461816684
11740    62.34128259345941
11910    61.89448983787425
12080    61.529805859457056
12260    61.29544490214229
12440    61.264072953127005
12620    61.39680025740584
12800    61.53123076445014
12990    61.299098294259096
13180    60.38372770154234
13370    59.005513614674314
13560    57.56789227881357
13760    56.25018935216366
13960    55.269366305059364
14160    54.58803975010438
14370    53.96639640665431
14580    53.14324645419994
14790    51.91365267473432
15010    50.18608825479153
15230    48.36428076576945
15450    47.017018607087785
15670    46.42226023388727
15900    46.5538248556462
16130    46.95440078261613
16360    47.472811249658115
16600    49.424493070886065
16840    52.49562034764996
17080    54.57548510610174
17330    55.72232681079502
17580    57.03460217490587
17840    59.044570797246806
18100    61.400173212540125
18360    63.17205864006128
18630    63.34286845847592
18900    61.5019174140063
19170    58.169770657747634
19450    54.20026951371726
19730    50.9595590864097
20000    49.43265363218052
