20    69.06007026233178
20.3    69.07829099552745
20.6    69.09600350480969
20.9    69.1127774201106
21.2    69.12802691530689
21.5    69.1412082170292
21.8    69.15204197214135
22.1    69.16066251546823
22.4    69.16760663256292
22.7    69.17364142719875
23    69.17950241299654
23.3    69.18565774722472
23.6    69.19219181465343
23.9    69.19884705255839
24.2    69.20518716010486
24.6    69.21246393661902
25    69.21794432773328
25.4    69.22163432189801
25.8    69.22379214673451
26.2    69.22457386509235
26.6    69.22390399860247
27    69.22161706517491
27.4    69.21769783704985
27.8    69.21238943208652
28.2    69.20609057377222
28.6    69.1991449693697
29    69.19169468550788
29.4    69.1836772574849
29.8    69.17493694665478
30.2    69.16535254270445
30.6    69.1549014337294
31    69.14365379245771
31.5    69.12865355137765
32    69.11281591655252
32.5    69.09630772645517
33    69.07924727622034
33.5    69.06172503034446
34    69.04380382552633
34.5    69.02549383605435
35    69.00674257170465
35.5    68.98746765445043
36    68.96761439131292
36.5    68.94718381905935
37    68.9262128678135
37.5    68.90473716299128
38    68.88277724511903
38.6    68.85581011540154
39.2    68.82821476614542
39.8    68.80005552649469
40.4    68.77141063328051
41    68.74237240331007
41.6    68.7130272903124
42.2    68.68342237366471
42.8    68.65355839632747
43.4    68.62341949254369
44    68.59300070103532
44.6    68.56231660957795
45.2    68.53140165276437
45.9    68.49509520136452
46.6    68.45855440636707
47.3    68.42173064675146
48    68.38453232154976
48.7    68.34689376830084
49.4    68.30881240319556
50.1    68.27032785963101
50.8    68.23148717707404
51.5    68.19234367875168
52.2    68.15297540573113
53    68.1078540400847
53.8    68.06279869493599
54.6    68.01804311027425
55.4    67.97382386561607
56.2    67.93034016195398
57    67.8876618030711
57.8    67.84564946216403
58.6    67.80398945159848
59.5    67.75706954052619
60.4    67.70960706003319
61.3    67.6612333204425
62.2    67.61178157228818
63.1    67.5612541213305
64    67.5097440182208
64.9    67.45737203234795
65.8    67.40425803228686
66.8    67.3445165465241
67.8    67.28416793478505
68.8    67.2233546863095
69.8    67.1621816682333
70.8    67.10072916102453
71.8    67.03908865656398
72.8    66.97736907995164
73.9    66.90951372038066
75    66.84182395065284
76.1    66.77443032410187
77.2    66.70749818916262
78.3    66.64126302973398
79.4    66.57601433880222
80.6    66.50628509203159
81.8    66.43830541169953
83    66.37212547414121
84.2    66.30755421400869
85.4    66.24415283091363
86.6    66.18129957941775
87.9    66.11304601405979
89.2    66.04389965007266
90.5    65.97335574304522
91.8    65.90120702223794
93.1    65.827524932037
94.5    65.7468012785335
95.9    65.66521702234357
97.3    65.58346745013921
98.7    65.5022705215253
100    65.42793181116828
102    65.31643198653225
104    65.20898181288027
106    65.10531616720141
108    65.00404993672971
110    64.90286416141456
112    64.79919471206122
114    64.69107455589419
116    64.57790501236927
118    64.46090242510188
120    64.34299551871283
122    64.22840280750198
124    64.12198897233253
126    64.02854410748769
128    63.95230984881622
130    63.896643654803114
132    63.86382417588507
134    63.85482122949078
136    63.86903246343792
138    63.90415071848798
140    63.956253009794494
142    64.0201841122567
144    64.09030022366711
146    64.1614262809838
148    64.22962240051824
150    64.2925371660771
152    64.34928036719734
154    64.39995436979092
156    64.44507313002163
158    64.4850370846859
160    64.51976819983679
162    64.54856831851316
164    64.57020879536641
166    64.58322323543257
168    64.58628877082458
170    64.57856654996614
173    64.54659399366273
176    64.4919809453622
179    64.41845960537847
182    64.33072273994617
185    64.2334819051506
188    64.13082821122535
191    64.02589463950804
194    63.92083841714229
197    63.8170135645431
200    63.71516615981268
203    63.61562909029281
206    63.51853170840917
209    63.4239626841258
212    63.33204237121714
215    63.24292514253453
218    63.15678312547483
221    63.07377962251003
224    62.99406301170318
227    62.91779899353037
230    62.84519041575527
233    62.77643955122428
236    62.71166812040961
239    62.65090254985098
243    62.57602139335785
247    62.50782977455292
251    62.44560929198757
255    62.388116753363775
259    62.33360322179694
263    62.28007686860191
267    62.22563839843288
271    62.16875114980251
275    62.108396988996695
279    62.044192440242014
283    61.976385626028915
287    61.90569337892637
291    61.833055160853775
295    61.75941376727745
299    61.68562644349932
303    61.61240729602126
307    61.540240658738796
312    61.451903985585204
317    61.3658233056172
322    61.281981784900566
327    61.20016673184931
332    61.120003534613794
337    61.041045662676105
342    60.96283914647789
347    60.88500433586559
352    60.80731168121365
357    60.729694047211154
362    60.65228729504605
367    60.57554294311633
372    60.500368429464906
377    60.42814711480801
383    60.34784533880067
389    60.27772593654721
395    60.221451681065744
401    60.18263550324876
407    60.16444439286701
413    60.16911807979582
419    60.197562173878836
425    60.24915500666704
431    60.32169656248064
437    60.41152789273556
443    60.513942318489526
449    60.623872024373426
456    60.755324053273846
463    60.88414701225685
470    61.00507954210511
477    61.113983907979744
484    61.20804277990145
491    61.28602280532998
498    61.348406412725126
505    61.39717136337188
512    61.435207433022306
519    61.465662784747195
527    61.494901859037704
535    61.52161736269544
543    61.548412811814444
551    61.57667290912903
559    61.60657278623899
567    61.63743270212339
575    61.66818912960209
583    61.69787155652077
592    61.72928993794554
601    61.75861244483373
610    61.786718001000935
619    61.81534785799307
628    61.84659010822421
637    61.882018139518024
646    61.92207305617023
655    61.96598032900059
665    62.01731241617345
675    62.068917732349476
685    62.118881440181966
695    62.166264089715895
705    62.21100466822889
715    62.253619064291144
725    62.29497600495916
736    62.340142165173006
747    62.38589777286951
758    62.43279128225954
769    62.48110053557241
780    62.53085200686379
791    62.58192923411268
803    62.63893222493023
815    62.696996136192894
827    62.75594321408819
839    62.81571559957204
851    62.87644666173763
863    62.938348487043356
876    63.006894907202835
889    63.07699998936329
902    63.14869119470328
915    63.222003494526334
928    63.296794222397544
942    63.37880445780064
956    63.46242280884556
970    63.54768764364408
984    63.634225459329464
998    63.72149902330466
1010    63.79658566068859
1020    63.85920042897021
1030    63.921727904315595
1050    64.0465308552302
1070    64.17263151638798
1090    64.30451996360924
1110    64.44789526070676
1130    64.60259797292211
1150    64.74992246160106
1170    64.84120553371301
1190    64.80340573903318
1210    64.58271218244033
1230    64.21535179106681
1250    63.836721962921345
1270    63.58244093140991
1290    63.49247537513383
1310    63.52245378111441
1330    63.60989880021377
1350    63.71533854491887
1370    63.82639839705839
1390    63.94593436263425
1410    64.08068517421253
1430    64.23553988750507
1450    64.41257829737253
1470    64.61231130354605
1490    64.83489724818499
1510    65.08072961852709
1530    65.35051363586084
1550    65.64486190134721
1570    65.96365207887294
1590    66.30586521388007
1610    66.66998516348804
1630    67.05368465815383
1650    67.45386569655628
1670    67.86703163789849
1690    68.28952733590677
1710    68.71757576516804
1730    69.14721067280607
1760    69.78561655780538
1790    70.40507575686541
1820    70.99439567033512
1850    71.54368662317673
1880    72.04413778746476
1910    72.48853423771169
1940    72.87184556617972
1970    73.19186382339396
2000    73.44909964690267
2030    73.64699871813443
2060    73.79099303547682
2090    73.88668273681196
2120    73.93966503918496
2150    73.95576021339522
2180    73.94112675895549
2210    73.9016247345387
2240    73.84238229957182
2270    73.76775367397121
2300    73.68164323889584
2330    73.58775429775503
2360    73.48912141638428
2390    73.38806984380466
2420    73.28672235193956
2460    73.15438953983113
2500    73.02792349517769
2540    72.90935042079744
2580    72.8016986610373
2620    72.70807691977112
2660    72.63044136564835
2700    72.56968852990104
2740    72.52577681182277
2780    72.49862373705605
2820    72.48891541271743
2860    72.49730232565844
2900    72.52321406160225
2940    72.56582622319976
2980    72.62452875550677
3020    72.69815339589022
3060    72.7847463756702
3100    72.8821213356654
3150    73.01554472708557
3200    73.1572449939309
3250    73.30132104700212
3300    73.43881533091744
3350    73.55795373276945
3400    73.64620204810527
3450    73.69154927222336
3500    73.68275497856347
3550    73.6104272307141
3600    73.46792559444279
3650    73.25194078756152
3700    72.96267287705945
3750    72.603913154212
3800    72.18263812578101
3860    71.60864706857748
3920    70.98014497128591
3980    70.31782119417564
4040    69.6408114265555
4100    68.96701941841712
4160    68.31063771629064
4220    67.67935996904185
4280    67.07481139312787
4340    66.49635546582601
4400    65.94445178113304
4460    65.42131518260717
4520    64.92936819669356
4590    64.39651015103556
4660    63.907902102392484
4730    63.462856982186075
4800    63.060161876386644
4870    62.69794685730715
4940    62.37503362128675
5010    62.09088200706566
5080    61.844238887967286
5150    61.633710941505
5220    61.45886483319947
5300    61.3026434611737
5380    61.19139065514068
5460    61.12519769216668
5540    61.113600642146054
5620    61.177875975278475
5700    61.3253798027263
5780    61.52473026606001
5860    61.7398801507014
5950    62.013582592061184
6040    62.37160721039568
6130    62.82590276869666
6220    63.34263361294952
6310    63.910858390603586
6400    64.55354536766762
6490    65.29047603735769
6580    66.12938379087733
6680    67.18422629213353
6780    68.36349249228923
6880    69.64261071035611
6980    70.95502013541615
7080    72.17561176703245
7180    73.14180675657207
7280    73.7257138297185
7390    73.90541831871374
7500    73.7225286928423
7610    73.34934919334655
7720    72.92846766678971
7830    72.53734722224144
7940    72.17868814310896
8060    71.74882054020847
8180    71.14388246675736
8300    70.233440309658
8420    68.96653374081347
8540    67.40261213424279
8660    65.67409757066125
8790    63.77650343025054
8920    61.97981697869207
9050    60.35531197350522
9180    58.94749600662154
9310    57.795146676519664
9450    56.799623438359504
9590    55.92737569548645
9730    55.09417326378535
9870    54.227647847413344
10010    53.21420943967291
10160    52.10249648218996
10310    51.50229850354357
10460    51.706324634961405
10610    52.537571760632204
10760    53.752049912534495
10920    55.29873141762181
11080    56.94641547880597
11240    58.479862385143264
11400    59.601205157362386
11570    60.00912551595737
11740    59.53541019344121
11910    58.505878313795705
12080    57.36097460523411
12260    56.317491634533354
12440    55.560805938827386
12620    55.127550745478686
12800    55.027332597895956
12990    55.28003704138081
13180    55.912135179562206
13370    56.956091507293884
13560    58.47520033688547
13760    60.59811761975288
13960    62.962180796782704
14160    64.87315979317859
14370    65.74026906842653
14580    65.66682874002566
14790    65.3926813536606
15010    64.88062428931278
15230    63.276448543333146
15450    60.25017354279308
15670    56.32439877254505
15900    52.25931214085534
16130    49.23193764578793
16360    47.32452810508838
16600    45.76269113440587
16840    44.14532178702387
17080    43.07363119166824
17330    42.77440352991333
17580    42.24484758903244
17840    41.81192330461968
18100    42.668024069077774
18360    44.48741639421614
18630    46.03239438850376
18900    45.79926100235832
19170    44.0041301674082
19450    41.17127384383895
19730    37.75483877674925
20000    35.67552036692828
