20    69.84407132125665
20.3    69.87164008034321
20.6    69.89862523776617
20.9    69.92472180430332
21.2    69.94951114653733
21.5    69.9725674539115
21.8    69.99357050752755
22.1    70.0123592137565
22.4    70.02895147620704
22.7    70.04351923794519
23    70.05634560466578
23.3    70.06776537419066
23.6    70.07812328230872
23.9    70.0877328808307
24.2    70.09683439192105
24.6    70.10839497804884
25    70.11931497761623
25.4    70.12941943191004
25.8    70.13851405989556
26.2    70.14661998025665
26.6    70.15408763408475
27    70.16145800737408
27.4    70.16916022779515
27.8    70.17725120251336
28.2    70.1853777542085
28.6    70.19296115617186
29    70.1994783540258
29.4    70.2046764480161
29.8    70.20861090306845
30.2    70.21150290935125
30.6    70.21356934140641
31    70.21491166101305
31.5    70.21551822225067
32    70.21476317219637
32.5    70.21254182068552
33    70.20890902325598
33.5    70.20406383585211
34    70.19826172888506
34.5    70.1917219462917
35    70.18456457366551
35.5    70.17679413996319
36    70.16833494636833
36.5    70.15911505560675
37    70.14916590805035
37.5    70.13867605995803
38    70.1279186121086
38.6    70.1149058376887
39.2    70.10175764179431
39.8    70.0882055506456
40.4    70.07398730126323
41    70.0590054868491
41.6    70.04325131821001
42.2    70.02668476674975
42.8    70.00922710749072
43.4    69.99084163894608
44    69.97158904987506
44.6    69.95159474666838
45.2    69.930978608611
45.9    69.90621554147862
46.6    69.88060564143177
47.3    69.85384426008875
48    69.82558062305263
48.7    69.7958060617697
49.4    69.76500667245224
50.1    69.73396490375583
50.8    69.70344302898184
51.5    69.67385304992183
52.2    69.64501896572915
53    69.61247446162812
53.8    69.58025341228299
54.6    69.5482143833221
55.4    69.51535615245618
56.2    69.48073749006284
57    69.44445112961259
57.8    69.40722368295084
58.6    69.36950669298125
59.5    69.32626492378567
60.4    69.28160273402851
61.3    69.23543956364217
62.2    69.18799585405463
63.1    69.13892346900948
64    69.08787172484455
64.9    69.03538175212947
65.8    68.98248687684793
66.8    68.92441659108574
67.8    68.86792493977524
68.8    68.81309334796808
69.8    68.75943705359046
70.8    68.70633035341112
71.8    68.65319892823834
72.8    68.59954821276037
73.9    68.53952372164215
75    68.47835144603962
76.1    68.41652319152452
77.2    68.3551169149655
78.3    68.29532994158394
79.4    68.23806376113403
80.6    68.17896022237461
81.8    68.12330192509734
83    68.07050096000158
84.2    68.019416772417
85.4    67.96837329998397
86.6    67.91562094372554
87.9    67.85520766698795
89.2    67.79092521043906
90.5    67.723029401824
91.8    67.65211016590945
93.1    67.57876640525413
94.5    67.4977303938322
95.9    67.4150919278054
97.3    67.33108217563293
98.7    67.24588537287414
100    67.16601726569841
102    67.04371129409606
104    66.92714069028449
106    66.82315546426875
108    66.73826429204087
110    66.67693905975901
112    66.64193936712375
114    66.63429892256086
116    66.65195224221578
118    66.68986456241936
120    66.74251865934816
122    66.80627064180665
124    66.87902794477331
126    66.95945312468211
128    67.04563237127786
130    67.13406653675165
132    67.21957103777603
134    67.29613066349678
136    67.3578906893161
138    67.40001551191747
140    67.4196083161469
142    67.41604038144001
144    67.39066841852042
146    67.34626198826268
148    67.28648083179937
150    67.21512321393563
152    67.13555192015492
154    67.05052874011339
156    66.96225785661775
158    66.87245913741997
160    66.78244957779975
162    66.69322570709313
164    66.60552870315777
166    66.51990603570003
168    66.43677710483975
170    66.35643894572749
173    66.24141690294101
176    66.13288827900747
179    66.03057053750658
182    65.93409610564356
185    65.84307583693752
188    65.75723959036878
191    65.67641596873148
194    65.60039951305909
197    65.52871553944632
200    65.46052793561287
203    65.39470151518793
206    65.33020737493231
209    65.26653348764724
212    65.2036942808771
215    65.1419945916136
218    65.08186251156391
221    65.02364208967691
224    64.96740247801858
227    64.91285587275868
230    64.8593213089234
233    64.80587128801928
236    64.75157941565536
239    64.69576350037187
243    64.61829881406808
247    64.53703218845999
251    64.45223997059745
255    64.364714314652
259    64.2754557966689
263    64.1854225337697
267    64.09534589396264
271    64.00573510850398
275    63.91697027302051
279    63.82932176670941
283    63.74294385485034
287    63.6578517597231
291    63.57392256202537
295    63.490929935642725
299    63.40867056305326
303    63.3271526240352
307    63.246487594494525
312    63.14689843957149
317    63.04856826007052
322    62.95140675475382
327    62.85550022690116
332    62.76107032342048
337    62.66844395908373
342    62.577971477583475
347    62.48996325324863
352    62.40493088760181
357    62.32375819379791
362    62.24797471633994
367    62.17999972035075
372    62.12297360622631
377    62.08010665558855
383    62.0510810888937
389    62.04976710931647
395    62.07801460917739
401    62.135492513522735
407    62.218950718934465
413    62.3221394349379
419    62.436818706644786
425    62.554319894793814
431    62.66663459168702
437    62.767451974016765
443    62.852719863695086
449    62.920662635701646
456    62.97849314352147
463    63.01598624880532
470    63.03719558681287
477    63.04670527657122
484    63.049150693958396
491    63.04885502136521
498    63.049515134946176
505    63.05393806438377
512    63.06398735325401
519    63.08070881336437
527    63.10832649166205
535    63.14449086853992
543    63.188083957883705
551    63.23757619910245
559    63.29109245535811
567    63.34654996154286
575    63.40199379764172
583    63.45583271701812
592    63.51301772411423
601    63.565417356579296
610    63.61213219968609
619    63.65295445620292
628    63.688262246112274
637    63.71883661188444
646    63.74571310105054
655    63.769982864466655
665    63.79508792960051
675    63.819357646182524
685    63.84374975122502
695    63.868992202374685
705    63.895650163099944
715    63.924117715592864
725    63.95464198923631
736    63.990723444014264
747    64.02938818047957
758    64.07053432438667
769    64.11395804027073
780    64.15935918258302
791    64.20641996668557
803    64.25945687306313
815    64.31439274581376
827    64.37149881890986
839    64.43099176760245
851    64.49304679008586
863    64.55787218651045
876    64.63146804183393
889    64.70857492399735
902    64.78898878413582
915    64.87245699305421
928    64.95871736449885
942    65.05451459686068
956    65.15301065724404
970    65.25365730618799
984    65.3559627888971
998    65.45948735896458
1010    65.54881738759536
1020    65.62346630235032
1030    65.69818609691495
1050    65.84734777080763
1070    65.9952615981374
1090    66.1417946061612
1110    66.28656711179647
1130    66.42937899017912
1150    66.57049140596874
1170    66.7099827034474
1190    66.84818418981314
1210    66.98544397229617
1230    67.12174081996034
1250    67.25721604968521
1270    67.39230533020961
1290    67.52704794979678
1310    67.66122594426265
1330    67.79467825172101
1350    67.9273212471945
1370    68.05884439873122
1390    68.18886349253255
1410    68.3175120790394
1430    68.44522768354719
1450    68.57194405585591
1470    68.69694168022578
1490    68.81979444685722
1510    68.94149518500748
1530    69.06314448068304
1550    69.18487161533542
1570    69.30602709707006
1590    69.42581756430141
1610    69.54462198818726
1630    69.66322547756437
1650    69.78205298473699
1670    69.90113536339655
1690    70.01980137336196
1710    70.13724595116389
1730    70.253664942717
1760    70.42823318674832
1790    70.60367405162276
1820    70.77903516503534
1850    70.95100370978425
1880    71.11857724828768
1910    71.28394030051595
1940    71.44718786609452
1970    71.60752390906006
2000    71.7630765303133
2030    71.91118711570502
2060    72.05240623900248
2090    72.18767847149462
2120    72.31691796410905
2150    72.43969147294433
2180    72.55513398372196
2210    72.66067669689511
2240    72.7551443635591
2270    72.84078234825617
2300    72.91881614471139
2330    72.98897452275227
2360    73.05111953083373
2390    73.10600209185472
2420    73.15399587163121
2460    73.20535209842575
2500    73.24249148930323
2540    73.26989092821702
2580    73.28905743228236
2620    73.30022476410596
2660    73.30520023553677
2700    73.3061038884681
2740    73.30288056311366
2780    73.29348114800743
2820    73.27773834380531
2860    73.25698652271284
2900    73.2303087747653
2940    73.19538416849883
2980    73.15099217664951
3020    73.09689671796815
3060    73.03318537706292
3100    72.96033669467477
3150    72.85524004264099
3200    72.73271900089075
3250    72.60472837116225
3300    72.47830564698677
3350    72.35507628467838
3400    72.23618904587669
3450    72.12312592624704
3500    72.0187895842121
3550    71.92493398252698
3600    71.84332445399748
3650    71.77447562423123
3700    71.71440528128926
3750    71.66307863767878
3800    71.62539318462404
3860    71.59706792347271
3920    71.58430510701115
3980    71.58380070524672
4040    71.59367014042418
4100    71.61433462389124
4160    71.64717212764606
4220    71.69341318761562
4280    71.75371520788158
4340    71.82844532867742
4400    71.91530646348222
4460    72.011054586196
4520    72.11646394106003
4590    72.25453833472932
4660    72.4060052968347
4730    72.56773234892563
4800    72.7353037676787
4870    72.90134213507918
4940    73.05246941907333
5010    73.17835467731334
5080    73.2696410618212
5150    73.30843662216449
5220    73.28656751263313
5300    73.19985292451071
5380    73.08158670437365
5460    72.96135802361414
5540    72.84388165620071
5620    72.72604225572174
5700    72.62630857187438
5780    72.5558893476969
5860    72.51227397157028
5950    72.49066031201787
6040    72.49423839756881
6130    72.52059361224799
6220    72.5704481611626
6310    72.64570584229062
6400    72.74414878610273
6490    72.87083260362999
6580    73.02337158978065
6680    73.21529026571424
6780    73.42716894760932
6880    73.64799468556069
6980    73.85303024882754
7080    73.99649801488391
7180    74.02389836094017
7280    73.92735959651894
7390    73.73908426379869
7500    73.51381474735737
7610    73.22883186329591
7720    72.84599030391834
7830    72.38279717043636
7940    71.87486768760266
8060    71.31209465026186
8180    70.781164458125
8300    70.30799206882921
8420    69.91144685939359
8540    69.60606490422182
8660    69.39371006600715
8790    69.27318337540927
8920    69.28228308973013
9050    69.37914563345416
9180    69.47082242158022
9310    69.38869861709198
9450    69.00069979546461
9590    68.49385286394161
9730    68.26329206422872
9870    68.34710633396818
10010    68.39967375415526
10160    68.23375006138443
10310    67.87625361849824
10460    67.21058423614716
10610    66.03887560299185
10760    64.70845734947284
10920    64.0665571737483
11080    64.37382274960021
11240    65.1794069496941
11400    66.09003561181403
11570    66.9283433085651
11740    67.41438034226016
11910    67.21897829939394
12080    66.89984073257563
12260    66.78477268581076
12440    66.88408083557192
12620    67.60715533335102
12800    68.94501469883917
12990    70.71259653064718
13180    72.42429129331752
13370    73.61397400063882
13560    74.20979982368358
13760    74.31822665171316
13960    74.03035928301023
14160    73.36556979537255
14370    72.19316738264774
14580    70.1395249735604
14790    68.04956838922438
15010    67.14846246671698
15230    66.66576325448068
15450    66.06458152014454
15670    65.45374957284909
15900    64.79007789725847
16130    64.56738136973627
16360    65.03593135979447
16600    65.99558013344134
16840    67.00203312627241
17080    67.44433565591406
17330    66.65412099435365
17580    65.04677051202276
17840    63.361177998085786
18100    61.577694322720696
18360    59.956460780881585
18630    58.10565880739746
18900    56.40523682729476
19170    55.14084387698047
19450    53.98190684351496
19730    52.79458508057952
20000    52.67067669739983
