20.364249823853687    -0.4032107989778879
20.92714645606929    -0.30660268813868896
21.505602346362192    -0.20431174725012724
22.10004757460505    -0.10580935972781091
22.710924108685777    0.0173186246750916
23.33868613310904    0.09687824536619871
23.983800386680805    0.18212069610666504
24.646746509526942    0.17075503600793596
25.32801739970398    0.2048520163041232
26.028119579667006    0.23894899660031044
26.7475735728673    0.23894899660031044
27.486914290759596    0.23894899660031044
28.246691430506925    0.2048520163041232
29.027469883678403    0.15938937590920332
29.829830156244064    0.18212069610666504
30.654368800179032    0.4492137084268002
31.50169885699772    0.6765269104013854
32.37245031354801    0.8943687289603623
33.267270570404136    1.0118138833138914
34.186824923206814    1.0913735040049986
35.13179705730806    1.0913735040049986
36.102889556088776    1.0743250138569032
37.10082442332704    1.1141048242024532
38.12634362000527    1.1084219941530904
39.18020961595555    1.0743250138569032
40.263205956753225    1.062959353758174
41.376137846280145    1.0572765237088113
42.51983274539095    1.080007843906266
43.69514098712723    1.1141048242024532
44.90293640893695    1.1311533143505486
46.14411700236963    1.1766159547454649
47.52747446008193    1.275497197604409
48.952303680179675    1.2163957650910184
50.30541450523408    1.2732240655846674
51.69592722493358    1.2902725557327592
53.124875680481026    1.295955385782122
54.59332228991067    1.3186867059795802
56.1278596809795    1.3641493463744965
57.65310728796749    1.4266604769175082
59.246720615729174    1.4323433069668745
60.884383667051026    1.4683345639461862
62.567314038518106    1.5251628644398316
64.29676298280498    1.5289514178060735
66.07401633897784    1.4948544375098862
67.90039548851094    1.500537267559249
69.7772583377292    1.4872773307773954
71.70600032740654    1.511902927657978
73.68805547027111    1.500537267559249
75.7248974171886    1.4834887774111536
77.71202239065096    1.500537267559249
79.7875425052868    1.4937178715000101
82.66642671288035    1.616467000566285
84.83570691781826    1.6028282084478107
87.18068569821672    1.5573655680528908
89.59048300468517    1.5289514178060735
92.06689051284857    1.500537267559249
94.61174942277714    1.4550746271643291
97.22695182791193    1.3811978365225919
100.05074980243904    1.2936822537623769
102.67621844389188    1.1936644448935603
105.51433416485504    1.2050301049922894
108.43089941354386    1.1254704843011858
111.42808264572454    1.0686421838075404
114.50811225634395    1.0913735040049986
117.67327823633313    1.080007843906266
120.92593387520738    1.0061310532645287
124.26849751072865    0.877320238812267
127.70345432693044    0.64621848347144
131.23335820184397    0.36775981105257216
134.8608336062968    0.060886988386887
138.27403539360103    -0.2247699354278403
141.7736221314452    -0.6759866413473894
145.69244532037112    -1.0832561282185154
149.3797850873486    -1.5500059029396631
153.16044798118568    -1.920526422158229
157.39401912193335    -2.269073331852592
161.74461214946717    -2.4376639566504075
166.21546171404617    -2.4603952768478656
170.80989187623206    -2.3884127628892493
175.5313185783154    -2.2614962251201085
180.3832521840584    -2.1099540904703815
185.3693000886352    -1.9489405724050535
190.49316940071927    -1.7500415206772963
195.7586696987042    -1.499996998505253
201.1697158631121    -1.3295120970243133
206.73033098729306    -1.1703928556421062
213.41227575512633    -1.0169564443092654
219.3112925288903    -0.9146655034207001
225.37336645938964    -0.8351058827295965
231.6030046767763    -0.727132111791672
238.00483889464496    -0.6343125543187185
244.58362885369783    -0.5661185937263404
251.3442658605937    -0.5339158901132706
258.29177642461696    -0.49413607976772056
265.4313259948694    -0.4429906093234415
272.76822280076186    -0.4032107989778879
280.30792179866654    -0.37479664873106344
288.05602872765365    -0.37479664873106344
296.0183042773411    -0.3975279689285216
304.2006683709455    -0.4429906093234415
312.6092045667236    -0.4770875896196287
321.25016458107655    -0.4429906093234415
330.12997293667695    -0.4088936290272507
339.2552317390817    -0.3179683482374216
348.6327255853691    -0.23272589749695172
358.2694266084673    -0.17021476695394
368.1724996609054    -0.11906929650965736
378.34930764185884    -0.13611778665775276
388.80741697143753    -0.12475212655902013
399.55460321629016    -0.17589759700330276
410.41230749862916    -0.31342208419792783
421.94838929755394    -0.4770875896196287
433.6116388333257    -0.5850613605575532
445.5972770620841    -0.6134755108043777
457.91421526271876    -0.5831670838744287
470.5716110344555    -0.4600390994715333
483.578875105499    -0.3577481585829716
496.945678329876    -0.26682287779313896
510.6819588776777    -0.16642621358769816
524.7979296240592    0.02868428477382068
539.3040857424683    0.21053484635348596
554.2112125077745    0.39806823798251756
569.5303933150799    0.4321652182787048
585.2730179201841    0.2181119530859732
601.4507909078267    -0.1266464032421446
618.0757403940016    -0.17589759700330276
635.1602269688243    -0.08118376284722828
652.7169528865774    0.074146925168737
670.758971509798    0.15560082254296148
689.2996970144028    0.21621767640285228
708.3529143630799    0.3241914473407803
727.9327895543599    0.4492137084268002
748.0538801549811    0.6272757166402272
768.7311461233961    0.9095229424253297
789.9799609324357    1.080007843906266
811.8161229994433    1.1311533143505486
834.2558674323291    1.242915638654722
857.3158781003233    1.5441056312710444
881.0133000383701    1.8093043669080515
905.365752194395    2.159745553285539
930.3913405289398    2.27340215427283
956.1086714768655    2.0763973792281973
982.5368657811838    1.8187757503236668
1009.6955727092469    1.932432351310954
1039.0205310618624    2.2984066064900333
1064.8331599112214    2.4143363394970727
1095.7594994049098    2.502609632930536
1126.0478398676562    2.7071915147076595
1157.173392846911    2.5764864235722733
1181.0808756106426    2.227939513877917
1200.0165505937293    1.8670798057432627
1227.5953472976173    1.3849863898888302
1260.9546607732714    1.2891359897228831
1296.398227756128    1.5952511017153235
1332.2325060981382    1.8074100902249342
1369.057294513982    1.7051191493363724
1406.8999721013215    1.3641493463744965
1442.5072968591767    1.0709153158272855
1479.0158097622843    0.8526946419316843
1519.897896041428    0.9833997330670705
1561.9100209364565    1.1311533143505486
1605.0834203110355    1.1254704843011858
1649.450193432229    0.9890825631164368
1695.8137941503924    0.8322364537539713
1741.8967188534998    0.807232001536768
1785.9824985057808    1.0049944872546561
1827.0279726024717    1.4312067409569984
1864.7748133385753    1.884128295891358
1907.6310934875034    2.3359132848158417
1960.3607116822348    2.591640637037248
2014.547851011134    2.966707420295311
2070.2327994172915    3.3531398636521033
2113.0043108216555    3.6827440065152466
2146.8810450011765    4.151577485587826
2186.262874093895    4.560741249142076
2231.4315949636275    4.944332277474185
2272.3643974165466    5.42169000162081
2319.311996626804    5.819488105076333
2383.421056535767    6.084686840713344
2438.196871707186    6.485799928364331
2494.231545408649    6.81777191708138
2563.175628741978    7.007199585393529
2622.0825659391867    7.402156273824367
2670.1813684877725    7.80279579230457
2725.347962740429    8.222188649947677
2773.539879808157    8.737864885284305
2807.0513449705927    9.264419681001142
2858.543166829804    9.752006499236623
2924.2382448087615    10.166853092840238
3005.0683207524753    10.377117804666728
3088.1326541780086    10.56654547297888
3151.9342232931053    10.970973544825327
3187.9473825365103    11.414234288675765
3231.7067357174024    11.97001506750362
3305.9778639171323    12.273288764471378
3389.6490770645446    11.972856482528302
3475.437930498049    11.593243435230749
3571.503944393641    11.316679039495005
3670.2253586187376    11.03822036707614
3788.85450710735    10.619585220106284
3893.5837979210746    10.320289504173083
4001.2079542762904    10.053196491852946
4111.8069943459195    9.719803795623557
4225.463148118245    9.339054182316131
4342.260918534554    9.094692490193452
4462.287144316834    9.007555762769863
4583.54765250737    8.872304407594985
4712.384384940818    8.960198845691824
4842.641346180882    9.393988206126656
4976.49879383408    9.615618578051874
5107.088934869892    9.520147033222548
5219.7138920737725    9.183723494300164
5279.352949961176    8.848436521387654
5327.5544462013995    8.422224267685312
5376.196031267246    8.013060504131062
5437.623012314935    7.5016057996882495
5437.623012314935    6.904908644504967
5497.253112699061    6.308211489321685
5549.9656216820185    5.735382220345736
5571.02310044967    5.380773625265386
5626.147213358026    4.957118645085256
5755.44740521504    4.7189133521827245
5874.3563435714705    5.0977686888070295
5938.775752137672    5.626271883397935
5995.721969414653    6.18887205828503
6047.715114304574    6.775340119379454
6105.705938222211    7.399314858799686
6147.468094623461    7.949981090583114
6203.595647196371    8.567136433944109
6271.625562169707    9.217365848192404
6331.763436851141    9.752006499236623
6392.477966489959    10.16798965885011
6462.5792041045825    10.603673295968065
6596.097656815695    11.07231734737233
6778.423113874148    11.081788730787936
6949.978674289276    10.73627266378657
7125.876145767628    10.333549440954933
7322.845428639999    10.051302215169825
7525.259220735043    10.041830831754218
7733.268015978717    10.354386484469268
7919.986836884849    10.77775732314693
8001.382993950278    11.16134835147904
8111.213961138096    11.585666328498263
8241.256970434108    12.104698139673562
8297.625990826593    12.479764922931624
8411.523336900927    12.991219627374438
8585.307447766912    13.195801509151561
8762.68198048397    12.616152844116375
8842.686933087032    12.155843610117843
8903.169648508227    11.712582866267406
8950.497625963184    11.275004952466332
9018.54578299329    10.638527986937499
9066.487083490209    10.297558183975625
9107.782414586285    9.78610347953281
9156.1980842635    9.286014435188727
9211.8455057596    8.660903129758625
9253.802904106213    8.069888804624707
9327.688719399119    7.484557309540154
9370.173751416683    6.98162685017139
9423.552264591612    6.615084311987374
9452.145029204783    6.12636092774202
9466.473928438274    5.762659804582686
9520.401029121229    5.310874815658201
9578.987400972355    4.772483496781403
9640.124471037492    4.305582179925606
9684.032561147054    3.944154188786019
9794.67973270463    3.4679330306492666
10019.781195675561    3.078469744599481
10250.05594353323    3.2207299235019065
10414.389929387367    3.625915706021601
10509.475289616841    4.048718261694328
10624.72437273366    4.49425213756451
10731.479281395581    4.998887445948087
10861.495592846648    5.447262736842951
11023.102072402087    6.029752816902821
11276.435154308834    6.383982556646545
11535.590340553073    6.28832158414891
11720.534652104812    5.917990492598653
11881.41654686879    5.543681420013838
12071.90531585664    5.0864030287083
12321.313805585376    4.992068049888848
12575.875135161778    5.455786981916999
12719.563728191697    5.97860734645854
12835.695763506032    6.401978185136201
12982.352997694148    6.995833925294802
13100.884349005339    7.518654289836343
13250.571557197527    7.944866543538685
13524.331577149165    8.401387224170973
13898.163206774307    8.552929358820696
14249.912741677024    8.340391514974462
14511.309445274344    7.823632835818907
14670.443470742262    7.303843313970361
14710.498904489206    7.024248075541623
14878.577139016545    6.546890351394998
15014.4213772828    6.137726587840749
15255.140035192086    5.660368863694124
15605.733871178556    5.380773625265386
15928.15211536468    4.996046030923402
16073.57917272934    4.55221700406803
16183.520158117683    4.0464451296745825
16294.21312414069    3.5293075951824058
16368.42874036729    3.10309534148006
16442.982388117718    2.591640637037248
16505.36975699834    1.9551636715084157
16555.45003872906    1.6710221690401852
16593.109943761585    0.767452191191218
16668.68695200432    0.1468871498006017
16731.93068097536    -0.4998189098170833
16820.87523323155    -1.1249302152471898
16820.87523323155    -1.5170454886533449
16935.927616920482    -2.1213197505691106
17013.066064471328    -2.8525105502540207
17038.856877936138    -3.3639652546968364
17152.80173260965    -4.016354144363888
17227.01323125109    -4.756258616791158
17272.740711780043    -5.296127471480794
17377.716977467604    -5.784850855726148
17404.06058039677    -6.3076712202676894
17483.33124360576    -6.938465355747159
17562.9629626739    -7.569259491226628
17602.914731772064    -8.046617215373253
17723.31615391461    -8.583644655038206
18089.484161306704    -8.96344713000407
18547.31211638988    -8.776292593711666
18716.652602566504    -9.251377185838546
18870.380563583098    -9.894673547426617
18973.566695969133    -10.56979375729113
19031.13593431767    -11.206270722819962
19103.34318174558    -11.643848636621033
19190.353605349344    -12.189400321360033
19146.79896750463    -12.700855025802845
19263.16495070425    -13.206626900196298
19365.565182586928    -14.030637257354158
19409.617464099745    -13.672618964244194
19453.769954591095    -14.755198088648143
19586.830962058215    -15.459300731764422
19676.043538247104    -16.246940976606346
19765.662452948116    -16.71861587070361
19855.689556920333    -17.127779634257855
