
Frequency	dB	Unweighted
21.810154653305165	53.4
22.77577269513385	53.8
23.107053937445478	53.9
23.44315377638505	54.0
23.784142300054445	54.1
22.12739065777668	53.5
21.49746679841394	53.2
20	52.4
20.290906698750476	52.5
20.586044732869844	52.7
20.885475648548283	52.9
21.189261887185914	53.0
22.449240966187475	53.6
24.130090616010463	54.2
24.481070866093134	54.3
24.837156241469714	54.5
25.1984209978975	54.6
25.56494047120865	54.7
25.936791093020236	54.9
26.3140504066728	55.0
26.69679708340074	55.1
27.08511093873791	55.3
27.47907294916184	55.4
27.878765268980047	55.5
28.695675446220072	55.7
29.11306365684382	55.8
29.536522918790062	55.9
29.966141537533712	56.0
30.402009102982383	56.1
30.844216508158908	56.3
31.29285596815558	56.4
31.74802103936409	56.6
32.20980663898519	56.7
32.67830906482211	56.9
34.125101410453844	57.3
34.62146244024586	57.5
35.12504320746613	57.6
35.635948725613716	57.8
36.15428553564419	57.9
36.68016172818701	58.1
37.21368696608603	58.2
37.754972507267915	58.3
38.30413122794313	58.4
38.86127764614443	58.5
39.4265279456077	58.6
40.000000000000206	58.7
40.58181339750116	58.8
41.1720894657399	58.8
42.37852377437204	58.9
42.9949335968281	59.0
43.62030930661056	59.0
44.25478131555359	59.1
44.89848193237519	59.1
45.55154539026795	59.2
46.21410787489121	59.2
46.88630755277036	59.3
47.56828460010916	59.4
48.260181232021196	59.4
48.962141732186545	59.5
49.674312482939705	59.6
50.39684199579528	59.6
51.129880942417586	59.7
51.873582186040764	59.8
52.628100813345895	59.8
53.393594166801776	59.9
54.17022187747612	60.0
54.95814589832399	60.0
55.75753053796041	60.1
56.56854249492426	60.1
57.39135089244048	60.2
58.226127313687975	60.2
59.073045837580466	60.3
59.932283075067765	60.3
60.804018205965114	60.3
61.68843301631817	60.3
62.58571193631152	60.3
63.49604207872855	60.4
64.41961327797075	60.4
65.35661812964459	60.4
66.3072520307241	60.4
67.27171322029778	60.4
68.25020282090806	60.4
69.2429248804921	60.4
70.25008641493265	60.4
71.27189745122783	60.4
72.30857107128878	60.4
73.36032345637442	60.4
74.42737393217246	60.3
75.50994501453623	60.3
76.60826245588666	60.3
77.72255529228926	60.3
78.85305589121582	60.2
80.00000000000082	60.2
83.541902594194	60.1
85.98986719365665	60.1
88.50956263110764	60.1
92.42821574978288	60.0
93.77261510554118	60.0
95.13656920021877	60.0
96.52036246404286	60.0
97.92428346437356	60.0
99.34862496587989	60.0
100.79368399159105	60.0
102.25976188483567	60.0
103.74716437208203	59.9
105.25620162669229	59.9
106.78718833360406	59.9
108.34044375495276	59.9
109.9162917966485	59.9
111.51506107592134	59.9
113.13708498984903	59.8
114.78270178488147	59.8
116.45225462737648	59.8
118.14609167516147	59.8
119.86456615013608	59.8
121.60803641193078	59.8
123.3768660326369	59.7
125.17142387262359	59.7
126.99208415745765	59.7
128.83922655594208	59.7
130.71323625928977	59.7
132.61450406144883	59.7
134.5434264405962	59.6
136.50040564181674	59.6
138.48584976098482	59.6
142.5437949024563	59.5
144.61714214257822	59.5
146.7206469127495	59.5
148.8547478643456	59.5
151.01989002907314	59.5
153.216524911774	59.4
155.4451105845792	59.4
157.70611178243232	59.4
160.00000000000236	59.4
162.3272535900062	59.4
164.6883578629612	59.4
167.08380518838874	59.4
169.51409509748981	59.4
171.97973438731407	59.4
174.4812372264439	59.4
177.01912526221608	59.4
179.5939277295025	59.4
182.20618156107355	59.4
184.85643149956664	59.4
187.54523021108326	59.4
190.27313840043846	59.4
195.84856692874806	59.3
198.69724993176072	59.3
201.58736798318304	59.3
204.5195237696723	59.3
207.49432874416505	59.3
210.5124032533856	59.3
213.57437666720915	59.3
216.68088750990657	59.3
219.83258359329807	59.3
226.2741699796992	59.3
229.5654035697641	59.3
232.90450925475412	59.3
236.2921833503241	59.3
239.72913230027333	59.3
243.21607282386276	59.3
246.75373206527502	59.3
250.34284774524843	59.3
253.9841683149166	59.3
257.67845311188546	59.4
261.42647251858085	59.4
265.22900812289896	59.4
269.08685288119375	59.4
273.0008112836349	59.5
281.00034565973334	59.5
285.0875898049141	59.5
289.23428428515797	59.6
297.7094957286928	59.6
310.89022116916016	59.6
315.41222356486645	59.6
320.00000000000654	59.7
324.6545071800142	59.7
329.3767157259242	59.7
334.16761037677935	59.7
339.02819019498156	59.6
343.95946877463007	59.6
348.9624744528898	59.6
354.03825052443415	59.6
359.187855459007	59.6
364.4123631221491	59.6
369.71286299913527	59.6
375.0904604221685	59.5
380.54627680087896	59.5
386.08144985617537	59.5
391.6971338574982	59.5
397.3944998635236	59.5
403.1747359663683	59.5
409.0390475393468	59.5
414.9886574883323	59.5
421.0248065067734	59.5
427.1487533344206	59.5
433.3617750198154	59.4
439.6651671865984	59.4
446.06024430368984	59.3
452.54833995940066	59.3
459.13080713953053	59.2
465.8090185095106	59.2
472.58436670065066	59.2
479.45826460054917	59.2
486.432145647728	59.2
493.50746413055253	59.2
500.6856954904994	59.3
507.9683366298358	59.3
515.3569062237735	59.4
522.8529450371643	59.4
530.4580162458005	59.5
538.1737057623901	59.6
546.0016225672724	59.7
553.9433990439449	59.7
562.0006913194694	59.8
570.1751796098309	59.9
578.4685685703187	60.0
586.8825876510039	60.0
595.4189914573883	60.1
604.0795601162986	60.2
612.8660996471021	60.3
621.780442338323	60.3
630.8244471297356	60.4
640.0000000000159	60.5
649.3090143600314	60.5
658.7534314518515	60.6
668.3352207535618	60.6
678.0563803899662	60.7
687.9189375492632	60.7
697.9249489057827	60.7
708.0765010488715	60.8
728.8247262443015	60.8
739.425725998274	60.8
761.0925536017613	60.9
772.1628997123541	60.9
783.3942677149998	60.9
794.7889997270506	61.0
806.34947193274	61.0
818.0780950786972	61.0
829.9773149766683	61.0
842.0496130135506	61.0
854.2975066688449	61.0
866.7235500396347	61.0
879.3303343732008	61.1
892.1204886073838	61.1
905.0966799188055	61.1
918.2616142790653	61.2
931.6180370190256	61.2
945.1687334013056	61.3
958.9165292011028	61.3
972.8642912954606	61.3
987.0149282611097	61.3
1001.3713909810035	61.2
1015.9366732596762	61.2
1030.7138124475518	61.2
1045.7058900743334	61.2
1060.916032491606	61.2
1076.3474115247852	61.2
1092.0032451345498	61.2
1107.8867980878947	61.2
1124.0013826389438	61.3
1140.350359219667	61.3
1156.9371371406426	61.4
1173.765175302013	61.4
1190.837982914782	61.5
1208.1591202326028	61.6
1225.73219929421	61.6
1243.5608846766518	61.7
1261.648894259477	61.7
1280.0000000000375	61.8
1298.6180287200684	61.9
1317.5068629037087	62.0
1336.6704415071292	62.0
1356.112760779938	62.1
1375.8378750985323	62.2
1395.8498978115715	62.2
1416.153002097749	62.3
1436.7514218360407	62.3
1457.6494524886093	62.4
1478.8514519965543	62.4
1500.3618416886875	62.4
1522.1851072035295	62.5
1544.3257994247153	62.5
1566.788535430007	62.5
1589.5779994541087	62.6
1612.6989438654878	62.6
1636.156190157402	62.7
1659.9546299533442	62.8
1684.099226027109	62.9
1708.5950133376978	62.9
1733.4471000792773	63.0
1758.6606687464096	63.1
1784.2409772147755	63.1
1810.193359837619	63.1
1836.5232285581387	63.2
1890.3374668026197	63.1
1945.7285825909298	63.2
1974.0298565222283	63.3
2031.8733465193618	63.5
2061.4276248951132	63.6
2152.694823049581	64.1
2184.0064902691106	64.3
2215.7735961758003	64.5
2248.002765277899	64.6
2280.7007184393456	64.9
2313.874274281297	65.1
2347.530350604038	65.3
2381.6759658295764	65.5
2416.318240465218	65.8
2451.4643985884327	66.0
2487.1217693533167	66.3
2523.2977885189675	66.6
2560.0000000000887	66.9
2597.236057440151	67.3
2635.0137258074315	67.6
2673.340883014273	68.0
2712.225521559891	68.3
2751.6757501970797	68.6
2832.3060041955137	69.2
2915.2989049772345	69.6
2957.7029039931244	69.7
3000.723683377391	69.8
3044.370214407075	69.9
3088.6515988494466	69.9
3133.57707086003	69.9
3179.1559989082334	70.0
3225.3978877309914	70.0
3272.3123803148205	70.1
3319.9092599067053	70.2
3368.198452054235	70.3
3417.190026675413	70.4
3466.8942001585724	70.4
3517.3213374928373	70.5
3568.4819544295697	70.5
3620.386719675257	70.4
3673.0464571162966	70.4
3726.472148076138	70.3
3780.6749336052594	70.2
3835.6661168044484	70.1
3891.45716518188	70.1
3948.059713044477	70.0
4005.4855639240527	70.0
4063.746693038744	70.0
4122.855249790247	70.0
4182.823560297375	70.1
4243.664129966465	70.2
4305.389646099183	70.3
4368.012980538242	70.3
4431.5471923516225	70.3
4496.00553055582	70.2
4561.401436878714	70.0
4627.748548562617	69.7
4695.060701208099	69.3
4763.351931659176	69.1
4832.63648093046	68.9
4902.928797176889	68.8
4974.243538706657	68.7
5046.595577037959	68.6
5120.000000000202	68.4
5194.472114880326	68.1
5270.027451614888	67.8
5346.6817660285715	67.5
5424.451043119808	67.2
5503.351500394186	67.0
5583.399591246343	66.8
5664.612008391055	66.7
5830.597809954497	66.8
5915.405807986278	67.0
6001.447366754812	67.1
6088.740428814181	67.3
6177.303197698925	67.6
6267.154141720092	67.9
6358.3119978165005	68.2
6450.795775462017	68.5
6544.624760629676	68.7
6639.818519813445	68.9
6736.396904108505	69.1
6834.380053350861	69.1
6933.788400317181	69.1
7034.642674985712	69.1
7136.963908859177	69.0
7240.773439350552	68.9
7346.092914232631	68.8
7452.944296152315	68.7
7561.349867210557	68.7
7671.332233608935	68.8
7782.914330363799	68.8
7896.119426088994	68.9
8010.971127848146	68.9
8127.49338607753	69.0
8245.710499580537	69.0
8365.647120594791	68.9
8487.328259932974	68.7
8610.77929219841	68.5
8736.025961076528	68.2
8863.094384703289	67.9
8992.011061111683	67.5
9122.802873757471	67.3
9255.497097125279	67.2
9390.121402416245	67.1
9526.7038633184	67.0
9665.272961860968	66.9
9805.857594353829	66.7
9948.487077413367	66.5
10093.19115407597	66.2
10240.000000000457	66.0
10388.944229760706	65.8
10540.05490322983	65.5
10693.363532057198	65.2
10848.902086239672	64.7
11006.703000788428	64.1
11166.799182492743	63.3
11329.224016782166	62.4
11494.0113746885	61.4
11661.195619909053	60.5
11830.811615972614	59.9
12002.894733509682	59.5
12177.48085762842	59.4
12354.606395397908	59.4
12534.308283440243	59.5
12716.62399563306	59.7
12901.591550924093	59.9
13089.249521259411	60.1
13279.637039626952	60.5
13472.793808217073	60.9
13668.760106701786	61.3
13867.576800634426	61.6
14069.285349971487	61.7
14273.927817718419	61.6
14481.54687870117	61.3
14692.18582846533	61.0
14905.888592304698	60.6
15122.699734421185	60.2
15342.664467217943	59.9
15565.828660727671	59.6
15792.238852178061	59.4
16021.942255696367	59.2
16254.986772155136	58.9
16491.42099916115	58.4
16731.294241189662	57.6
16974.65651986603	56.5
17221.558584396902	55.3
17472.051922153143	54.1
17726.188769406665	53.0
17984.022122223458	52.3
18245.605747515034	51.8
18510.99419425065	51.2
18780.242804832582	50.4
19053.40772663689	49.5
19330.545923722028	48.6
19611.71518870775	47.6
19896.974154826825	46.8
20186.382308152035	46.5
5747.005687344222	66.7
2873.502843672097	69.4
2791.699795623158	68.9
2121.832064983222	63.9
2091.411780148677	63.8
2002.7427819620161	63.3
1917.833058402214	63.2
1863.2360740380593	63.2
