20    104.07943989852976
20.3    104.08268771778563
20.6    104.08615080527765
20.9    104.0901194654981
21.2    104.09467907004561
21.5    104.09949091081329
21.8    104.10381683380203
22.1    104.10681545869014
22.4    104.10793378841262
22.7    104.10721221134048
23    104.10539118220487
23.3    104.10367702202353
23.6    104.10324578334013
23.9    104.10471512103845
24.2    104.1078441076543
24.6    104.11275912702236
25    104.11543765639533
25.4    104.11321134713376
25.8    104.10523104529767
26.2    104.09251071471361
26.6    104.0770333982494
27    104.06066326010907
27.4    104.04456517167665
27.8    104.0291908015396
28.2    104.01458287335444
28.6    104.00062303323114
29    103.9870906662212
29.4    103.9736349002578
29.8    103.95979250757628
30.2    103.94512694001675
30.6    103.92936204366492
31    103.9124369534147
31.5    103.88983142095651
32    103.86598124093449
32.5    103.84127953343238
33    103.81605414154322
33.5    103.79053752041915
34    103.76484643634018
34.5    103.73901214982051
35    103.71304486930609
35.5    103.68695968148234
36    103.66075284990943
36.5    103.6343731088206
37    103.60772847187803
37.5    103.58070821915044
38    103.55318751232912
38.6    103.5192930577785
39.2    103.4842158722166
39.8    103.44779007235054
40.4    103.40994372338287
41    103.3706993328073
41.6    103.33022042229457
42.2    103.28886261064235
42.8    103.24709204325545
43.4    103.20528439224897
44    103.1636013661761
44.6    103.12206244501246
45.2    103.08068073381389
45.9    103.03264888221457
46.6    102.98483916811011
47.3    102.93700386820737
48    102.88877091906508
48.7    102.8398246531064
49.4    102.79001724041487
50.1    102.73935994915422
50.8    102.68796533871003
51.5    102.63601763119317
52.2    102.58376383620265
53    102.52399642281662
53.8    102.46447742354619
54.6    102.40544164896846
55.4    102.34699963626153
56.2    102.28913090434689
57    102.23171596159635
57.8    102.1745435045255
58.6    102.11734085752701
59.5    102.05266268399271
60.4    101.98734885243863
61.3    101.92104207147403
62.2    101.85342205109998
63.1    101.78438343736991
64    101.71408688987735
64.9    101.643172160585
65.8    101.57255308319085
66.8    101.49467173874648
67.8    101.4170948935683
68.8    101.33978622722351
69.8    101.26225628701383
70.8    101.18331031562738
71.8    101.10208928262449
72.8    101.01893298129315
73.9    100.92685158561709
75    100.83608343567926
76.1    100.74778886545671
77.2    100.66206298272161
78.3    100.57839509093857
79.4    100.49591562038438
80.6    100.40619677992846
81.8    100.31584207238703
83    100.22441567756084
84.2    100.13183878187462
85.4    100.03801661653772
86.6    99.94282536744439
87.9    99.83835495333355
89.2    99.73307617116042
90.5    99.62767847011588
91.8    99.52270432583492
93.1    99.41850773290088
94.5    99.30742434023512
95.9    99.19764569164218
97.3    99.08933200406624
98.7    98.98279343628278
100    98.88576054329481
102    98.74111555635662
104    98.60143170018513
106    98.46508946608375
108    98.33312915473189
110    98.20821921798165
112    98.09215880457072
114    97.98490012254885
116    97.88457255947093
118    97.7882642617559
120    97.69243164447786
122    97.59341030870178
124    97.4894900794441
126    97.38084995277086
128    97.26816446312777
130    97.15206654331509
132    97.03249731922057
134    96.90931306270866
136    96.78305493386205
138    96.65504716562563
140    96.52726117018777
142    96.40196791036401
144    96.2811742636022
146    96.16568079102939
148    96.05575636222179
150    95.9508518217221
152    95.85060919321882
154    95.76052788913123
156    95.68724990566162
158    95.63436712708666
160    95.60173580473831
162    95.5867234378751
164    95.58564172509404
166    95.59443653609075
168    95.60900474210277
170    95.62542679490846
173    95.64619082900226
176    95.65510764810456
179    95.64849312533715
182    95.62649241405144
185    95.59223701622088
188    95.55062955773077
191    95.5067213443818
194    95.46405478948833
197    95.42396006848934
200    95.38604743255678
203    95.34939097494859
206    95.31389710012951
209    95.27973186897121
212    95.24648739676346
215    95.21308447912747
218    95.17817550638689
221    95.14073745447186
224    95.10040654456252
227    95.0572822129709
230    95.01162804025084
233    94.9638604087119
236    94.91465814931536
239    94.86488394889282
243    94.79914172625342
247    94.73589644688799
251    94.67686050177815
255    94.62327775701412
259    94.57570238945277
263    94.53389763930943
267    94.49707025508391
271    94.46401745347927
275    94.4331145615979
279    94.40245283882228
283    94.37027149838349
287    94.33546983450736
291    94.29811967893438
295    94.25910498844264
299    94.21916685828927
303    94.17854462732666
307    94.13719654699568
312    94.08455339281797
317    94.03126277136539
322    93.97791554362351
327    93.92493097549496
332    93.87254443460407
337    93.82100949636683
342    93.77068318336394
347    93.72193997879029
352    93.6750379614194
357    93.63015738198291
362    93.58765792163375
367    93.54826477356875
372    93.51297298901399
377    93.4829942109556
383    93.45613398235861
389    93.44174700260102
395    93.44203294559645
401    93.45876739170986
407    93.49342331326058
413    93.54678033823029
419    93.61845660685088
425    93.707177317271
431    93.81118687088059
437    93.92809495139389
443    94.05487748784856
449    94.1880769286517
456    94.34718413568201
463    94.50583674136172
470    94.65942175977656
477    94.80354030178938
484    94.9348181601621
491    95.05142232939741
498    95.15316804301847
505    95.24173717997293
512    95.32084223395918
519    95.39446361512961
527    95.47515837583734
535    95.55460765724136
543    95.63517309504803
551    95.71782166360532
559    95.80090650450259
567    95.88113275068302
575    95.95630226763217
583    96.02576071915746
592    96.09735017310439
601    96.16261793462266
610    96.22195280985011
619    96.27524420432563
628    96.32239403030604
637    96.36374565737091
646    96.4000701816831
655    96.43215342045875
665    96.46344142275879
675    96.49039355602692
685    96.51309887441272
695    96.53183526117233
705    96.54717985750962
715    96.55998807644576
725    96.5713549178775
736    96.58379007331112
747    96.59803318167192
758    96.61574461712763
769    96.63809650993284
780    96.66570144977594
791    96.69855966726125
803    96.73960518254616
815    96.78450420394944
827    96.83139047006945
839    96.87870577786099
851    96.92557017751514
863    96.97188717774483
876    97.02206737309773
889    97.07343383141716
902    97.12746716193209
915    97.18572982698089
928    97.24938742704968
942    97.32422283236852
956    97.40473322647736
970    97.48939133065363
984    97.57639570903478
998    97.66419745398639
1010    97.73936275202962
1020    97.80168771258917
1030    97.86362845439574
1050    97.98610644957773
1070    98.10622861907854
1090    98.22328385199293
1110    98.33659388487106
1130    98.44579874944024
1150    98.55100534212394
1170    98.65243192987961
1190    98.75034669697573
1210    98.84516781026537
1230    98.93704071885435
1250    99.02596623817966
1270    99.11190343941871
1290    99.19484343554299
1310    99.27476396215867
1330    99.35137511991405
1350    99.42444209057587
1370    99.49396717125691
1390    99.56006906705441
1410    99.62306027377817
1430    99.68344569693502
1450    99.74164250246267
1470    99.79807734702166
1490    99.85330491322219
1510    99.90782012563872
1530    99.96196876915349
1550    100.01600002994888
1570    100.0701448580456
1590    100.12460480027482
1610    100.17950596579976
1630    100.2349577157637
1650    100.29110229682182
1670    100.3480868465424
1690    100.40602254895887
1710    100.46504346504867
1730    100.52527130825914
1760    100.61808696277188
1790    100.71415612385815
1820    100.81385802926445
1850    100.91780097122763
1880    101.02644534522457
1910    101.1398914950056
1940    101.25828356308975
1970    101.38169225600649
2000    101.51016889639031
2030    101.64372097914452
2060    101.78212508567682
2090    101.92500346448429
2120    102.07230991265907
2150    102.22400709025416
2180    102.37982256846605
2210    102.53957733648572
2240    102.70293298333378
2270    102.8697797267779
2300    103.04007331155402
2330    103.21352683086582
2360    103.3897443346226
2390    103.56826688294656
2420    103.74848175733064
2460    103.99041906330945
2500    104.23287647207269
2540    104.47419038781706
2580    104.71206557411737
2620    104.94388745075112
2660    105.16713582579678
2700    105.37941642870106
2740    105.5776502222015
2780    105.75912862566538
2820    105.92140221952585
2860    106.06238029664087
2900    106.17853000037871
2940    106.26631576876808
2980    106.32598311269443
3020    106.35816612974271
3060    106.36221393625124
3100    106.33851954422475
3150    106.27319790531496
3200    106.17156816663595
3250    106.03871774992254
3300    105.87986240997324
3350    105.70057286725502
3400    105.5064477731184
3450    105.30256533197573
3500    105.09363281095165
3550    104.8837664505279
3600    104.67623331089717
3650    104.47348960940774
3700    104.27825805667247
3750    104.09306396207214
3800    103.91933033666041
3860    103.72646191505272
3920    103.55200895117883
3980    103.39488865543602
4040    103.25623395531503
4100    103.13511068831187
4160    103.02961543283277
4220    102.93744121686368
4280    102.85620103622443
4340    102.78434021987745
4400    102.71989971351502
4460    102.66074982065598
4520    102.60547335313596
4590    102.54496589919859
4660    102.48971664782998
4730    102.44396256668131
4800    102.4130724416335
4870    102.40378930988533
4940    102.42488614039412
5010    102.48049883763716
5080    102.57008290491876
5150    102.69341291146675
5220    102.84556387180064
5300    103.04490889301286
5380    103.25964063568131
5460    103.47559164277621
5540    103.67892530509246
5620    103.85961691992458
5700    104.00877815716166
5780    104.11582925205141
5860    104.1828288389574
5950    104.21651006482989
6040    104.21256388537844
6130    104.18002995054016
6220    104.13114567172633
6310    104.0774693611008
6400    104.02846492599602
6490    103.99186228447783
6580    103.9706415617125
6680    103.96355437538361
6780    103.96722354683217
6880    103.97126341910703
6980    103.96513918665482
7080    103.93173801951376
7180    103.8418984683577
7280    103.6832330421641
7390    103.43553236010837
7500    103.08939804174594
7610    102.61948776201913
7720    102.06078542212062
7830    101.45450579709835
7940    100.82661001646622
8060    100.14277954726668
8180    99.48570409453298
8300    98.8714138358849
8420    98.31046408247582
8540    97.81202175506508
8660    97.37973569534935
8790    96.98900966078253
8920    96.68654380884337
9050    96.46023751313243
9180    96.3177949175111
9310    96.25502591371011
9450    96.27203542182863
9590    96.3737604229608
9730    96.55451055149626
9870    96.80070482341
10010    97.09815032384304
10160    97.46403199557761
10310    97.87658902703767
10460    98.31615449133508
10610    98.74877314735829
10760    99.14425137603898
10920    99.47272284518655
11080    99.6887091573673
11240    99.79684416053186
11400    99.82718449838151
11570    99.7870690269662
11740    99.70966358654366
11910    99.6117559441629
12080    99.52734285775773
12260    99.52020475467256
12440    99.61889316976227
12620    99.8953815264696
12800    100.33270788438892
12990    100.90999532023321
13180    101.4569651894787
13370    101.69360443964027
13560    101.45888465548394
13760    100.60584505169768
13960    99.196958971476
14160    97.49548356291064
14370    95.70676138591978
14580    94.10798146510703
14790    92.73313070253187
15010    91.5606564046931
15230    90.66726008364135
15450    90.01523403466761
15670    89.5816447506956
15900    89.35141717363334
16130    89.36025244618916
16360    89.64084695570583
16600    90.16085852187021
16840    90.73915998448734
17080    91.2112715856004
17330    91.46730194450733
17580    91.57778969885507
17840    91.73026192718666
18100    91.96001259399016
18360    92.19522057831134
18630    92.21801240651709
18900    91.64965358798725
19170    90.52603456500756
19450    89.23719607062108
19730    88.21092905505216
20000    88.1142356283324
