20    72.50754169814383
20.3    72.48713021362283
20.6    72.46693611680837
20.9    72.44679619121415
21.2    72.42647850047598
21.5    72.40572252442368
21.8    72.3842890109304
22.1    72.362001390324
22.4    72.33876862169268
22.7    72.31456409478082
23    72.28939257778566
23.3    72.26325830475858
23.6    72.23614005327104
23.9    72.207989780979
24.2    72.17876331119582
24.6    72.13813231752678
25    72.09578407618991
25.4    72.05209810046614
25.8    72.00754925549698
26.2    71.96254257157403
26.6    71.91732017096697
27    71.87198069939642
27.4    71.82657291329474
27.8    71.78115351596657
28.2    71.73576189433683
28.6    71.69034854963408
29    71.64474068911235
29.4    71.59869143388005
29.8    71.55200779339415
30.2    71.50466812519161
30.6    71.45684413557794
31    71.40882329595888
31.5    71.34892634698815
32    71.28944255072088
32.5    71.2304069814239
33    71.17171965046828
33.5    71.11325976595256
34    71.05485318117107
34.5    70.99622588024468
35    70.93710015415814
35.5    70.87741189045497
36    70.8174019518651
36.5    70.75742867995694
37    70.69764081771669
37.5    70.63786557374871
38    70.57784912524362
38.6    70.50550274999127
39.2    70.43318926595893
39.8    70.36133557428312
40.4    70.29007912515716
41    70.21933581774607
41.6    70.14908058897817
42.2    70.07935609975445
42.8    70.01003752740266
43.4    69.94074165606136
44    69.87099802305536
44.6    69.80051652972153
45.2    69.72934829255004
45.9    69.64608376629548
46.6    69.56383045613302
47.3    69.48394416973335
48    69.40704775416224
48.7    69.33284422989405
49.4    69.26063968813838
50.1    69.18999987242356
50.8    69.12125754172527
51.5    69.0553617829834
52.2    68.99265437731816
53    68.92328103744964
53.8    68.85401186158595
54.6    68.78387084178848
55.4    68.71195595885266
56.2    68.63621312295382
57    68.55471677631778
57.8    68.46724431652152
58.6    68.37553108298448
59.5    68.27049039344463
60.4    68.16667594763562
61.3    68.06646646849993
62.2    67.97127923221478
63.1    67.88158543065333
64    67.79692970253217
64.9    67.71630022428411
65.8    67.63868233912366
66.8    67.55480273516915
67.8    67.47249869415576
68.8    67.39141298166035
69.8    67.31119185069306
70.8    67.23113138747347
71.8    67.15053189420942
72.8    67.06924086325742
73.9    66.97944368425198
75    66.88943556989574
76.1    66.79914766063372
77.2    66.70884241574419
78.3    66.61878895199834
79.4    66.52914807108704
80.6    66.43197017197048
81.8    66.33547356418825
83    66.23953762260614
84.2    66.14396721941188
85.4    66.04871876188838
86.6    65.95415733780314
87.9    65.85330051089085
89.2    65.75495893359198
90.5    65.65962955236489
91.8    65.5673044621177
93.1    65.47756327443037
94.5    65.38316569050998
95.9    65.29052649856288
97.3    65.19928802713103
98.7    65.10934507934655
100    65.02691330151691
102    64.90156913678508
104    64.77690332148946
106    64.65264644999247
108    64.5296928873497
110    64.40964611401455
112    64.29430027441151
114    64.18521440311676
116    64.0849586498748
118    63.996706583764336
120    63.92376463646784
122    63.86906277191106
124    63.83441876380253
126    63.81988043487874
128    63.82396100793444
130    63.84371863831159
132    63.875274928255315
134    63.914802537848956
136    63.95902805048173
138    64.00516397008813
140    64.05064065308059
142    64.0930340098589
144    64.13016284227382
146    64.16024367339467
148    64.18188473339403
150    64.19395699163562
152    64.19567800150372
154    64.18685085413667
156    64.16779012759827
158    64.13935841631093
160    64.10292314013127
162    64.06020425412873
164    64.01312612112177
166    63.96333225896973
168    63.911942603625164
170    63.85972980843935
173    63.7813786896335
176    63.704625268303616
179    63.63030823141866
182    63.55826617050096
185    63.487872083210625
188    63.41859393737597
191    63.350258969785074
194    63.28300488175719
197    63.21706202893679
200    63.1526558682672
203    63.08998579514322
206    63.02910957311283
209    62.96991237644944
212    62.912184084185895
215    62.85560327820373
218    62.80001591293792
221    62.74561926908058
224    62.692874943130676
227    62.64216910219088
230    62.59370335227052
233    62.54779227685252
236    62.504982714954124
239    62.46592219005715
243    62.420501058649
247    62.382906576684434
251    62.35229401439339
255    62.32706389824283
259    62.30534206233508
263    62.285410834798355
267    62.265784102390754
271    62.245083997643874
275    62.222079768890396
279    62.195957660866654
283    62.166202550389485
287    62.13250333218498
291    62.09474334465348
295    62.05311561974795
299    62.008199284342005
303    61.96074572704994
307    61.9114635348901
312    61.848234137346054
317    61.78409367467138
322    61.71954472522875
327    61.65487347205918
332    61.59040228414051
337    61.52648958443851
342    61.46358276312511
347    61.40219912549754
352    61.34275705332928
357    61.285524367550266
362    61.23090253845848
367    61.17943011419851
372    61.13153243665752
377    61.08783113275951
383    61.042819229950005
389    61.00882993354375
395    60.98836237279785
401    60.98271646589011
407    60.99174375303123
413    61.0141461646163
419    61.04833838545131
425    61.09282381314622
431    61.145956544072476
437    61.20583975401607
443    61.27047017084293
449    61.33798163008116
456    61.41824936870291
463    61.498228716345764
470    61.576312319493475
477    61.65124547781082
484    61.72237113068818
491    61.78975944453755
498    61.853852262092275
505    61.91539751766769
512    61.975526168143816
519    62.035720360185614
527    62.10661701853821
535    62.18158138488831
543    62.26153555088892
551    62.34588596139257
559    62.43280082655584
567    62.52052818517579
575    62.60745587807629
583    62.69227067628247
592    62.78396949174887
601    62.8707968905511
610    62.95202657317881
619    63.026868764644526
628    63.09469037423683
637    63.155421497588584
646    63.209725848799856
655    63.25894416913757
665    63.309734103710284
675    63.35856626936315
685    63.40700153434273
695    63.45575717502186
705    63.5050787434252
715    63.55517355520537
725    63.60625390608798
736    63.663714737401804
747    63.7225818787944
758    63.782996702009285
769    63.845084187244126
780    63.90882553999131
791    63.97407565566169
803    64.0468066238365
815    64.12103684478284
827    64.19657915823566
839    64.27317486822909
851    64.35057578351494
863    64.42870426962374
876    64.51410608730303
889    64.60033342722724
902    64.68781518082008
915    64.77705912574818
928    64.8684271129398
942    64.96954623510592
956    65.07354027103882
970    65.18011612602504
984    65.28906123806733
998    65.40017794205764
1010    65.49690357260278
1020    65.5783703898513
1030    65.66047673915415
1050    65.82565527132073
1070    65.99000630536554
1090    66.15206017715084
1110    66.31089263144185
1130    66.46684661162749
1150    66.6209949558057
1170    66.77386552583805
1190    66.92569645522505
1210    67.07618647930039
1230    67.22442218951335
1250    67.36960037851779
1270    67.51145930219491
1290    67.6501866916229
1310    67.78644557332132
1330    67.9211143555257
1350    68.05495293378218
1370    68.18809774586865
1390    68.3201065396618
1410    68.45058152173789
1430    68.57927715076819
1450    68.7055714494148
1470    68.82849876412567
1490    68.94763382018172
1510    69.06405089264173
1530    69.17902965055924
1550    69.29300152645924
1570    69.40565840951905
1590    69.51647810356758
1610    69.62608985779922
1630    69.73560842548517
1650    69.84575278717286
1670    69.95661911986849
1690    70.06747330059915
1710    70.1774218331208
1730    70.28650673089729
1760    70.45004890999388
1790    70.6143021896884
1820    70.77837614630099
1850    70.93925757631993
1880    71.09640195404641
1910    71.25272003392902
1940    71.40909172729124
1970    71.5653392237466
2000    71.72006883319241
2030    71.8710895000577
2060    72.01895196538015
2090    72.16455953923966
2120    72.30779140325788
2150    72.44819023517867
2180    72.58460344890057
2210    72.71423018599967
2240    72.83544105138463
2270    72.95039541620497
2300    73.06007700400326
2330    73.16377177278872
2360    73.26072858923851
2390    73.35122159157402
2420    73.43511371930586
2460    73.53373739155529
2500    73.61613454394862
2540    73.68579143370118
2580    73.74321496595039
2620    73.78799966893818
2660    73.82211086177401
2700    73.84843759614284
2740    73.86822223522145
2780    73.88109770238165
2820    73.88777421169317
2860    73.8891094326022
2900    73.88286306153046
2940    73.86562301203352
2980    73.83615770213626
3020    73.7956087557189
3060    73.74597201483394
3100    73.68952263818227
3150    73.60952708511797
3200    73.51626253795142
3250    73.41954158559267
3300    73.32426862371122
3350    73.23060199926658
3400    73.13854844557787
3450    73.04859662614109
3500    72.96309172593122
3550    72.88325441716498
3600    72.80977446902048
3650    72.74245978335674
3700    72.67691388187156
3750    72.61278863827081
3800    72.55485536349988
3860    72.49299044242426
3920    72.43750541028552
3980    72.38784334475238
4040    72.34325523199345
4100    72.30386708903166
4160    72.26917135047802
4220    72.23850123766434
4280    72.2118238472068
4340    72.1889889501515
4400    72.16759816712153
4460    72.14405934133137
4520    72.11812879489808
4590    72.08804903354324
4660    72.05730501484723
4730    72.02463154445056
4800    71.99029264794933
4870    71.95514173174791
4940    71.91726607518606
5010    71.87816976411199
5080    71.84021887925257
5150    71.80201669262973
5220    71.762496069458
5300    71.7155927751129
5380    71.67047302458569
5460    71.63149441666056
5540    71.592764809082
5620    71.54820662902364
5700    71.51283327476877
5780    71.49196307944358
5860    71.48287625805882
5950    71.48559640503862
6040    71.5029815854869
6130    71.53742091861271
6220    71.5913992119304
6310    71.66489233427072
6400    71.75296516968785
6490    71.85642388293407
6580    71.96987433469936
6680    72.09612831511939
6780    72.21279231413381
6880    72.30549467404923
6980    72.35690582054625
7080    72.35077498171503
7180    72.27399916475103
7280    72.11482976331797
7390    71.82546204822013
7500    71.43575413432546
7610    71.00250833328354
7720    70.52345535752605
7830    70.01358339217506
7940    69.49146000098378
8060    68.92137758167271
8180    68.35147714643492
8300    67.80734228832102
8420    67.4587566494062
8540    67.46071379222728
8660    67.54973572658982
8790    67.4692859485265
8920    67.45044525552876
9050    67.54097694288754
9180    67.65148546534283
9310    67.79569832762758
9450    68.00519332504228
9590    68.33067537117319
9730    68.75581255257704
9870    69.22067258310395
10010    69.65355402327208
10160    69.98523481716931
10310    70.065317649038
10460    69.81008266570532
10610    69.24568319843752
10760    68.46456965761583
10920    67.49314554528146
11080    66.51670674232935
11240    65.62332063705931
11400    64.84209846105526
11570    64.12622401336034
11740    63.486084763356715
11910    62.9549780299142
12080    62.484825849568324
12260    62.09873004147208
12440    61.79668106234837
12620    61.59270933779352
12800    61.46604842853881
12990    61.41857932757671
13180    61.390232472281916
13370    61.41469830411416
13560    61.49725103581014
13760    61.64683270513862
13960    61.86744288142607
14160    62.183753508881104
14370    62.59326166915833
14580    63.1077476046004
14790    63.61190854958725
15010    63.84776912632148
15230    63.26567318193264
15450    61.746072114711424
15670    59.69442738894273
15900    57.39298129014406
16130    55.20326425126778
16360    53.43602373035982
16600    52.05344448268397
16840    50.81198202552224
17080    49.664727135766945
17330    48.69342930319792
17580    47.94129475910888
17840    47.367275282667
18100    47.004773846829735
18360    46.883410488151995
18630    47.099751957348445
18900    47.85215369283024
19170    49.29419868830847
19450    50.94611749163681
19730    51.44963970260312
20000    51.460837551848655
