20    69.6137364568628
20.3    69.63044305178694
20.6    69.64708972148158
20.9    69.66390850981674
21.2    69.68106728162078
21.5    69.69856515059713
21.8    69.71620713429753
22.1    69.73365221286225
22.4    69.75050852729984
22.7    69.76643567989346
23    69.78122772799166
23.3    69.79484231516173
23.6    69.80737325978515
23.9    69.81900185249069
24.2    69.8299405450671
24.6    69.8437867638761
25    69.85709764204748
25.4    69.87003568868296
25.8    69.88256360047586
26.2    69.89450735319605
26.6    69.90567946899037
27    69.91601757494293
27.4    69.92564513808705
27.8    69.93483252072174
28.2    69.94389899090845
28.6    69.95311733305397
29    69.96264664452511
29.4    69.97247678197154
29.8    69.98236921233507
30.2    69.99185042361637
30.6    70.00031012742856
31    70.0071981594791
31.5    70.01324946491457
32    70.01680129013062
32.5    70.01880725681373
33    70.02026718154772
33.5    70.02173326318686
34    70.0232261928034
34.5    70.02449036330847
35    70.02526075368084
35.5    70.02538746517897
36    70.0248551773646
36.5    70.02376637974035
37    70.02230745360185
37.5    70.02067645568049
38    70.01899437267507
38.6    70.01691897877836
39.2    70.01469014009328
39.8    70.0122148609503
40.4    70.00941672618151
41    70.00616718487605
41.6    70.00221378120477
42.2    69.99721673921493
42.8    69.99086784866688
43.4    69.9829946863586
44    69.97360335724784
44.6    69.96286115065976
45.2    69.95105576804511
45.9    69.93642612320397
46.6    69.921444707446
47.3    69.9066074141814
48    69.89221815529862
48.7    69.87835005027767
49.4    69.86490728760069
50.1    69.85175901542735
50.8    69.8387882352714
51.5    69.82584500714829
52.2    69.81287460120353
53    69.79816601503587
53.8    69.78320584151251
54.6    69.76637327166824
55.4    69.74635413545526
56.2    69.72388278612951
57    69.70081749470366
57.8    69.67835641635517
58.6    69.65684466179952
59.5    69.63382237923813
60.4    69.61154064050436
61.3    69.58916153301175
62.2    69.56626217331667
63.1    69.54271052978902
64    69.51817467922436
64.9    69.49231597511672
65.8    69.46503218465428
66.8    69.4331994581091
67.8    69.40001190416159
68.8    69.36570123474938
69.8    69.33059104985672
70.8    69.29499120793837
71.8    69.25902558522719
72.8    69.22274396584913
73.9    69.1826164277891
75    69.14228299913528
76.1    69.10134826012776
77.2    69.05928669928474
78.3    69.01582273194367
79.4    68.97098841667143
80.6    68.92085272625415
81.8    68.869955713441
83    68.81882913892682
84.2    68.76786699356649
85.4    68.71715529204815
86.6    68.66651774368285
87.9    68.61164265168028
89.2    68.55705487482682
90.5    68.5034419909725
91.8    68.45161798536424
93.1    68.40239930325211
94.5    68.35312610054615
95.9    68.30828886774734
97.3    68.2677749200144
98.7    68.23046993976487
100    68.19688638602207
102    68.14241458702014
104    68.07928688643412
106    68.00439802602386
108    67.9179313646492
110    67.82303427810214
112    67.72406721726837
114    67.62541880767395
116    67.53226353971775
118    67.45071702867429
120    67.3865758524325
122    67.3445636698859
124    67.32822715364719
126    67.33986927560582
128    67.3806400524013
130    67.45108534824438
132    67.5514071537479
134    67.6814496643288
136    67.83957522261112
138    68.02126453878975
140    68.21841609114026
142    68.4195139306683
144    68.61151850433353
146    68.78203908161089
148    68.92118151495775
150    69.02279806645953
152    69.08514115800892
154    69.11058878562304
156    69.10404281269135
158    69.07141349721128
160    69.0185755950171
162    68.95088919622248
164    68.87323748664055
166    68.78985286045176
168    68.70407033969676
170    68.61815718384526
173    68.49160554500736
176    68.3695207567988
179    68.25290197750448
182    68.14179927201894
185    68.03540527907468
188    67.9324790014561
191    67.83181414555327
194    67.73259436317113
197    67.63433812988896
200    67.53696978957524
203    67.44082465974763
206    67.34641434340558
209    67.25433072309053
212    67.16528593678683
215    67.08006279963051
218    66.99946310651399
221    66.92423076934728
224    66.85489708391518
227    66.79169240599421
230    66.73441828221274
233    66.68240039539403
236    66.63451983912378
239    66.58930217755758
243    66.53027256965478
247    66.46919602847268
251    66.40323530462507
255    66.33108667223726
259    66.25254331228705
263    66.16805240950745
267    66.07854740606587
271    65.9852563821849
275    65.88950352200837
279    65.79247774425001
283    65.6950504709761
287    65.59776547815838
291    65.5009171728513
295    65.40463820153195
299    65.30897613365399
303    65.21395283637344
307    65.11958401498646
312    65.00258907524736
317    64.8867588778358
322    64.77216119273021
327    64.6587596212321
332    64.54641913654783
337    64.43498416947234
342    64.32443304693288
347    64.21502220122574
352    64.10733719887963
357    64.00227155073115
362    63.90103019863918
367    63.80510345394478
372    63.71619287124455
377    63.6359982450336
383    63.55293083406708
389    63.484738861155265
395    63.430533054041106
401    63.38844980119637
407    63.35592781278754
413    63.33064007963459
419    63.30996450963934
425    63.290864815376565
431    63.27056574943415
437    63.247421561650484
443    63.22113255307363
449    63.192524164908164
456    63.15826166800899
463    63.125334450764704
470    63.09505614689439
477    63.0676915870133
484    63.043131341023425
491    63.021470496857674
498    63.003321505550865
505    62.98982304670148
512    62.982426138664685
519    62.9826371842327
527    62.993640756747126
535    63.01659957318306
543    63.050628744047735
551    63.09343672629374
559    63.14155665554627
567    63.19102548789845
575    63.23805099754438
583    63.27969789615211
592    63.31812867389287
601    63.347356557207505
610    63.368618405438895
619    63.38409562185963
628    63.39634175008604
637    63.407196512239594
646    63.41735756109466
655    63.42657531420954
665    63.43482965468347
675    63.440138575856906
685    63.44218228889065
695    63.44118488798447
705    63.437700500690454
715    63.43257368538758
725    63.427024338159214
736    63.42216854747916
747    63.420351120516486
758    63.422874986190735
769    63.43045098325747
780    63.44327728790999
791    63.46113535921899
803    63.48573104248129
815    63.51481525590259
827    63.547606179494636
839    63.58367693199376
851    63.6230107643261
863    63.66570960307746
876    63.71557601568054
889    63.76871640214904
902    63.82471818496312
915    63.88351334704957
928    63.94516495953125
942    64.01485752844823
956    64.08811544446993
970    64.16509213037375
984    64.24577187523371
998    64.32988638778451
1010    64.40442051402313
1020    64.46805215083782
1030    64.5328935473566
1050    64.6652439700901
1070    64.79930836056033
1090    64.93388464711337
1110    65.06850184454507
1130    65.2030646668644
1150    65.33820909972283
1170    65.47505317286785
1190    65.61460697125409
1210    65.7578464245812
1230    65.90530616022386
1250    66.05638079782535
1270    66.20969339917738
1290    66.36339718673162
1310    66.515819676972
1330    66.66573820814878
1350    66.81247358287452
1370    66.95590484526501
1390    67.09620341494139
1410    67.23383185461586
1430    67.36964293143612
1450    67.50438146792125
1470    67.63827614566401
1490    67.7716810056595
1510    67.90492607422613
1530    68.03817024279402
1550    68.17147856547157
1570    68.30485915100178
1590    68.4381369773848
1610    68.57118585897689
1630    68.70401121174969
1650    68.83662867957001
1670    68.96900758454395
1690    69.10128218941946
1710    69.2337851488607
1730    69.36693778484454
1760    69.56856824423306
1790    69.7726465858355
1820    69.97825596439034
1850    70.18356410937238
1880    70.38710077234603
1910    70.58811609569483
1940    70.78623632240195
1970    70.98149765097261
2000    71.17410372003594
2030    71.36382773391716
2060    71.54983165218431
2090    71.73129317489813
2120    71.90723697558609
2150    72.07707331565493
2180    72.24089058169312
2210    72.39856738829265
2240    72.55029042052388
2270    72.69602888708636
2300    72.83624985024679
2330    72.97157159643766
2360    73.1027616258782
2390    73.23047186691933
2420    73.35490361273682
2460    73.51413533483566
2500    73.65972442081936
2540    73.7770422473336
2580    73.84554427247153
2620    73.84797838569071
2660    73.77968393151141
2700    73.65124811426067
2740    73.480146123662
2780    73.2872478682716
2820    73.08955470719633
2860    72.89731854563169
2900    72.71492151047175
2940    72.54222915761342
2980    72.37615467765973
3020    72.2128848393238
3060    72.04921889264483
3100    71.88349039296588
3150    71.67396894798487
3200    71.46528521411356
3250    71.26400812097964
3300    71.07734175579054
3350    70.91172812838931
3400    70.77200161130935
3450    70.66176355748138
3500    70.58365592010378
3550    70.53812007017494
3600    70.52462444130808
3650    70.54219320682228
3700    70.58942023028928
3750    70.66422173829133
3800    70.76289786432565
3860    70.90527575006686
3920    71.06911462056406
3980    71.2484006218659
4040    71.44200081597909
4100    71.65064791290737
4160    71.87508622846346
4220    72.11263809281868
4280    72.3548907571528
4340    72.59045021584669
4400    72.80727834318927
4460    72.99434084097919
4520    73.13922191907419
4590    73.24145208129886
4660    73.26642786546577
4730    73.21124549048821
4800    73.08494774301406
4870    72.90079558244716
4940    72.67156470347939
5010    72.41634174688431
5080    72.15393633012266
5150    71.89954293957814
5220    71.66476687531181
5300    71.43282521453438
5380    71.25002181568547
5460    71.12291472176693
5540    71.05308480240006
5620    71.03844063176925
5700    71.07605124365261
5780    71.16516792250891
5860    71.29245971543034
5950    71.46686748090252
6040    71.66116735491082
6130    71.86160501611175
6220    72.05147978878747
6310    72.20531473100974
6400    72.30076975669698
6490    72.3481752331196
6580    72.42060942912252
6680    72.55921438547311
6780    72.69001983925716
6880    72.76286181722932
6980    72.77312192840508
7080    72.72573431103879
7180    72.63415715940137
7280    72.5256661116396
7390    72.39566812609453
7500    72.21958649139088
7610    71.96224801098725
7720    71.6246841054074
7830    71.228896970058
7940    70.7924874648331
8060    70.28313942847664
8180    69.75051811514916
8300    69.20276105993035
8420    68.64460935162253
8540    68.08187514430634
8660    67.52268429361362
8790    66.93090086403586
8920    66.37481104523025
9050    65.87343509602445
9180    65.46588105894168
9310    65.19204731808482
9450    65.08149729010876
9590    65.17043193513277
9730    65.4948494056942
9870    66.11003681140657
10010    66.9791908967837
10160    68.03397007329046
10310    68.99502810450961
10460    69.60032880201258
10610    69.67567337281294
10760    69.19124992345793
10920    68.31734505078737
11080    67.48589504737586
11240    67.0383560489034
11400    67.0627451146814
11570    67.669473397308
11740    68.61730499098664
11910    69.83571178975632
12080    71.07336478370483
12260    72.15113437656876
12440    72.91426127090621
12620    73.27117160047148
12800    73.37828480228248
12990    73.31574511208612
13180    73.19086028852158
13370    72.7615833420515
13560    71.96482916563814
13760    70.72190050391112
13960    69.20947424420632
14160    67.68276457423612
14370    66.21506037180282
14580    65.10663106555465
14790    64.379362426978
15010    64.11576024649811
15230    64.39922584096044
15450    65.14255757779549
15670    66.07283206576
15900    66.85126151157765
16130    67.83290441030195
16360    68.98794499532536
16600    69.39313211111892
16840    67.5380244909514
17080    62.72351738021038
17330    55.95449598118995
17580    49.26378582275509
17840    42.79829944105404
18100    36.3949950632248
18360    30.705356403448107
18630    27.768045111397477
18900    28.004564197769387
19170    29.36254001447368
19450    30.91623739393004
19730    32.27151932694439
20000    32.40423919573455
