20    72.48192560188315
20.3    72.43746917465495
20.6    72.39355912114989
20.9    72.35002803690566
21.2    72.30669546534496
21.5    72.26342344988505
21.8    72.22016943379887
22.1    72.17700785857917
22.4    72.13410336407716
22.7    72.09163225663514
23    72.04969316849699
23.3    72.00824983556633
23.6    71.96713210254471
23.9    71.92609239764442
24.2    71.88489292673246
24.6    71.82948666262612
25    71.77355983458843
25.4    71.7173615554967
25.8    71.66117765176182
26.2    71.60515920085467
26.6    71.54931205999927
27    71.49362391581377
27.4    71.43819603762151
27.8    71.38325249931361
28.2    71.32903907461485
28.6    71.27570242649116
29    71.22323309554423
29.4    71.17149985498132
29.8    71.12033019645898
30.2    71.06957694364223
30.6    71.01914168714785
31    70.96896845440577
31.5    70.90656917001674
32    70.84446344828571
32.5    70.78256883834058
33    70.72079401611498
33.5    70.65910732768603
34    70.59760318202598
34.5    70.53648299518
35    70.47595553385713
35.5    70.41614936322921
36    70.35710558077562
36.5    70.29882573841532
37    70.24130048169565
37.5    70.18450801610851
38    70.12842815169543
38.6    70.06211787784528
39.2    69.99708803789156
39.8    69.93370412992448
40.4    69.87236684682287
41    69.81337859963529
41.6    69.75688270496292
42.2    69.7028740143584
42.8    69.65125858682102
43.4    69.60194612786566
44    69.55492636430232
44.6    69.51028540464574
45.2    69.4681623920593
45.9    69.42233666196566
46.6    69.37999296588339
47.3    69.34057622363744
48    69.30304678389261
48.7    69.26614825532911
49.4    69.22875607025239
50.1    69.19014649782375
50.8    69.1501374938751
51.5    69.1090175376504
52.2    69.06728358780244
53    69.0193981829307
53.8    68.97169966122914
54.6    68.92438689153073
55.4    68.87745735672469
56.2    68.83057356759937
57    68.78321287891407
57.8    68.73526050913188
58.6    68.68725311429671
59.5    68.63418194384097
60.4    68.58308120395614
61.3    68.53470284940569
62.2    68.48941572732187
63.1    68.44715651023935
64    68.4074350468727
64.9    68.3694217261839
65.8    68.3321138314482
66.8    68.29031895072865
67.8    68.24728599087288
68.8    68.20266845623587
69.8    68.15659832627242
70.8    68.10947511795143
71.8    68.06155232517675
72.8    68.01284631946797
73.9    67.95842071188042
75    67.90330085908946
76.1    67.8478878527595
77.2    67.79282015345325
78.3    67.73862740145863
79.4    67.68543785152691
80.6    67.62824176370523
81.8    67.57145740895146
83    67.51486111344254
84.2    67.45848773416546
85.4    67.4025454885118
86.6    67.34730556734542
87.9    67.28857292412802
89.2    67.23130368171107
90.5    67.17574135687025
91.8    67.12207394966774
93.1    67.07035891326366
94.5    67.01663212081903
95.9    66.96466910547923
97.3    66.91467969969804
98.7    66.86724368955021
100    66.82589015060809
102    66.76792486756698
104    66.71721936225399
106    66.67211257119295
108    66.62872422313501
110    66.58273996551625
112    66.53057201392849
114    66.47052130502297
116    66.40251516281022
118    66.32721475916347
120    66.24654672213235
122    66.1634813214956
124    66.0805121488342
126    65.99894673690719
128    65.91975135416257
130    65.84426280971675
132    65.77360201539535
134    65.70767405586554
136    65.64522680581916
138    65.58500428205026
140    65.52679738561798
142    65.47124891531158
144    65.41965427728204
146    65.37386070836553
148    65.33553702089546
150    65.30575541963509
152    65.28474024729374
154    65.27176918811939
156    65.2654213207889
158    65.26401134841245
160    65.26602779729012
162    65.2705657517127
164    65.27772694127441
166    65.28865822985217
168    65.30540230228686
170    65.33058312792761
173    65.38965728348668
176    65.47926227889499
179    65.6007781043215
182    65.75085410062573
185    65.92110969383727
188    66.1001916464888
191    66.27695598914735
194    66.44303912759
197    66.5924626050351
200    66.72024009339847
203    66.82207820583224
206    66.8952070568165
209    66.9388986142047
212    66.95459099118752
215    66.94560587534363
218    66.9162842533483
221    66.8711060627761
224    66.81416186489258
227    66.748861146986
230    66.67793264912984
233    66.60357036367691
236    66.52750593131623
239    66.45104583637905
243    66.35008582771736
247    66.25170207954235
251    66.1569439007308
255    66.06634406216452
259    65.98006360365017
263    65.89797119972258
267    65.81970724724019
271    65.74481692339884
275    65.67286729690753
279    65.60358062108779
283    65.53691453798379
287    65.47300702813097
291    65.41206145259869
295    65.35423531607861
299    65.29951696414099
303    65.24761190282909
307    65.1979149366
312    65.13758775746403
317    65.07741470435178
322    65.01533139275523
327    64.95007664822731
332    64.88143760425373
337    64.80986110308827
342    64.7360331184255
347    64.66046192935043
352    64.5834877393878
357    64.50538720661069
362    64.4264461625927
367    64.34714902638567
372    64.26832997062068
377    64.19126955359677
383    64.10365647260116
389    64.02498199303173
395    63.95952108303264
401    63.91153286360594
407    63.884582459894006
413    63.88100961152195
419    63.90172427234163
425    63.946307092471685
431    64.01315793958376
437    64.09980392632329
443    64.20329884080994
449    64.32021531017918
456    64.46785280202265
463    64.61988409291754
470    64.76802076404685
477    64.90499802987361
484    65.02546732806373
491    65.12675366210055
498    65.20926740809466
505    65.27598360066904
512    65.33126261034657
519    65.37985957130641
527    65.43289640129542
535    65.48820851951018
543    65.54881526451038
551    65.61554560445954
559    65.68772746298302
567    65.76407515889284
575    65.84305954087365
583    65.9228979328229
592    66.01139781890778
601    66.09627399123326
610    66.1760028898646
619    66.24985337143588
628    66.31767414087307
637    66.37977679130012
646    66.43678434500526
655    66.48944635888685
665    66.5436540298412
675    66.59386966203743
685    66.64039676582897
695    66.68350490654615
705    66.72333374167295
715    66.75968944418949
725    66.79220049002342
736    66.82306896034946
747    66.84807219383367
758    66.86597378197354
769    66.87527843661451
780    66.87450589943745
791    66.86210365832223
803    66.83310529527571
815    66.78550351645657
827    66.71740160056311
839    66.62797243658059
851    66.5176261918273
863    66.38771925631579
876    66.22740494678501
889    66.05018074037062
902    65.86013961602586
915    65.66155120103232
928    65.45868109283552
942    65.24027083195648
956    65.02699737811619
970    64.82359569685923
984    64.63402292119561
998    64.46115644039864
1010    64.32761281418078
1020    64.22709804321647
1030    64.13659487654546
1050    63.985673648677874
1070    63.87362394935876
1090    63.79881316911724
1110    63.75911167734412
1130    63.75079416722065
1150    63.769213092876015
1170    63.80948708555247
1190    63.86694225137944
1210    63.93792797355861
1230    64.02041680715412
1250    64.11391758608788
1270    64.21859042675669
1290    64.33486445806872
1310    64.4624145041916
1330    64.59923901189134
1350    64.74207901453472
1370    64.88756109847245
1390    65.03298703885807
1410    65.17667097021503
1430    65.31790002887097
1450    65.4568840022798
1470    65.59460379430433
1490    65.73232504959222
1510    65.87102226825924
1530    66.0112644965723
1550    66.15343392839152
1570    66.29782406482536
1590    66.44452126668577
1610    66.59332073140561
1630    66.74411971668833
1650    66.89724735770403
1670    67.05314977361037
1690    67.21212400931736
1710    67.37435080035496
1730    67.539988729259
1760    67.79513666261126
1790    68.05889564619464
1820    68.33144241791831
1850    68.61290904559917
1880    68.90369239641947
1910    69.20414933466716
1940    69.51431710425454
1970    69.83367265083453
2000    70.16127627134153
2030    70.49662653164653
2060    70.83913141908388
2090    71.18795744383289
2120    71.54178598075468
2150    71.89871800225524
2180    72.25601820691247
2210    72.61059155965864
2240    72.95904557138851
2270    73.29708299494598
2300    73.61971165425179
2330    73.92156300125168
2360    74.19673084231039
2390    74.4382271121105
2420    74.63814781659794
2460    74.82862911868268
2500    74.92486878086663
2540    74.92221586574803
2580    74.81916413139265
2620    74.61899910060404
2660    74.33228201827484
2700    73.97740698349739
2740    73.57789562094055
2780    73.15755037123371
2820    72.73683310604915
2860    72.33174348165414
2900    71.95457010891161
2940    71.61453744457917
2980    71.31663180706607
3020    71.06026985410654
3060    70.83939453682191
3100    70.6439197643358
3150    70.41810250547312
3200    70.19655202292753
3250    69.97074263687631
3300    69.74095290105237
3350    69.5132180525343
3400    69.29585176041806
3450    69.0960239282719
3500    68.91859839840177
3550    68.76811875930528
3600    68.64845019167856
3650    68.56148572485546
3700    68.5077661932217
3750    68.48756631734251
3800    68.50121485828035
3860    68.56252682297458
3920    68.67272383839173
3980    68.83218009656875
4040    69.04083881642003
4100    69.2992966828958
4160    69.60917491660918
4220    69.97073955641326
4280    70.38260984629508
4340    70.84157776188756
4400    71.34240210201155
4460    71.87773482734065
4520    72.43835902779576
4590    73.10861910032045
4660    73.76786235558117
4730    74.36256679928354
4800    74.8085361504224
4870    75.00885055085595
4940    74.89540781528211
5010    74.46493289066585
5080    73.7789484700224
5150    72.93137628994147
5220    72.012789206998
5300    70.96093103052328
5380    69.962086870881
5460    69.04319690054734
5540    68.21312836539491
5620    67.47229065044331
5700    66.8170670417446
5780    66.2427771059238
5860    65.74544812011717
5950    65.27414761070037
6040    64.89199992973873
6130    64.5968522375249
6220    64.3885601009641
6310    64.26724605651492
6400    64.23237662462643
6490    64.28126831306409
6580    64.40856838738281
6680    64.63142232089658
6780    64.92290021680984
6880    65.2612944915316
6980    65.61887067942226
7080    65.96269963475915
7180    66.26332235294612
7280    66.50971172411226
7390    66.74644828649674
7500    67.02744628888195
7610    67.45681213873328
7720    68.11967614483747
7830    69.04599629055049
7940    70.16928659756505
8060    71.3850143401806
8180    72.22521044982082
8300    72.4101802281762
8420    71.95374499977646
8540    71.11328488842076
8660    70.15476423300778
8790    69.1380677743476
8920    68.19301837693949
9050    67.3508578518221
9180    66.64595114158072
9310    66.1003437140953
9450    65.6991125761985
9590    65.48863621141211
9730    65.46597355319585
9870    65.63003177809685
10010    65.98379492169248
10160    66.57642896491609
10310    67.37202570339667
10460    68.30009088172007
10610    69.20056390662353
10760    69.83795948451078
10920    69.98831488562443
11080    69.52801732772575
11240    68.63218740556849
11400    67.61244952499737
11570    66.73276128957704
11740    66.3035364467006
11910    66.41799011201503
12080    67.00237348253015
12260    67.85840584807923
12440    68.5711161913895
12620    68.89410043949329
12800    68.87907845543984
12990    68.77059972790352
13180    68.82978278463551
13370    69.11472710309098
13560    69.3937909320588
13760    69.20080891454171
13960    68.16939379185229
14160    66.46637322907824
14370    64.49095775351053
14580    62.7773696293317
14790    61.546955438638705
15010    60.91348763905607
15230    61.02261759756892
15450    61.449344582770735
15670    60.98540406638232
15900    59.911068822269996
16130    59.989450186117
16360    59.54676391772679
16600    58.06573484161066
16840    58.57366021551902
17080    59.899609670397155
17330    59.60464760236435
17580    57.44304879612814
17840    54.78436066255842
18100    53.11157846478608
18360    51.642633299692996
18630    50.29329515362082
18900    49.369105598695015
19170    48.64559123265846
19450    47.62781022160178
19730    46.193862365780156
20000    45.21322246018313
