20    65.53788183487515
20.3    65.58711483651575
20.6    65.63547110284584
20.9    65.68277265134347
21.2    65.72883644405339
21.5    65.7735213837197
21.8    65.81674322895014
22.1    65.8584643917992
22.4    65.8986891256221
22.7    65.93747778309506
23    65.97496955932417
23.3    66.01139876204428
23.6    66.04708265234278
23.9    66.08237306080233
24.2    66.11757409110695
24.6    66.1646265084957
25    66.21170233135732
25.4    66.25826831448731
25.8    66.30360729992739
26.2    66.34714800973907
26.6    66.38867001789751
27    66.42829103529031
27.4    66.46628921719088
27.8    66.50290063486187
28.2    66.53822662030748
28.6    66.57228097747046
29    66.60508825291149
29.4    66.63674220749192
29.8    66.66738932677748
30.2    66.69717018574428
30.6    66.7261789891231
31    66.7544703890425
31.5    66.78890681816937
32    66.82245527716628
32.5    66.8553021689205
33    66.88760894723049
33.5    66.91948024427401
34    66.95097323356302
34.5    66.9821056182418
35    67.01281978068184
35.5    67.04294478679256
36    67.07221452850743
36.5    67.10035058269332
37    67.12717325386495
37.5    67.15267816236508
38    67.1770325344323
38.6    67.20508551216756
39.2    67.23215410528579
39.8    67.25824537734516
40.4    67.28310526061027
41    67.30653105035324
41.6    67.3286321151665
42.2    67.3497865481642
42.8    67.37040222779973
43.4    67.39076018110873
44    67.41104683096337
44.6    67.43144326006549
45.2    67.4521281448219
45.9    67.47671627823526
46.6    67.50152648578896
47.3    67.5258080519969
48    67.54859805288703
48.7    67.56913655052165
49.4    67.58702194865126
50.1    67.60218392505803
50.8    67.614904841596
51.5    67.62573777409695
52.2    67.63525990366969
53    67.64511103118853
53.8    67.65433281909682
54.6    67.66331269879964
55.4    67.67258328309234
56.2    67.6829429447454
57    67.69485133746426
57.8    67.70784579088621
58.6    67.72086541185413
59.5    67.73432184398101
60.4    67.74574431778223
61.3    67.7550795520132
62.2    67.7629782864378
63.1    67.77055806617938
64    67.77930091062333
64.9    67.79091417089171
65.8    67.80684092505453
66.8    67.83038719661934
67.8    67.86005129105777
68.8    67.89551802750745
69.8    67.93647019117063
70.8    67.98237137221602
71.8    68.03200734943945
72.8    68.08340324598808
73.9    68.1386209056005
75    68.1883772454806
76.1    68.22963308800279
77.2    68.26103132236665
78.3    68.28250333609725
79.4    68.29499510699812
80.6    68.30032304606979
81.8    68.29938120958957
83    68.29437777137984
84.2    68.28707240156686
85.4    68.27882991124139
86.6    68.27060137978296
87.9    68.26228304237881
89.2    68.25468652978518
90.5    68.24752651374406
91.8    68.24037040351635
93.1    68.23281686340495
94.5    68.2238271975817
95.9    68.21351877989349
97.3    68.20154549868991
98.7    68.18766685671557
100    68.1729017687208
102    68.14665193215176
104    68.11641241018125
106    68.08224713818345
108    68.04424434131778
110    68.0028393725872
112    67.95907688676743
114    67.91424356941735
116    67.86945037387397
118    67.82551122621393
120    67.78274415458071
122    67.74066306313517
124    67.69813899455607
126    67.65329592426781
128    67.60340816657788
130    67.54580986429697
132    67.47958963092208
134    67.40735816425385
136    67.33576319758095
138    67.27471791673759
140    67.23626388373162
142    67.23316850312824
144    67.27708247340993
146    67.37654446162412
148    67.53487983572205
150    67.7484176836002
152    68.00608642305139
154    68.29108227644662
156    68.5846550666478
158    68.87055115048628
160    69.13783187079797
162    69.38125309397697
164    69.60022730504873
166    69.79695743800059
168    69.9743451835607
170    70.13443474006799
173    70.34313624676359
176    70.51212162730693
179    70.6376734632346
182    70.71746504259349
185    70.75348031045051
188    70.75313730291137
191    70.72756645379619
194    70.68801972529673
197    70.64241824170615
200    70.59413064661271
203    70.54366070565031
206    70.49078004966233
209    70.43560459447059
212    70.37869725314788
215    70.32084537057989
218    70.2629237270576
221    70.20583395648549
224    70.15043987781499
227    70.09746678579191
230    70.0473996450201
233    70.0004467379548
236    69.95659275763799
239    69.91563804364131
243    69.86486287468664
247    69.81730821226276
251    69.77162487677502
255    69.72662071143138
259    69.68140636807345
263    69.63545246560298
267    69.58856337862223
271    69.5407668948669
275    69.49214385378112
279    69.4427587047729
283    69.39276703007079
287    69.34250238666708
291    69.29239720825258
295    69.24288847556576
299    69.19437979997431
303    69.1471911542677
307    69.10145594773715
312    69.04606465408182
317    68.9918087012941
322    68.93756501489031
327    68.88237749326191
332    68.8256388976001
337    68.76707643062707
342    68.70665059165201
347    68.64438782559661
352    68.58032631483749
357    68.51454594203462
362    68.44723009196889
367    68.3788031063194
372    68.31017406320015
377    68.24295750819743
383    68.16746984377153
389    68.10231153326414
395    68.05311735346355
401    68.02590736118495
407    68.02620787468959
413    68.05800899826247
419    68.12312454422637
425    68.22091191457682
431    68.34813178780117
437    68.49895486754242
443    68.66538343935937
449    68.83832965100501
456    69.0364229753591
463    69.21905929158777
470    69.37800692542042
477    69.50973438685968
484    69.61482471698409
491    69.69638415898504
498    69.75842273992791
505    69.805002183016
512    69.8399723684058
519    69.8667479880863
527    69.89110622733472
535    69.91263748985565
543    69.93498161691446
551    69.96090054802745
559    69.9914474211457
567    70.02599261757129
575    70.06260651274296
583    70.09847051344414
592    70.1341279801033
601    70.16125502655598
610    70.1774010593881
619    70.1817497229691
628    70.17534048066315
637    70.1605042971331
646    70.14015891910034
655    70.11719059849759
665    70.09124601379798
675    70.0665089839077
685    70.04375875434835
695    70.02324508074966
705    70.0049273224374
715    69.98859945579022
725    69.97394224998281
736    69.95926876922745
747    69.94547234298872
758    69.93178055942276
769    69.91761656126343
780    69.90285876350556
791    69.88784166280205
803    69.8719070843016
815    69.85742729597902
827    69.84529773645382
839    69.83606090505128
851    69.82978919176567
863    69.82621858509808
876    69.82506177660889
889    69.826574093138
902    69.83085881314632
915    69.83828084051424
928    69.84923213668577
942    69.86515096502441
956    69.88526510330611
970    69.90942944674016
984    69.93749300357285
998    69.96883784873418
1010    69.99737795240883
1020    70.02176330536392
1030    70.0463777064407
1050    70.09564662458655
1070    70.14446850326675
1090    70.19327520236848
1110    70.24342924781499
1130    70.29530176586124
1150    70.34837277782518
1170    70.40270161876973
1190    70.45871802390576
1210    70.51661946361583
1230    70.57636744240725
1250    70.63749269252288
1270    70.69925699327973
1290    70.76079720657674
1310    70.82125273014451
1330    70.87982770140027
1350    70.93572005079352
1370    70.98841364395173
1390    71.03800441269541
1410    71.08466552009797
1430    71.12883378226107
1450    71.17090710476866
1470    71.21066134101267
1490    71.24800511199513
1510    71.28330280766502
1530    71.31713004482197
1550    71.35033096908805
1570    71.38409859911818
1590    71.41972135460597
1610    71.4580654389479
1630    71.4991768175176
1650    71.54238324436781
1670    71.58663636260111
1690    71.63074480263737
1710    71.67351536684478
1730    71.71395394450164
1760    71.76914314600931
1790    71.8174083964455
1820    71.85923952941468
1850    71.89558626405099
1880    71.92740456186206
1910    71.95588079495283
1940    71.98212690999259
1970    72.00687938681972
2000    72.03024301056357
2030    72.05188179894955
2060    72.0710322958974
2090    72.0865830434517
2120    72.09697972715675
2150    72.10038099709314
2180    72.09500140613333
2210    72.07964640052184
2240    72.05403566142928
2270    72.01826411352845
2300    71.97247296477099
2330    71.91717293757189
2360    71.85341486625909
2390    71.78247867131155
2420    71.70551451643047
2460    71.59514747955843
2500    71.47771516938975
2540    71.35460606856476
2580    71.22561964686261
2620    71.08989533255775
2660    70.94860241702952
2700    70.80583420834256
2740    70.66731832021779
2780    70.53896984560429
2820    70.42505647477506
2860    70.32783331097815
2900    70.24878314624621
2940    70.18719078577084
2980    70.14016119761169
3020    70.10551313310053
3060    70.0825924950836
3100    70.07141751793972
3150    70.07374829586526
3200    70.09241125240808
3250    70.12576923794737
3300    70.17200598753135
3350    70.2288957220395
3400    70.29330151646485
3450    70.36068210474471
3500    70.42473224949691
3550    70.47758080298823
3600    70.5107893752915
3650    70.51715135959702
3700    70.49346344323433
3750    70.44200635914731
3800    70.37284730281009
3860    70.2936875867416
3920    70.25719073298117
3980    70.29694908763659
4040    70.42849046748428
4100    70.646077905437
4160    70.92741451421946
4220    71.24289044500281
4280    71.56615938141839
4340    71.87792378694735
4400    72.16174732820195
4460    72.40265393397152
4520    72.58975695747147
4590    72.7320395946827
4660    72.78995858649525
4730    72.76431550847866
4800    72.65888589876609
4870    72.48440511833576
4940    72.25760392451517
5010    71.9966917670869
5080    71.7180600705282
5150    71.434853455047
5220    71.1566428303483
5300    70.85406346907683
5380    70.57573901617943
5460    70.32684360677735
5540    70.10990670759308
5620    69.92663220770498
5700    69.77857447027401
5780    69.66764043514388
5860    69.59528186702022
5950    69.56080791865665
6040    69.5754999245668
6130    69.63752162594093
6220    69.74264839811954
6310    69.87771919416717
6400    70.0237219263521
6490    70.17892715710501
6580    70.36731465842146
6680    70.62984679541138
6780    70.91019039991403
6880    71.14840616408421
6980    71.2918720710951
7080    71.30008312783806
7180    71.14755129541709
7280    70.82697119458066
7390    70.29623866793449
7500    69.62170929568143
7610    68.85937455345578
7720    68.06541651787848
7830    67.2849848594568
7940    66.5454577341661
8060    65.80023567036923
8180    65.12610162902436
8300    64.52405745142026
8420    63.98576002265071
8540    63.495622519239205
8660    63.03725565457874
8790    62.564001112402906
8920    62.11695420701861
9050    61.71401309527681
9180    61.37811065255387
9310    61.12865462418755
9450    60.9726275638278
9590    60.942933217589726
9730    61.04289692721639
9870    61.26218471125624
10010    61.56883987427575
10160    61.955706324902344
10310    62.41895557014173
10460    63.018438876839795
10610    63.75879862752903
10760    64.57228334882818
10920    65.41817275716741
11080    66.16425187649536
11240    66.79802280875312
11400    67.34836741188656
11570    67.85445560071096
11740    68.23972108018722
11910    68.46128912594511
12080    68.54517357874414
12260    68.61019743040268
12440    68.83246751509839
12620    69.34085984867906
12800    70.13343449178083
12990    71.07884605283576
13180    71.72696488182606
13370    71.67558708916604
13560    70.83032708620453
13760    69.39749137250288
13960    67.9137326986839
14160    66.69709104485166
14370    65.67943356393204
14580    64.61515529197729
14790    63.14822981208455
15010    61.00688377095774
15230    58.37536281816449
15450    55.58043121909003
15670    52.967739972014954
15900    50.69303363801849
16130    49.021981423489834
16360    48.00398733781644
16600    47.47788820470562
16840    47.01158086356227
17080    46.08491697188813
17330    44.444988237340134
17580    42.358618468149544
17840    40.137196302467075
18100    38.25340137470424
18360    36.85304757043584
18630    35.69746996511692
18900    34.669849094497366
19170    33.973402224513016
19450    33.54367096305093
19730    32.673013410423565
20000    31.74473203796977
