20    70.26584440620627
20.3    70.25837581675
20.6    70.2510051006438
20.9    70.24371145027297
21.2    70.23645012247944
21.5    70.22913803382463
21.8    70.22165548637624
22.1    70.21386443345911
22.4    70.20563898066499
22.7    70.1968934676959
23    70.187603603068
23.3    70.17780654932957
23.6    70.16758026870669
23.9    70.15701136320355
24.2    70.14616050548516
24.6    70.13125621624194
25    70.11571315619165
25.4    70.09926161753182
25.8    70.08159690038843
26.2    70.06248553862864
26.6    70.04185962665662
27    70.01987779218993
27.4    69.99694371788355
27.8    69.97368498870053
28.2    69.95088583252979
28.6    69.92934955489903
29    69.90970453783545
29.4    69.89219655106405
29.8    69.87655040108399
30.2    69.86198855645546
30.6    69.84743761642977
31    69.8318569314139
31.5    69.80994265175845
32    69.7851210797302
32.5    69.75805719624188
33    69.72977437542579
33.5    69.70106702576732
34    69.67224985567188
34.5    69.64326562201475
35    69.61394276708816
35.5    69.58416047592537
36    69.5538431794576
36.5    69.52289656543418
37    69.49119366665887
37.5    69.45862977489034
38    69.42520092758309
38.6    69.38414726717147
39.2    69.34249343880572
39.8    69.30075924719112
40.4    69.2594267613967
41    69.2188956709382
41.6    69.179462710564
42.2    69.14123010072754
42.8    69.10402097461592
43.4    69.06745608838663
44    69.03112378931691
44.6    68.99469416357724
45.2    68.9579756502793
45.9    68.91474575957093
46.6    68.8711898507841
47.3    68.82730505884285
48    68.78305011506379
48.7    68.73843271039297
49.4    68.69315272585082
50.1    68.64658351890179
50.8    68.59848771600866
51.5    68.54913451750443
52.2    68.49857885352205
53    68.43921787148736
53.8    68.37909331491981
54.6    68.32013076307709
55.4    68.26379357742988
56.2    68.21082287689707
57    68.16117482761683
57.8    68.11331440969512
58.6    68.06494003727309
59.5    68.00858949506518
60.4    67.95088489604336
61.3    67.89252329569305
62.2    67.83320024968327
63.1    67.77252558037058
64    67.7104718673755
64.9    67.64714757371249
65.8    67.58305771041458
66.8    67.51216664044463
67.8    67.44271017549545
68.8    67.37491661827431
69.8    67.30836809866112
70.8    67.24247715676701
71.8    67.1767599527937
72.8    67.11093316258118
73.9    67.03827223476452
75    66.96538465743481
76.1    66.89242975373803
77.2    66.81955336550392
78.3    66.7467698170189
79.4    66.67393582822774
80.6    66.59421706112434
81.8    66.51411362161195
83    66.43366161670141
84.2    66.35307698599681
85.4    66.27269770563692
86.6    66.19289663742038
87.9    66.10758339462964
89.2    66.02386554439984
90.5    65.94185148004036
91.8    65.86148571219145
93.1    65.78275537619074
94.5    65.69984813238923
95.9    65.61893880672382
97.3    65.53998582634784
98.7    65.46273020474034
100    65.39211270410121
102    65.28463320321194
104    65.17757705775986
106    65.07033205242777
108    64.96283545388474
110    64.85581442259866
112    64.75060363497192
114    64.64891859414656
116    64.552348687233
118    64.46162076245633
120    64.37621534547445
122    64.29463040368843
124    64.21487148326592
126    64.13490162195764
128    64.0528258123645
130    63.96701059672412
132    63.87604902121812
134    63.7790101424073
136    63.675753228550164
138    63.5668703173786
140    63.45354800595998
142    63.33742175026521
144    63.220614345698834
146    63.10579726821578
148    62.99602059123188
150    62.89461476779462
152    62.805113439898705
154    62.73105660313243
156    62.67575349214449
158    62.64185537301664
160    62.630729854038734
162    62.64201234365945
164    62.673185652093004
166    62.71947548228515
168    62.77429468548651
170    62.83019046687706
173    62.900962701175374
176    62.940776848332774
179    62.941573991984946
182    62.905542096879515
185    62.842548842934676
188    62.76623476635755
191    62.690984313314715
194    62.62919438474012
197    62.58916950790456
200    62.57386099454284
203    62.58055820320844
206    62.601988298164756
209    62.628470771762444
212    62.65029417731307
215    62.65951714174182
218    62.65109663091863
221    62.62320154132858
224    62.576666772849734
227    62.51407679939439
230    62.438939391863855
233    62.35505064098945
236    62.26596741856553
239    62.17467460837601
243    62.053346135743546
247    61.935842934314834
251    61.824606036595995
255    61.72104932952719
259    61.62586144625598
263    61.538834099914354
267    61.45867919909661
271    61.383371840631284
275    61.31067705346686
279    61.23853482506998
283    61.16536084730929
287    61.09022946113998
291    61.01283474920693
295    60.933305707556855
299    60.85207703356446
303    60.76974060780397
307    60.68687392012883
312    60.58337570571105
317    60.480883594023624
322    60.38005090848996
327    60.28126138460484
332    60.18473268372319
337    60.09032793415081
342    59.99763870522763
347    59.906256849618984
352    59.81606575678752
357    59.72722257798837
362    59.64029546454724
367    59.55646153671556
372    59.47733198033164
377    59.404629050735
383    59.32820506016258
389    59.26593488172673
395    59.219426353408934
401    59.18914275961795
407    59.17426952262802
413    59.17278442560331
419    59.18209355148335
425    59.199516776119
431    59.22256703681533
437    59.24905636829706
443    59.27742382237631
449    59.30707763004285
456    59.34313343676047
463    59.38035020131779
470    59.41830183033319
477    59.45684784326913
484    59.495916608689356
491    59.53541589979029
498    59.57529163150117
505    59.61550918182648
512    59.65602835157584
519    59.69686982119744
527    59.74426044534608
535    59.79307663111005
543    59.84403247936595
551    59.89769949300815
559    59.9543841589237
567    60.01402804013921
575    60.07602573416373
583    60.13916334663105
592    60.20942301010712
601    60.27635263939542
610    60.33774023455327
619    60.392246744813164
628    60.439910936956764
637    60.481695617000156
646    60.5189156054642
655    60.55307795209359
665    60.588850438467304
675    60.62329321027832
685    60.657275600108775
695    60.69121032656628
705    60.72522171693464
715    60.7598215560067
725    60.79586690443355
736    60.83856839113711
747    60.88629140271656
758    60.94122696433968
769    61.00592330426102
780    61.08140059491821
791    61.16146791944708
803    61.23677174775534
815    61.28753723082727
827    61.322095117786034
839    61.35564398666267
851    61.39641904881492
863    61.44541255854048
876    61.506390245747795
889    61.57500541785538
902    61.65056077014519
915    61.731891886495845
928    61.818197552839635
942    61.916135039113136
956    62.018125371789324
970    62.12305748366026
984    62.23098613497132
998    62.34314145522843
1010    62.44332829796616
1020    62.529165837186454
1030    62.61616566725189
1050    62.79131037604718
1070    62.96775414062779
1090    63.144853188905515
1110    63.321139243063385
1130    63.49696336818279
1150    63.674294698995546
1170    63.85342176668807
1190    64.03352740311614
1210    64.2143084135027
1230    64.39577248617077
1250    64.57827711330128
1270    64.76150384684877
1290    64.94420520716368
1310    65.12615845840321
1330    65.3083966494069
1350    65.49196079144795
1370    65.67692616615696
1390    65.86334813109028
1410    66.0515883821671
1430    66.2411750844006
1450    66.4314645407924
1470    66.62267977552153
1490    66.81603738364922
1510    67.01281503391519
1530    67.2127231130258
1550    67.41465407473693
1570    67.61847043577266
1590    67.82448558594461
1610    68.03305209630557
1630    68.24444682983682
1650    68.45882439520732
1670    68.67623100177471
1690    68.89658572136491
1710    69.11948524583673
1730    69.3442581744494
1760    69.68471704337995
1790    70.03045343569516
1820    70.38067571909068
1850    70.7326443619474
1880    71.08336047014859
1910    71.43019935841636
1940    71.7701529231483
1970    72.09975002208134
2000    72.41528100124737
2030    72.71250134334052
2060    72.98690424053703
2090    73.23431544845477
2120    73.45095479506465
2150    73.63314805280447
2180    73.77796165603657
2210    73.88377517919544
2240    73.95090643551374
2270    73.98114422172256
2300    73.97723533624435
2330    73.94251923459314
2360    73.88103471923738
2390    73.79730496330895
2420    73.695840351292
2460    73.54077498314646
2500    73.3730816754161
2540    73.20233027624226
2580    73.03586654119795
2620    72.87824949913039
2660    72.73339228966952
2700    72.6066147068249
2740    72.50248359686233
2780    72.42475981108755
2820    72.37703345246237
2860    72.35947884326487
2900    72.3697312867539
2940    72.4063175880635
2980    72.46905038138145
3020    72.55727804222698
3060    72.66679483732844
3100    72.78956685926497
3150    72.94633551503901
3200    73.08246469350662
3250    73.16395613086425
3300    73.15349931091956
3350    73.01684841901866
3400    72.73582508881691
3450    72.31397869294676
3500    71.77385728860318
3550    71.15114464079514
3600    70.4852021384093
3650    69.81104491844195
3700    69.15480815640657
3750    68.53362136449985
3800    67.95762260765379
3860    67.33300214979413
3920    66.78408297035625
3980    66.31420091675639
4040    65.92984049955804
4100    65.63862427199825
4160    65.44623101541683
4220    65.3549664620829
4280    65.36416910543937
4340    65.47197351467028
4400    65.67373055344754
4460    65.95998437781051
4520    66.31823494661674
4590    66.80974478974854
4660    67.35642046521545
4730    67.9232591054492
4800    68.47278706514805
4870    68.97815191191125
4940    69.40970629355459
5010    69.71948946609126
5080    69.86597323245964
5150    69.83944131658892
5220    69.65815265106174
5300    69.3034872012824
5380    68.84693089755916
5460    68.34796274808104
5540    67.85318370740407
5620    67.39214443895386
5700    66.98465627796543
5780    66.641914744812
5860    66.36843847747605
5950    66.14415686518622
6040    66.00564483392907
6130    65.9507381464498
6220    65.97725587480738
6310    66.08010782536778
6400    66.25281181557737
6490    66.4910638069546
6580    66.78743274281302
6680    67.16668662550366
6780    67.56736030139112
6880    67.94300366743306
6980    68.23228705260689
7080    68.3906184316117
7180    68.42426329125348
7280    68.3583992172225
7390    68.18786890962377
7500    67.93174837877592
7610    67.61903698301936
7720    67.28631782276145
7830    66.96758429580431
7940    66.69247547303192
8060    66.46746723335579
8180    66.33672609023634
8300    66.31276657153856
8420    66.40462508241265
8540    66.61656449658123
8660    66.93467407531854
8790    67.34764406811601
8920    67.74029301325402
9050    67.99329656345964
9180    67.99405341186355
9310    67.68378256721894
9450    67.03309425880632
9590    66.17606272282961
9730    65.25159017382757
9870    64.34561214128397
10010    63.46062011157973
10160    62.47259651460222
10310    61.38800548198165
10460    60.20604050534488
10610    58.97789490810352
10760    57.81136638437212
10920    56.806135963587664
11080    56.19082551146614
11240    55.98673082574278
11400    56.143917917284426
11570    56.648708860354986
11740    57.44150532079961
11910    58.45227573524436
12080    59.56097827709288
12260    60.6551807669194
12440    61.50545472951404
12620    62.06265156284128
12800    62.366913125414115
12990    62.481526862551476
13180    62.44874280729799
13370    62.306768537622375
13560    62.00761310755166
13760    61.38556381393496
13960    60.34060140958013
14160    58.90344022586157
14370    57.169301290012456
14580    55.44449874477027
14790    53.85329457085867
15010    52.36556800117806
15230    51.09695213747686
15450    50.08145027301825
15670    49.33555425103605
15900    48.85338299280161
16130    48.671429979803676
16360    48.80033251546406
16600    49.28406773223995
16840    50.06750684119416
17080    51.0605741258553
17330    52.22937333153514
17580    53.35666979443434
17840    54.205928599885056
18100    54.57751815010414
18360    54.501868830273295
18630    53.74573601714826
18900    51.93803423001643
19170    49.43772723240566
19450    47.22256192908777
19730    46.004009673231394
20000    45.58020709898723
