20    68.90164066472278
20.3    68.8903315569654
20.6    68.87881736768433
20.9    68.86663270030769
21.2    68.85332084982835
21.5    68.83857996015186
21.8    68.82239932867651
22.1    68.80514679965195
22.4    68.78753297513563
22.7    68.77045059125612
23    68.7547130472555
23.3    68.74079660144977
23.6    68.72868983948686
23.9    68.71791477163222
24.2    68.70770905770642
24.6    68.69367386660699
25    68.67805361412113
25.4    68.6605233263694
25.8    68.64144891307006
26.2    68.62137691451078
26.6    68.60064901710945
27    68.5793349382071
27.4    68.55739333205167
27.8    68.53482929478062
28.2    68.51171168312572
28.6    68.4881040383554
29    68.46402979316653
29.4    68.43953927701588
29.8    68.41481700761585
30.2    68.39021806311968
30.6    68.36618105132104
31    68.3430733047413
31.5    68.31573738286113
32    68.2900016699615
32.5    68.26542692052166
33    68.241400896346
33.5    68.21724568522853
34    68.19236028299292
34.5    68.16642049698109
35    68.13945913468797
35.5    68.11167230966791
36    68.08314063226777
36.5    68.05378831862755
37    68.02365169974976
37.5    67.99315269436892
38    67.96305472603835
38.6    67.92848571163377
39.2    67.8960465883811
39.8    67.86507530238647
40.4    67.83398867301975
41    67.80103095978797
41.6    67.76509544360883
42.2    67.72610812994859
42.8    67.68487460539478
43.4    67.64272414619052
44    67.60108350946882
44.6    67.56090116423343
45.2    67.52220211747758
45.9    67.4779830207404
46.6    67.43378178622366
47.3    67.38955782650184
48    67.34594031674753
48.7    67.30353221621085
49.4    67.2627138338924
50.1    67.22361585811083
50.8    67.18598783220997
51.5    67.14927367288817
52.2    67.11297663197732
53    67.07183795942595
53.8    67.031296377272
54.6    66.99153250941633
55.4    66.95223653020611
56.2    66.91249182197156
57    66.87115529813923
57.8    66.82750988146887
58.6    66.78153918395918
59.5    66.72773081711219
60.4    66.67314051413055
61.3    66.619644583092
62.2    66.5684342079254
63.1    66.51953365435878
64    66.47248338734445
64.9    66.42676777324485
65.8    66.38168733523926
66.8    66.33146439908299
67.8    66.28058509598449
68.8    66.22897253290822
69.8    66.17674225336805
70.8    66.12407436758954
71.8    66.07113303779273
72.8    66.01792028382374
73.9    65.95880488978631
75    65.89870949313718
76.1    65.83747084137468
77.2    65.77520394265144
78.3    65.71214541552851
79.4    65.64848496667358
80.6    65.57846238407129
81.8    65.5079036088924
83    65.43687285538218
84.2    65.36545796419983
85.4    65.29383207903312
86.6    65.22227224475242
87.9    65.14507672626107
89.2    65.06827885949775
90.5    64.99174771515217
91.8    64.91531501935555
93.1    64.83895762586499
94.5    64.75718822971889
95.9    64.67703082071688
97.3    64.60019014456032
98.7    64.5280277901496
100    64.46570938894678
102    64.37743739758972
104    64.29430975716201
106    64.21256308359042
108    64.12990706715155
110    64.04433665442286
112    63.95375248573917
114    63.85667778600438
116    63.75240389300865
118    63.640913784759945
120    63.52284743850544
122    63.39933810638148
124    63.2718439565105
126    63.14149288256516
128    63.01008224133912
130    62.88061053222616
132    62.75700097301544
134    62.64409044137402
136    62.547281557949034
138    62.47182262067399
140    62.42161583689306
142    62.39806401941979
144    62.4007465363869
146    62.42721886653325
148    62.47266491080511
150    62.531525373555525
152    62.5996681518354
154    62.67473702843877
156    62.75490572449173
158    62.83749933470813
160    62.91869099475878
162    62.99478013428977
164    63.06350389970217
166    63.12416495129135
168    63.17689938613539
170    63.22217324534341
173    63.27728826795825
176    63.31838799883519
179    63.3466375274772
182    63.36310616834667
185    63.36797815592363
188    63.36100038164942
191    63.34225131873612
194    63.312199097893696
197    63.27135239144721
200    63.22029734233283
203    63.16017774622266
206    63.092715521687396
209    63.01986411932445
212    62.943524885256394
215    62.8653994738198
218    62.78682921643405
221    62.708858782481755
224    62.632512743314734
227    62.558789302146415
230    62.48847979032912
233    62.422096119160884
236    62.359458113025404
239    62.300052599327145
243    62.22548778609495
247    62.15590159728968
251    62.08987721676826
255    62.02544666528856
259    61.96123721929797
263    61.89677509681543
267    61.83208037405265
271    61.76730699960068
275    61.70268030297746
279    61.638416187484424
283    61.57471532652679
287    61.511844138162154
291    61.45019062369424
295    61.390200751486695
299    61.3322059662467
303    61.27625858228063
307    61.22208715408887
312    61.15606593848069
317    61.09087179303872
322    61.02561359613174
327    60.95944817981399
332    60.8917628321949
337    60.82230754467052
342    60.75113529069745
347    60.67861022651042
352    60.60528157556992
357    60.53182589922521
362    60.4588829790881
367    60.3870857947324
372    60.317479027013576
377    60.25160800198839
383    60.18025098750084
389    60.12125025931256
395    60.0794621698394
401    60.060107394704445
407    60.067885304887156
413    60.10553240504053
419    60.173224252011636
425    60.268541689845996
431    60.38651453266673
437    60.52023176407519
443    60.66202375308956
449    60.80471040221858
456    60.964467308397424
463    61.11057109941261
470    61.23932088097668
477    61.34961002828092
484    61.442276406449636
491    61.51970931929509
498    61.585333976906306
505    61.64341988737579
512    61.698729668443924
519    61.75580158971664
527    61.82746550861445
535    61.90830669862132
543    61.99848052368222
551    62.096482374785694
559    62.19982570319007
567    62.305568861771945
575    62.41068304986193
583    62.51244031066601
592    62.62024139325593
601    62.718918652187355
610    62.807468407825624
619    62.88610691060484
628    62.95609889425439
637    63.01938186416851
646    63.07812872910743
655    63.134426632178574
665    63.196775068836544
675    63.26179442783604
685    63.33086164527468
695    63.403583627695426
705    63.478531332722156
715    63.554208913528655
725    63.62970860253867
736    63.71213149588266
747    63.79363803596489
758    63.87391740979153
769    63.95267733308036
780    64.02991315177663
791    64.10614383284539
803    64.18909581886683
815    64.27253472397223
827    64.35681586306247
839    64.44219143977678
851    64.52866095168305
863    64.61611546714187
876    64.71227771622618
889    64.81033403256023
902    64.91050723804857
915    65.01292480208812
928    65.11768158990986
942    65.23311520170968
956    65.35104834932022
970    65.47096522495951
984    65.59223778639392
998    65.71435826634502
1010    65.81941159924406
1020    65.90708831423157
1030    65.99483814429988
1050    66.17028233349251
1070    66.3447465092865
1090    66.5175579130416
1110    66.6882774443674
1130    66.85683562464104
1150    67.02305380090085
1170    67.1861636423981
1190    67.34534443959737
1210    67.5001933078542
1230    67.65094287244051
1250    67.79762941802394
1270    67.94002491774805
1290    68.07885130247583
1310    68.21558407123075
1330    68.35111631698285
1350    68.48503341844753
1370    68.61630849061918
1390    68.74419603038564
1410    68.86843510800101
1430    68.98900682099944
1450    69.10586031953915
1470    69.21898244286348
1490    69.32855650653838
1510    69.43488791410167
1530    69.53814584476387
1550    69.63820770923164
1570    69.73483032929286
1590    69.82791939706335
1610    69.9175444939097
1630    70.00397141335088
1650    70.08747091349186
1670    70.16827423175192
1690    70.24646905048239
1710    70.32198000433388
1730    70.39469306363952
1760    70.49831435812456
1790    70.59500869145894
1820    70.68442999161675
1850    70.76632247755808
1880    70.8404764385123
1910    70.90668146596725
1940    70.96471117251686
1970    71.0144373463464
2000    71.05549942519892
2030    71.08760335440788
2060    71.11081119234537
2090    71.12526486902595
2120    71.13121515713772
2150    71.1289884303129
2180    71.11881724214587
2210    71.10072940789834
2240    71.07497490960378
2270    71.04247238227347
2300    71.0040070893875
2330    70.96023392739372
2360    70.911746174041
2390    70.858955126929
2420    70.80213480175688
2460    70.72078596462492
2500    70.63459616139232
2540    70.54525368935299
2580    70.45416148644603
2620    70.36260425183725
2660    70.27204879649813
2700    70.18381398411304
2740    70.0988637822484
2780    70.01790624640157
2820    69.9417699066591
2860    69.87172225979648
2900    69.80880596814617
2940    69.75341689573318
2980    69.70545221709258
3020    69.66484755331257
3060    69.63179589654581
3100    69.6064219000767
3150    69.58505860064295
3200    69.57479736866412
3250    69.57684338073093
3300    69.59180544873745
3350    69.6196615094515
3400    69.65984411948976
3450    69.71028654953022
3500    69.76828657568838
3550    69.83211590409024
3600    69.90044851219676
3650    69.9713009561947
3700    70.0421468089957
3750    70.10949277784871
3800    70.16931137673683
3860    70.22651357800144
3920    70.26387470472471
3980    70.27763427978712
4040    70.26428443529218
4100    70.22056776808193
4160    70.14369881766258
4220    70.03217788046712
4280    69.88654068783433
4340    69.70999880143884
4400    69.50882058952371
4460    69.29138667314932
4520    69.06653248019755
4590    68.8070126904601
4660    68.56503367306442
4730    68.3554123826093
4800    68.19364379227324
4870    68.09647544382264
4940    68.08097833188799
5010    68.16457271198678
5080    68.36499985853713
5150    68.69904669900842
5220    69.17990588522764
5300    69.90884822650666
5380    70.78337664943638
5460    71.68780001853554
5540    72.43980730578963
5620    72.85521445432649
5700    72.84845879658101
5780    72.479325133911
5860    71.90395791624854
5950    71.20896282874122
6040    70.60435414920124
6130    70.14877376203319
6220    69.84882302584424
6310    69.68903284952961
6400    69.64664975447593
6490    69.69681207355407
6580    69.81208316103226
6680    69.97807900898759
6780    70.13583543683666
6880    70.2339828711033
6980    70.22845453835043
7080    70.08864046491753
7180    69.80207110136342
7280    69.37716117233086
7390    68.782024584629
7500    68.10420791419139
7610    67.39842449897935
7720    66.71023299216074
7830    66.06947175405946
7940    65.49337260839425
8060    64.94931501401805
8180    64.49565131725322
8300    64.12902727356305
8420    63.842847930534546
8540    63.62847603685019
8660    63.47496538998216
8790    63.36088677151814
8920    63.28070202146565
9050    63.21449677668672
9180    63.14950473560806
9310    63.08284977307643
9450    63.014096355618236
9590    62.96586108943961
9730    62.96764735267148
9870    63.04506810211407
10010    63.21073617334986
10160    63.48402120519728
10310    63.842436602215805
10460    64.27489817111989
10610    64.78586150672004
10760    65.3697331149449
10920    66.0157874226071
11080    66.60441187407099
11240    67.12290552739849
11400    67.6202113705983
11570    68.0930207637324
11740    68.41536793671956
11910    68.5500142242223
12080    68.45388537196615
12260    68.03638580676164
12440    67.27714155170067
12620    66.24672701462583
12800    65.09315035130882
12990    63.9275923011656
13180    62.93850311457022
13370    62.132072192075874
13560    61.45069751064017
13760    60.86203586125096
13960    60.52516554072234
14160    60.58532675300958
14370    61.07092184895804
14580    61.803845854866516
14790    62.55440792637681
15010    63.11769787787699
15230    63.255201038006
15450    62.94637031995379
15670    62.327874802791925
15900    61.43810364684737
16130    60.28393908932438
16360    59.059426800194956
16600    57.77747156019389
16840    56.372089086596795
17080    55.192765158267996
17330    54.486883042884216
17580    54.032162231853825
17840    53.33664922407966
18100    52.36291441687097
18360    51.50636425075196
18630    51.01374969453754
18900    50.72227953787838
19170    50.41204728238946
19450    50.226448150487684
19730    50.344109852774366
20000    50.53289299898019
