20    70.12510330588304
20.3    70.12993964935441
20.6    70.13448244103711
20.9    70.13857132571984
21.2    70.14216113947978
21.5    70.14530153025663
21.8    70.14807472570664
22.1    70.15053567677704
22.4    70.15267598887732
22.7    70.15442049582265
23    70.1556532001693
23.3    70.15625797700446
23.6    70.15615548836482
23.9    70.15532852610932
24.2    70.15383128389382
24.6    70.15096937439824
25    70.1473354704392
25.4    70.14302450268873
25.8    70.13791963109264
26.2    70.13176209998821
26.6    70.12430489794272
27    70.11544680360802
27.4    70.10524481485052
27.8    70.09384573862813
28.2    70.08138708912549
28.6    70.06794846084082
29    70.05357468839915
29.4    70.03833230488863
29.8    70.02234409951592
30.2    70.00575540012407
30.6    69.9886797471178
31    69.97115939798036
31.5    69.94858336651416
32    69.92514542207056
32.5    69.90078425412716
33    69.8755377365247
33.5    69.8495009560116
34    69.82277132728399
34.5    69.7954455183567
35    69.76764480601203
35.5    69.739503452687
36    69.71110849923895
36.5    69.68243720465114
37    69.65335967783408
37.5    69.62372015323803
38    69.59341749398646
38.6    69.55613312762256
39.2    69.5178359490883
39.8    69.47852167614673
40.4    69.43820048532234
41    69.39688774767241
41.6    69.35454240919131
42.2    69.31108134750349
42.8    69.26651491119566
43.4    69.22099524892201
44    69.1746538588412
44.6    69.12742174161893
45.2    69.07918440409206
45.9    69.02191079186677
46.6    68.96433553738964
47.3    68.90695439907792
48    68.84967795789161
48.7    68.79247995260785
49.4    68.73561952084304
50.1    68.67906620245904
50.8    68.62224440554473
51.5    68.56457920034774
52.2    68.50592532534515
53    68.43784789700683
53.8    68.36887450127092
54.6    68.29921095797485
55.4    68.22905388283843
56.2    68.15848135169387
57    68.08739120552549
57.8    68.01558502865468
58.6    67.94281655779292
59.5    67.8592818982145
60.4    67.77326688090619
61.3    67.68423504975223
62.2    67.59211043663595
63.1    67.49712138580834
64    67.39954859009629
64.9    67.2999303673855
65.8    67.19915315941199
66.8    67.08707270613647
67.8    66.9765204141319
68.8    66.8694475357012
69.8    66.76794758329956
70.8    66.6742355179337
71.8    66.59049708614525
72.8    66.5186036656873
73.9    66.45481477386045
75    66.40829747392667
76.1    66.3799543818359
77.2    66.37014008625832
78.3    66.37878719097608
79.4    66.40554847844835
80.6    66.45470973950538
81.8    66.52346119340763
83    66.60970407354174
84.2    66.71029370666938
85.4    66.82093942515502
86.6    66.93639176052915
87.9    67.06032547381218
89.2    67.17645032746111
90.5    67.27925439864643
91.8    67.36504760561968
93.1    67.43218319430792
94.5    67.48391194667478
95.9    67.5163941649998
97.3    67.53290070872846
98.7    67.53723363813342
100    67.53361161313921
102    67.51889711567213
104    67.49674075273046
106    67.46790464987835
108    67.4310764775237
110    67.38491499271711
112    67.3291994726205
114    67.2650076894601
116    67.19433880785492
118    67.1194346203132
120    67.04225897041364
122    66.96420684065976
124    66.88611241214362
126    66.8083704453936
128    66.7311650075272
130    66.65466419226254
132    66.57909744826414
134    66.50475178722544
136    66.43195677811111
138    66.36108691728899
140    66.29244734727774
142    66.22611955200065
144    66.16189508082171
146    66.09939791557397
148    66.03820534905357
150    65.97792808648416
152    65.91824209317096
154    65.85890285694985
156    65.79976421887011
158    65.74075979195464
160    65.68187129436595
162    65.62311425589192
164    65.56454302026953
166    65.50623818955535
168    65.44829713473285
170    65.39081471626952
173    65.30560420908859
176    65.22177337508376
179    65.13949537811321
182    65.05890205729499
185    64.98003773390921
188    64.90283435795538
191    64.82714799655247
194    64.75286095049191
197    64.67985844510389
200    64.60792182514265
203    64.53670844439213
206    64.46583753541708
209    64.39501285477968
212    64.32408655520491
215    64.25306356354699
218    64.18205931629818
221    64.11127725909284
224    64.04099841923218
227    63.97154196000088
230    63.903211986023805
233    63.836284196619914
236    63.77097900594616
239    63.70737316441081
243    63.62502437073056
247    63.54496226426902
251    63.46637733753563
255    63.388375675965364
259    63.31024379536302
263    63.23160233359066
267    63.15244462927227
271    63.0730513542655
275    62.99383134107175
279    62.915213878951334
283    62.837594578241294
287    62.76130223388342
291    62.68662528894796
295    62.613873314316606
299    62.54342503161428
303    62.475740034448094
307    62.411392915445376
312    62.33662531260208
317    62.26916343628458
322    62.20976176622599
327    62.158887780380184
332    62.116871519979064
337    62.084102957426424
342    62.06120110782996
347    62.04903728559187
352    62.04861186155083
357    62.06080661776646
362    62.08608509016692
367    62.124258833083296
372    62.17446734777271
377    62.23527531921141
383    62.31957493497859
389    62.41287690267625
395    62.51179873583773
401    62.613515045697085
407    62.7158515285887
413    62.817146369479715
419    62.91609147065255
425    63.01158242735974
431    63.10268493313532
437    63.188689641897085
443    63.26925862347389
449    63.34464713042383
456    63.426927958959666
463    63.50404069323511
470    63.575890360606415
477    63.64080445087145
484    63.69612330674421
491    63.739470731492204
498    63.769479420665505
505    63.78583605152117
512    63.78980089664597
519    63.78489968693656
527    63.77647777216018
535    63.776316247119
543    63.79347739884575
551    63.829240330630086
559    63.87842174657077
567    63.93496094055823
575    63.99461380195619
583    64.05498414633774
592    64.1223354468054
601    64.18843827935252
610    64.25296076948791
619    64.31548025812789
628    64.375139212935
637    64.4307269798426
646    64.4814208821844
655    64.52779413539959
665    64.57725892209723
675    64.62901407594637
685    64.68604364753793
695    64.74800001006608
705    64.81221424536889
715    64.87594080646076
725    64.93773942395595
736    65.00343298166439
747    65.06767146512694
758    65.13162389914348
769    65.1961624746742
780    65.26171701540721
791    65.32839967202283
803    65.40241980061998
815    65.47777579471224
827    65.55452707900412
839    65.63276128667033
851    65.71264589327802
863    65.79434177235049
876    65.88509646642271
889    65.97839165116143
902    66.07427908269727
915    66.17267200738623
928    66.27324915662255
942    66.38338487599748
956    66.49456846096268
970    66.6059640811771
984    66.71687400415156
998    66.82677201107549
1010    66.91991203498422
1020    66.99666746846064
1030    67.0725499598407
1050    67.22146735152097
1070    67.36656530716232
1090    67.50817925031912
1110    67.64716982184827
1130    67.78463160088937
1150    67.92148617499609
1170    68.05818318393182
1190    68.19437357552326
1210    68.32925198570662
1230    68.46174619186897
1250    68.59091269746878
1270    68.71620663142099
1290    68.83794407513852
1310    68.9572547926164
1330    69.07558769642355
1350    69.19420320132063
1370    69.31347961331292
1390    69.43264735061058
1410    69.55035397317337
1430    69.66547029416687
1450    69.77735188637368
1470    69.88601739799269
1490    69.99189715951518
1510    70.095422136638
1530    70.1968358506042
1550    70.29624461774719
1570    70.39377975494602
1590    70.48966975867981
1610    70.58409337922001
1630    70.67707029260828
1650    70.76846870420052
1670    70.8581637450527
1690    70.94628397345802
1710    71.03320963911223
1730    71.11954251509697
1760    71.24972858625729
1790    71.38303884742365
1820    71.5202735625729
1850    71.66060805045547
1880    71.80270574162438
1910    71.94570946554867
1940    72.08907230494778
1970    72.23245091935222
2000    72.37572732345822
2030    72.51892002825554
2060    72.66187563228362
2090    72.8045069979975
2120    72.94687141277241
2150    73.08895609702995
2180    73.23038415622779
2210    73.37079209470132
2240    73.51031506908637
2270    73.64888579179086
2300    73.78613036398055
2330    73.92170728235901
2360    74.05527836391354
2390    74.18679658921523
2420    74.3164535423494
2460    74.48661419698122
2500    74.65332409922785
2540    74.81602496817565
2580    74.97447043809439
2620    75.12848932137331
2660    75.27797720315925
2700    75.422885681401
2740    75.56326711639898
2780    75.69936477283531
2820    75.83137915464602
2860    75.95916095405389
2900    76.08199889656733
2940    76.199506466337
2980    76.31206405747191
3020    76.41984490606055
3060    76.52275565666673
3100    76.62090955351619
3150    76.7372233352241
3200    76.84663287968672
3250    76.94988580240167
3300    77.04757972835006
3350    77.14042557856737
3400    77.22899702313119
3450    77.31396240809599
3500    77.39601433977165
3550    77.47587527619112
3600    77.55427370077632
3650    77.6320030973377
3700    77.70923241050701
3750    77.78582268543576
3800    77.86122260733217
3860    77.94993032628395
3920    78.03746483416478
3980    78.12488129963634
4040    78.20825882443677
4100    78.28016086783342
4160    78.33491231954075
4220    78.36951733975722
4280    78.38129455067323
4340    78.36557099171175
4400    78.31950467750264
4460    78.2425793818548
4520    78.13315032116233
4590    77.96516648853923
4660    77.76052746997124
4730    77.5264128596651
4800    77.27395397150838
4870    77.01515111124827
4940    76.75811945303508
5010    76.5032245042437
5080    76.24433416077255
5150    75.97572229349676
5220    75.6981678211171
5300    75.37756880866883
5380    75.06498903807004
5460    74.77392911367114
5540    74.5128298443632
5620    74.28254075302655
5700    74.08338583195965
5780    73.92202488107225
5860    73.7977685058529
5950    73.6952445097264
6040    73.62412284390574
6130    73.58667368239026
6220    73.59159301042763
6310    73.62955010226742
6400    73.68102649431104
6490    73.73134102505375
6580    73.76086081603819
6680    73.74398041067352
6780    73.64825930591826
6880    73.45517234208774
6980    73.158916919999
7080    72.76672407010905
7180    72.29445141656865
7280    71.76311492877863
7390    71.138778086889
7500    70.51708351724352
7610    69.96758188948291
7720    69.52597570788222
7830    69.14136411748362
7940    68.77562083922105
8060    68.41042200434727
8180    68.11708147191452
8300    67.90771581090988
8420    67.77906855505645
8540    67.72424917373684
8660    67.73063221103979
8790    67.79156841118622
8920    67.8962507607174
9050    68.02519547111791
9180    68.16738349376926
9310    68.31240079672739
9450    68.4653204710213
9590    68.61085155746733
9730    68.74417623896773
9870    68.8617141154105
10010    68.96331592123303
10160    69.0558712269833
10310    69.12912766454883
10460    69.17332913563334
10610    69.18790927867988
10760    69.18833327394782
10920    69.16218518665497
11080    69.09246549295291
11240    68.98317573657178
11400    68.84418062590174
11570    68.66009234126973
11740    68.43661542354894
11910    68.13327055576423
12080    67.778565074411
12260    67.30923938807382
12440    66.79389390936177
12620    66.28175345222203
12800    65.84263021797335
12990    65.54383787059803
13180    65.30732301717222
13370    65.29890869943824
13560    65.48219282634082
13760    65.83479752348893
13960    66.21622019638656
14160    66.36869993539742
14370    66.30434147256412
14580    65.94722918810493
14790    65.4915722956255
15010    64.97604441588018
15230    64.23563920984307
15450    63.102652253534565
15670    61.734829843515186
15900    60.31269735949941
16130    59.088797734723215
16360    58.199743910932995
16600    57.67863835559204
16840    57.50576444395363
17080    57.66033530921425
17330    58.231127996165476
17580    59.11591536115226
17840    60.070499514683846
18100    60.63781799584764
18360    60.4180500859659
18630    59.25578046518931
18900    57.45701751743934
19170    55.300876645301535
19450    52.45886361917289
19730    49.06138337896327
20000    48.69731287319429
