20    65.12930687939877
20.3    65.15861899661337
20.6    65.1873780857012
20.9    65.21541322180306
21.2    65.24254148316285
21.5    65.26863957206507
21.8    65.293697169652
22.1    65.31782728778032
22.4    65.34121870658234
22.7    65.36406471219033
23    65.38650056152824
23.3    65.40857213704058
23.6    65.43024626897208
23.9    65.45144689924933
24.2    65.47210181157499
24.6    65.49874769302247
25    65.5244229283296
25.4    65.54923455518238
25.8    65.57327187718641
26.2    65.59658328336431
26.6    65.61920243974347
27    65.64118828922778
27.4    65.66263308426247
27.8    65.6836329311111
28.2    65.704251208845
28.6    65.72451498968684
29    65.74444153801377
29.4    65.76406709414064
29.8    65.78345251627172
30.2    65.80265183100849
30.6    65.82167567033983
31    65.84047910624022
31.5    65.86355406126397
32    65.88603162040215
32.5    65.90787825870399
33    65.92916106688992
33.5    65.94998493964653
34    65.9704175976039
34.5    65.9904538047887
35    66.01003523441435
35.5    66.02909160570908
36    66.04757703283701
36.5    66.06548282794802
37    66.08283601813535
37.5    66.0996915818525
38    66.11611720822117
38.6    66.13535184087215
39.2    66.15415202797263
39.8    66.1725687496681
40.4    66.19059505585098
41    66.20816027888608
41.6    66.22516073849926
42.2    66.24151889715836
42.8    66.25721264449673
43.4    66.27225573260507
44    66.28668050564593
44.6    66.30055153467998
45.2    66.3139681287264
45.9    66.32916743720354
46.6    66.34393502526407
47.3    66.35825678835242
48    66.37211301029012
48.7    66.38550814098531
49.4    66.39844471564736
50.1    66.41090258055166
50.8    66.42284589900399
51.5    66.43424550830075
52.2    66.44510506652385
53    66.45691742413419
53.8    66.46819695601468
54.6    66.47903163236325
55.4    66.48943477223405
56.2    66.49933937307523
57    66.50864936720996
57.8    66.51729360602837
58.6    66.52524742854888
59.5    66.53339902167492
60.4    66.54080290962582
61.3    66.5476263829902
62.2    66.55407183219707
63.1    66.56032221341908
64    66.56653000686103
64.9    66.57283786448573
65.8    66.57938776253968
66.8    66.58709679856895
67.8    66.59537423897794
68.8    66.60428774920508
69.8    66.6138349353183
70.8    66.62397356957891
71.8    66.63467287754523
72.8    66.64593032074613
73.9    66.65899854698435
75    66.67284295444873
76.1    66.68745834172611
77.2    66.7027134257542
78.3    66.71834206590961
79.4    66.73397239081558
80.6    66.75061351612874
81.8    66.76656842601679
83    66.78154356910522
84.2    66.79500629306551
85.4    66.8063211161423
86.6    66.81486504267431
87.9    66.82035685548396
89.2    66.82148624018308
90.5    66.81817225633148
91.8    66.81071488748543
93.1    66.79963573396844
94.5    66.78435216359853
95.9    66.7663634208817
97.3    66.74637736144098
98.7    66.72495517272631
100    66.7041637283653
102    66.67118805425503
104    66.63787760264722
106    66.60508099796223
108    66.57326345516155
110    66.5421387266286
112    66.51100234038022
114    66.47921148430783
116    66.44616190849301
118    66.41105767628787
120    66.37293115546925
122    66.33124188360136
124    66.2863676231326
126    66.23885943726738
128    66.18918617455749
130    66.13783819107189
132    66.08573604561438
134    66.0346305048892
136    65.987061705026
138    65.9460097575377
140    65.91410196705688
142    65.8930135506727
144    65.8830012878521
146    65.88208686021902
148    65.88615845522338
150    65.89022798328423
152    65.88934776937965
154    65.87929887535535
156    65.85748159146465
158    65.82361017010734
160    65.77991979754053
162    65.731043149512
164    65.68368205450224
166    65.64605635869805
168    65.62717370639241
170    65.63593221501279
173    65.71731222896133
176    65.89571085661245
179    66.17584062168481
182    66.5459437598152
185    66.9781742133572
188    67.43369724827735
191    67.87081997200798
194    68.25305535348764
197    68.55381994464409
200    68.75789936403099
203    68.86498254065535
206    68.88923120626283
209    68.85265679974125
212    68.7762460898956
215    68.67510168810605
218    68.5593044244645
221    68.43639141313429
224    68.31196654029924
227    68.18920245292588
230    68.06918268637942
233    67.95197827575117
236    67.8374907722058
239    67.72582348816951
243    67.58214208216344
247    67.44661576298492
251    67.3230975094946
255    67.21665426377828
259    67.13288315383717
263    67.07692624943695
267    67.05230622360546
271    67.05972494257344
275    67.09621130170964
279    67.15497615712988
283    67.22624438301972
287    67.29908479553285
291    67.36344083265722
295    67.41158616330506
299    67.43889373635832
303    67.44386580402218
307    67.42751676550415
312    67.3813480014041
317    67.31325938952054
322    67.23040668737484
327    67.13887183503087
332    67.04319314608605
337    66.94633358654394
342    66.84990790490275
347    66.7544687946783
352    66.65998152258507
357    66.56628272503576
362    66.47317799527953
367    66.38045557373678
372    66.28794985914449
377    66.1955695895607
383    66.0849445110898
389    65.97492895708882
395    65.86609978508679
401    65.75915063363676
407    65.65479281354743
413    65.55370919070754
419    65.45654098814433
425    65.36393153983596
431    65.27652086840912
437    65.1949938628479
443    65.1199896177061
449    65.05203680167062
456    64.98231392706967
463    64.92355245786914
470    64.87628218854073
477    64.84082273837626
484    64.81735955290762
491    64.80592204822568
498    64.80624273753526
505    64.81756904710466
512    64.83866954594436
519    64.86785871003038
527    64.90839390752905
535    64.95306259834621
543    64.99784803045739
551    65.03870501392488
559    65.0722020985468
567    65.09616923104007
575    65.11006660345397
583    65.11515417749513
592    65.11384122273007
601    65.1098269783782
610    65.1073466503749
619    65.10838870568467
628    65.1121796411528
637    65.11627622285539
646    65.11832245857329
655    65.11722454941741
665    65.11283064598184
675    65.1067511621192
685    65.10040770666427
695    65.09437855936223
705    65.08855163548412
715    65.08247607146559
725    65.07584936194266
736    65.06812343687926
747    65.0607276402668
758    65.05476039008232
769    65.05126724942525
780    65.05091874372764
791    65.05381678742154
803    65.06019707285222
815    65.0690786813959
827    65.0795198478493
839    65.09077462694424
851    65.10252175025597
863    65.1148726646318
876    65.12929600614166
889    65.14525697879098
902    65.16318428884978
915    65.18341772783413
928    65.20622042266177
942    65.23386121699518
956    65.26476946538892
970    65.29871555024646
984    65.3351461090971
998    65.37338692306861
1010    65.40718241597504
1020    65.43587850532174
1030    65.46498383173396
1050    65.5243339775887
1070    65.58508374289005
1090    65.64702656914592
1110    65.70969660915495
1130    65.772698566021
1150    65.83576015908127
1170    65.89897153828218
1190    65.96269688037408
1210    66.02689811978067
1230    66.09121542074209
1250    66.15535287555429
1270    66.21920252254895
1290    66.28255068321802
1310    66.3450295711369
1330    66.4064551698111
1350    66.46706660859743
1370    66.52713294711143
1390    66.5866879523578
1410    66.64576816575166
1430    66.70441577308549
1450    66.7625070358244
1470    66.81980004123172
1490    66.87617115652712
1510    66.93174265303333
1530    66.98674754774899
1550    67.04142114957006
1570    67.09603625359314
1590    67.1509247214635
1610    67.20646182918907
1630    67.26291539329188
1650    67.32052514051941
1670    67.37960574766532
1690    67.44063227974812
1710    67.50409319646191
1730    67.57023991023837
1760    67.674643627753
1790    67.78552792292746
1820    67.90271996630577
1850    68.0255479857958
1880    68.15396416615152
1910    68.28831074556439
1940    68.42899246001816
1970    68.57642964702336
2000    68.73092546621405
2030    68.89275548198356
2060    69.06208534691515
2090    69.23907365178903
2120    69.42374276793747
2150    69.61623266101532
2180    69.81696889584029
2210    70.02590063411208
2240    70.24260536027978
2270    70.46707860643426
2300    70.69960595647011
2330    70.94023113122067
2360    71.18871527718974
2390    71.4448308287406
2420    71.70847859498701
2460    72.0714375411513
2500    72.4466011306127
2540    72.8328109855896
2580    73.22856137030288
2620    73.63130471779513
2660    74.03711656219079
2700    74.44157312683457
2740    74.83962095724314
2780    75.22472658150534
2820    75.58860518841634
2860    75.92190674617382
2900    76.21492176016434
2940    76.45802551416752
2980    76.64261578488734
3020    76.76228420247199
3060    76.81359062381759
3100    76.79580827797574
3150    76.68030282520357
3200    76.47388663622434
3250    76.19401016928836
3300    75.8589814921283
3350    75.48676659475865
3400    75.09351078633169
3450    74.69250832837747
3500    74.29411645616685
3550    73.9057643651053
3600    73.53193723001823
3650    73.1753359436754
3700    72.83860093499467
3750    72.52387200146899
3800    72.23205508757698
3860    71.91255946332313
3920    71.62668886181753
3980    71.37458860675407
4040    71.15596455091068
4100    70.96919403466998
4160    70.81252249639977
4220    70.68537147683938
4280    70.5874411112344
4340    70.51785235548685
4400    70.47548355886241
4460    70.4591199571461
4520    70.46730303289773
4590    70.50600408082192
4660    70.57424908804029
4730    70.66960951084928
4800    70.78867295426733
4870    70.92649938153609
4940    71.07292674464784
5010    71.21041604150679
5080    71.33089133587481
5150    71.4566817467308
5220    71.59517669040794
5300    71.72287747733822
5380    71.78506996726367
5460    71.77548409206048
5540    71.68813934484726
5620    71.52194636260909
5700    71.28523860431599
5780    70.99248762431216
5860    70.66043351350177
5950    70.26061520221842
6040    69.85465285364694
6130    69.46164624776239
6220    69.09536413786739
6310    68.76497079393711
6400    68.4782522895097
6490    68.24126772533937
6580    68.05668874314085
6680    67.91389969328257
6780    67.83540957147585
6880    67.81818000955849
6980    67.85793189790607
7080    67.94714699079475
7180    68.07419686973377
7280    68.22406696954364
7390    68.38993493728944
7500    68.51940393775824
7610    68.5673242782102
7720    68.49045227822971
7830    68.25910209318842
7940    67.86440393417142
8060    67.26504859422644
8180    66.53172250404143
8300    65.71458613384726
8420    64.86200674819139
8540    64.01450244275796
8660    63.202188876341445
8790    62.38465886208151
8920    61.64571545756608
9050    60.993215150168986
9180    60.42885699303806
9310    59.95154400751123
9450    59.5351038414973
9590    59.21893866087263
9730    59.002315640233775
9870    58.885449695311756
10010    58.866792331796475
10160    58.95244825692884
10310    59.140536588759815
10460    59.42396681762825
10610    59.79407299143
10760    60.22388435819576
10920    60.69722188439398
11080    61.122683635965316
11240    61.429908855923316
11400    61.56655798999656
11570    61.514353412799096
11740    61.30658226080271
11910    61.02811982951674
12080    60.767961425021426
12260    60.595614144779006
12440    60.59616472027716
12620    60.82253572454632
12800    61.31779628764809
12990    62.154566283492244
13180    63.24196321881021
13370    64.3120391766245
13560    64.91025323119517
13760    64.57889289236664
13960    63.18725774752673
14160    61.12216801436935
14370    58.77847627368767
14580    56.54220560534746
14790    54.39170396071191
15010    52.08461784443822
15230    49.60771945109777
15450    46.934798189576114
15670    44.07249113396624
15900    40.82058903817667
16130    37.85480002612496
16360    36.893920360409375
16600    37.38064462157348
16840    36.64113942931238
17080    34.960413703112366
17330    34.839204562271206
17580    36.63925929171923
17840    37.196211080039085
18100    35.57336792630673
18360    32.621511545326754
18630    29.208240037570505
18900    26.05166409649396
19170    23.366133551384273
19450    21.01694542994083
19730    19.074503977161946
20000    18.016755897444654
