20    59.964494080100636
20.3    60.00556264476286
20.6    60.04564633199034
20.9    60.08432041777036
21.2    60.121329509472105
21.5    60.15681468105136
21.8    60.19134032960451
22.1    60.225662438957485
22.4    60.26033916452104
22.7    60.29539089076682
23    60.33022056057588
23.3    60.3638529227962
23.6    60.39538084844024
23.9    60.424395974065355
24.2    60.45120499193729
24.6    60.48516752341396
25    60.51955407469413
25.4    60.55606901825938
25.8    60.59469145167013
26.2    60.63408044149975
26.6    60.67268661506107
27    60.709674556193164
27.4    60.74508285398386
27.8    60.77932725530232
28.2    60.81260054221856
28.6    60.844643714245116
29    60.87494692774956
29.4    60.90308499649707
29.8    60.928911096401336
30.2    60.952544501551046
30.6    60.97425603947434
31    60.99437257708193
31.5    61.017807617378814
32    61.0399989315
32.5    61.06160902522305
33    61.08315246532215
33.5    61.10492783171634
34    61.12703857512129
34.5    61.149469080203886
35    61.172172913358324
35.5    61.1951173435998
36    61.21825707025914
36.5    61.241488693872256
37    61.264637434738475
37.5    61.28749046016573
38    61.30984270702813
38.6    61.335773854075825
39.2    61.36056078979412
39.8    61.38414738557309
40.4    61.40659777523796
41    61.42802784642464
41.6    61.44854633237239
42.2    61.46825857413519
42.8    61.487284415737676
43.4    61.50574084196036
44    61.52371137572922
44.6    61.5412382379909
45.2    61.558338052786986
45.9    61.577745509074774
46.6    61.5965449872274
47.3    61.61473769848406
48    61.63244053451902
48.7    61.64991279489675
49.4    61.66741635756139
50.1    61.68499315666679
50.8    61.702415321011514
51.5    61.71938454425904
52.2    61.735742128102174
53    61.753662307018345
53.8    61.77073502360278
54.6    61.78687963314627
55.4    61.8020880409361
56.2    61.81653250676217
57    61.83046995277066
57.8    61.844008630893356
58.6    61.8570719607145
59.5    61.87112789853518
60.4    61.884526942212105
61.3    61.89734564521881
62.2    61.90990697501815
63.1    61.92258154421662
64    61.9355181463127
64.9    61.94891795499338
65.8    61.962969372912035
66.8    61.979011461458256
67.8    61.99483254247315
68.8    62.010068423273054
69.8    62.024398589909964
70.8    62.03737306986942
71.8    62.04872138621867
72.8    62.05837590568767
73.9    62.06704869003798
75    62.07382784140448
76.1    62.07910082559208
77.2    62.08354162893707
78.3    62.08809066371172
79.4    62.09377830480228
80.6    62.10236735650263
81.8    62.11445282734677
83    62.13089754801401
84.2    62.15219549455061
85.4    62.178302061237055
86.6    62.208602582578465
87.9    62.244854267975384
89.2    62.28283039131031
90.5    62.32048200754616
91.8    62.35590456277397
93.1    62.38758115907304
94.5    62.41635586055099
95.9    62.4390034282667
97.3    62.45545834259501
98.7    62.466038202452694
100    62.47111302618245
102    62.471529353773725
104    62.46525972667169
106    62.45465913789734
108    62.441551784481646
110    62.426933628228355
112    62.41093376583106
114    62.3933336955373
116    62.37413890507287
118    62.35403110921366
120    62.33414769715271
122    62.31508479025983
124    62.29546757883847
126    62.27362327299568
128    62.24886193063119
130    62.22138183453001
132    62.19168233250438
134    62.16022326400319
136    62.12739117717411
138    62.09357550023863
140    62.05912113690984
142    62.02428143166089
144    61.989200273193276
146    61.95388136912618
148    61.91818581889575
150    61.881673806879476
152    61.84344227556697
154    61.80219737686486
156    61.756592115561375
158    61.70560432661889
160    61.64867595894907
162    61.58572830075002
164    61.51747675975356
166    61.44556365475151
168    61.37249814737352
170    61.3016715237959
173    61.20941626160683
176    61.149837840228855
179    61.1420299343142
182    61.203925890452595
185    61.34897478526004
188    61.58290054621533
191    61.90153185084539
194    62.290926740966626
197    62.72966409939183
200    63.19240313225427
203    63.65386980281552
206    64.09226990894528
209    64.49087838819142
212    64.83799552517685
215    65.12655630386578
218    65.35352305583324
221    65.51889951659342
224    65.62551020102168
227    65.67936800455823
230    65.68903857868655
233    65.66422334893983
236    65.61456287771229
239    65.54877814160545
243    65.44828211798213
247    65.34500125758291
251    65.24801153477057
255    65.16272186406748
259    65.0916601329645
263    65.03522523353979
267    64.99218258685332
271    64.9600852769594
275    64.93564758177513
279    64.91517533434904
283    64.89511652472919
287    64.8725472618891
291    64.84557331182674
295    64.8133989449056
299    64.77606304236721
303    64.73413428793393
307    64.68847916060143
312    64.62760061440189
317    64.5639499793265
322    64.49889677086323
327    64.4335218925255
332    64.36843502001881
337    64.30386768543933
342    64.23991323806655
347    64.17660526518297
352    64.1139503289036
357    64.05198658786466
362    63.990776274775065
367    63.930391371972064
372    63.87096752008563
377    63.81277319243809
383    63.74518174750423
389    63.68099591777235
395    63.62138225415477
401    63.567509331142205
407    63.52044028003043
413    63.48107823750341
419    63.45021142049495
425    63.42854645720061
431    63.416652190996714
437    63.41488084066242
443    63.42319936803128
449    63.44108359204719
456    63.47275684813404
463    63.514203144435115
470    63.56337411397658
477    63.61845296585375
484    63.67792506295682
491    63.740461567305104
498    63.805045547273195
505    63.87133626093649
512    63.93979235728717
519    64.011423493665
527    64.09860532992556
535    64.19233544970297
543    64.29191175328549
551    64.39498916330882
559    64.49837365678543
567    64.59898085372409
575    64.69445087684407
583    64.78326026298257
592    64.87419016537942
601    64.95512831795095
610    65.02609614008587
619    65.08773366501413
628    65.1411796917667
637    65.18782559095176
646    65.22908587933858
655    65.26617829615391
665    65.30353742761247
675    65.33752292995214
685    65.36857509884638
695    65.39703797203532
705    65.42333209773753
715    65.44806296260157
725    65.47207312155734
736    65.49883882089995
747    65.52718018238573
758    65.55793231209111
769    65.59136330648656
780    65.62743670699858
791    65.66601355832707
803    65.71066613407939
815    65.75745545480447
827    65.805715726852
839    65.85499152702057
851    65.90511625479562
863    65.95610929911365
876    66.01242643070493
889    66.0699419671865
902    66.12864300893199
915    66.18852118680638
928    66.24966708977115
942    66.3171791916096
956    66.386761987135
970    66.45873444493397
984    66.53322609004347
998    66.60999010581675
1010    66.67714093959158
1020    66.73365595001462
1030    66.79032171522812
1050    66.90283766434666
1070    67.01245193693447
1090    67.11770902163454
1110    67.21865654786347
1130    67.31625640332904
1150    67.41116861795925
1170    67.50346598498243
1190    67.5933504674233
1210    67.68130529895899
1230    67.76780924677243
1250    67.85336208813695
1270    67.93830882019684
1290    68.02261613925987
1310    68.10583229468538
1330    68.187227087042
1350    68.26605773705614
1370    68.34163689470108
1390    68.41337419374285
1410    68.4808391813908
1430    68.5439192311177
1450    68.60294384740294
1470    68.6585138479638
1490    68.71127687700766
1510    68.76183450492613
1530    68.81073882013338
1550    68.85850305206672
1570    68.90557866752236
1590    68.95232090909207
1610    68.99896695753932
1630    69.0455618705248
1650    69.09204320083379
1670    69.13851836741105
1690    69.18528574397968
1710    69.23253466962271
1730    69.28006223643513
1760    69.3511139541306
1790    69.42183344008131
1820    69.49247446733176
1850    69.56355442527884
1880    69.6357290181297
1910    69.70963048925222
1940    69.78592836970162
1970    69.86522012996542
2000    69.94782317214354
2030    70.03359396455093
2060    70.12234009577315
2090    70.21402588060664
2120    70.30905531979062
2150    70.4079664928793
2180    70.51088697529451
2210    70.61746388468579
2240    70.72707631608299
2270    70.83901893993934
2300    70.95251841308549
2330    71.06644654480303
2360    71.17963390773555
2390    71.29138140064984
2420    71.40150288594727
2460    71.54578086770064
2500    71.68692853682609
2540    71.82457489735732
2580    71.95784660838063
2620    72.08558725001221
2660    72.2069900227285
2700    72.32135970054644
2740    72.42773785120072
2780    72.5249445299203
2820    72.61171124541555
2860    72.68676137940065
2900    72.74888246614199
2940    72.79668836759703
2980    72.82878666829245
3020    72.84379796998766
3060    72.84050260338691
3100    72.81845710400773
3150    72.76529974788511
3200    72.68520093468665
3250    72.57935241959277
3300    72.4491143078964
3350    72.2964833321808
3400    72.1240925922755
3450    71.93480415552361
3500    71.73127860079535
3550    71.51599274582586
3600    71.29171219175942
3650    71.06133977195539
3700    70.82750928629176
3750    70.59229549654471
3800    70.35723979469464
3860    70.07757889628184
3920    69.80379636631437
3980    69.53871575353594
4040    69.28349119505788
4100    69.03884089473098
4160    68.80538020740448
4220    68.58396089982153
4280    68.37525047477234
4340    68.17946596590157
4400    67.99655553008425
4460    67.82677469587043
4520    67.67050690185869
4590    67.50531401244646
4660    67.35814821363903
4730    67.22884912337253
4800    67.11763955234863
4870    67.02372392819782
4940    66.9461484604631
5010    66.88523472518489
5080    66.84104761007868
5150    66.81288469292309
5220    66.80046447558892
5300    66.80545165785362
5380    66.82999154963909
5460    66.87311854832122
5540    66.9344488265443
5620    67.0140289590402
5700    67.11225337124094
5780    67.22953977839158
5860    67.36668215170825
5950    67.54559915953756
6040    67.74983646809753
6130    67.97827762284265
6220    68.23069426303167
6310    68.5080613641378
6400    68.81118942706419
6490    69.13965496250535
6580    69.49265584984138
6680    69.9116763289293
6780    70.35192392432326
6880    70.80202090746208
6980    71.24896027979833
7080    71.67659963853824
7180    72.05900822619586
7280    72.35681782104817
7390    72.53261507996793
7500    72.51012893914013
7610    72.28775944813574
7720    71.88295659335584
7830    71.30327247195851
7940    70.56691392401838
8060    69.64132850097057
8180    68.65424711662354
8300    67.64834544368654
8420    66.64564002674926
8540    65.65802548736491
8660    64.69772898304252
8790    63.697928730577516
8920    62.73827153504496
9050    61.82407950258283
9180    60.96393654455389
9310    60.146747375924946
9450    59.302362315062666
9590    58.502609992056634
9730    57.75407751553401
9870    57.06066322090585
10010    56.426507301563234
10160    55.816459648895844
10310    55.27750087576844
10460    54.80652352298633
10610    54.40416385762678
10760    54.06720037490648
10920    53.772508950882305
11080    53.54647943542713
11240    53.39541285839208
11400    53.323961143274204
11570    53.33971476075232
11740    53.45856869507942
11910    53.687976186203926
12080    54.0328994076677
12260    54.528988202641514
12440    55.15062686292306
12620    55.8570795154442
12800    56.55465810120159
12990    57.10091176884104
13180    57.24567695936905
13370    56.89541575278486
13560    56.10713986969138
13760    54.97859128091809
13960    53.775807628028915
14160    52.67854338532699
14370    51.73689985682368
14580    51.04643406392679
14790    50.618435473400396
15010    50.47211235984015
15230    50.676731980615905
15450    51.29034821899865
15670    52.37123447323112
15900    53.94682207050691
16130    55.50727921544203
16360    56.15403160101697
16600    55.24083244055079
16840    53.188927110287295
17080    50.902303159669714
17330    48.47435552531954
17580    45.52566934886562
17840    41.56181234743516
18100    36.891130480434995
18360    31.958818379364647
18630    26.879128962139987
18900    21.91493466532456
19170    16.888230439767305
19450    12.080721849968844
19730    10.670984537401907
20000    12.182394083184093
