20    68.16682749508223
20.3    68.18505599222888
20.6    68.20297968592791
20.9    68.220513708399
21.2    68.23749003422742
21.5    68.25365545146752
21.8    68.26869462213581
22.1    68.28228579691908
22.4    68.29417783384878
22.7    68.30425941201523
23    68.31258776699075
23.3    68.31937302188223
23.6    68.32492222803103
23.9    68.3295562763757
24.2    68.33352929739178
24.6    68.3380257119353
25    68.34165610994118
25.4    68.34433798431502
25.8    68.34599204136487
26.2    68.34664590697682
26.6    68.34643377296254
27    68.34552799898289
27.4    68.34406853342058
27.8    68.34213492167362
28.2    68.33974753475373
28.6    68.33687868167166
29    68.33347473604326
29.4    68.32947152940851
29.8    68.32481618118469
30.2    68.31948745794777
30.6    68.3135031390783
31    68.30691282483491
31.5    68.29791657641275
32    68.28817770025923
32.5    68.27777721362136
33    68.26676889218692
33.5    68.25518543347945
34    68.24304773951945
34.5    68.23038269512291
35    68.21723185297088
35.5    68.20364977073146
36    68.18968399150407
36.5    68.17535899337165
37    68.16067636048857
37.5    68.14562728331467
38    68.13020142748454
38.6    68.11116320976791
39.2    68.09147744889647
39.8    68.07104198167039
40.4    68.04978594232836
41    68.02771106461535
41.6    68.00488444101832
42.2    67.9814156504398
42.8    67.95744261489344
43.4    67.93311405689025
44    67.90856083847474
44.6    67.88387085026721
45.2    67.85908384737134
45.9    67.83004704648486
46.6    67.8008603153796
47.3    67.77148003231127
48    67.74183900309976
48.7    67.71186781299528
49.4    67.68150281376987
50.1    67.65066374066022
50.8    67.61926487026818
51.5    67.58725766275671
52.2    67.5546488231977
53    67.51671819776982
53.8    67.478187945987
54.6    67.43912613148589
55.4    67.39958796483299
56.2    67.35974836424455
57    67.319909494888
57.8    67.28037500489836
58.6    67.24136593946689
59.5    67.1982652160411
60.4    67.15606887944602
61.3    67.11482079981715
62.2    67.0745798775489
63.1    67.0353937762212
64    66.99726593314224
64.9    66.96013145198256
65.8    66.9238310628011
66.8    66.88417107028984
67.8    66.84479312719316
68.8    66.80517847632971
69.8    66.76479906393143
70.8    66.72320825618118
71.8    66.68009919184044
72.8    66.63531927099505
73.9    66.5841143537672
75    66.53098583098524
76.1    66.47614521037104
77.2    66.41986169871043
78.3    66.36244095652279
79.4    66.30422045929986
80.6    66.24018716112064
81.8    66.17595066964279
83    66.11160435731838
84.2    66.04681567623696
85.4    65.98103087401591
86.6    65.91375314233022
87.9    65.83878525072657
89.2    65.76143585602094
90.5    65.68166978122613
91.8    65.59955734492846
93.1    65.51514652521251
94.5    65.42156310246017
95.9    65.32486563403418
97.3    65.2246077694148
98.7    65.12055748276202
100    65.02052502007521
102    64.8601102389581
104    64.69208233586924
106    64.51864412275305
108    64.34475602538866
110    64.17808748375853
112    64.02808141356365
114    63.90422692951978
116    63.81426321506257
118    63.76289952491291
120    63.75105037745374
122    63.77525366011053
124    63.82755734492572
126    63.898936831371884
128    63.9818340650912
130    64.07144771142369
132    64.16574717549577
134    64.26421924467174
136    64.36615967166813
138    64.4692525750717
140    64.56891826659212
142    64.65875698413225
144    64.73193410839954
146    64.78279534750897
148    64.80798546229005
150    64.80682011433663
152    64.780939915633
154    64.73358261503273
156    64.66887107143395
158    64.5913096828316
160    64.50543472537153
162    64.41543870566053
164    64.32480230290827
166    64.23629338205134
168    64.15194225471261
170    64.0729474854305
173    63.965043048949596
176    63.8685200774345
179    63.780899355684156
182    63.6999550993945
185    63.624223790400094
188    63.55258997891531
191    63.48363812355436
194    63.41568889725136
197    63.34722897802514
200    63.27760983272651
203    63.207225733523956
206    63.13719436671699
209    63.06910292268775
212    63.00467245959787
215    62.945264762054755
218    62.891447831963774
221    62.842840102919325
224    62.79829186386057
227    62.75622218474639
230    62.71493276270674
233    62.672795651583556
236    62.62829889502935
239    62.580264999945705
243    62.509479886088286
247    62.43050247242415
251    62.3439094546585
255    62.25103774828893
259    62.15357032914367
263    62.053148850779664
267    61.951155474218666
271    61.84859973037586
275    61.74613006280501
279    61.64409983726267
283    61.5426276324624
287    61.44174621699017
291    61.341585859436584
295    61.24236746166173
299    61.14426137885109
303    61.04732561704425
307    60.95151426515676
312    60.83318918853573
317    60.71633409464664
322    60.600651685205214
327    60.485584411175616
332    60.37062241245706
337    60.25566065874734
342    60.14087787429092
347    60.02633734735706
352    59.911938996996625
357    59.79782743612791
362    59.68467121993339
367    59.57377880903843
372    59.4672058941256
377    59.36768636237856
383    59.2618040313735
389    59.17510025028569
395    59.11132111447298
401    59.07326937751222
407    59.06197212078527
413    59.07568627501816
419    59.110181623777606
425    59.15985057418152
431    59.21884996692853
437    59.28208483123052
443    59.34570727642961
449    59.40725863054438
456    59.47492752421823
463    59.537698686972206
470    59.59570039658328
477    59.64931429848511
484    59.69913046241632
491    59.745940729720594
498    59.79052518516548
505    59.83379045308518
512    59.87683170105394
519    59.92064079865361
527    59.97244201039349
535    60.02626554845966
543    60.08151246196401
551    60.137015662776605
559    60.19129049942876
567    60.242768757349474
575    60.29001972678326
583    60.331998503380845
592    60.37223758097895
601    60.40507332442683
610    60.431621623787684
619    60.454013686891244
628    60.47481142473058
637    60.49626456662582
646    60.51972938756079
655    60.545442236140474
665    60.575851447372784
675    60.606764958319374
685    60.636749980526105
695    60.66495035228148
705    60.69137458544872
715    60.71688221784432
725    60.74274450427848
736    60.77293542527951
747    60.80577875437902
758    60.84161875372919
769    60.880653464673614
780    60.923271512399126
791    60.970161984789755
803    61.027155666851144
815    61.091252272343205
827    61.163242136454144
839    61.24348505241879
851    61.33186021178101
863    61.427716636680785
876    61.538861476848496
889    61.65619306936983
902    61.7782335518355
915    61.903660801494766
928    62.031443231030636
942    62.170977638925535
956    62.31199735505787
970    62.453765810733
984    62.59536999396683
998    62.73596241040385
1010    62.855141345983796
1020    62.95331015286345
1030    63.0503440577465
1050    63.24084410779311
1070    63.42656951579836
1090    63.60790533191358
1110    63.785763284328624
1130    63.96143060954438
1150    64.13607101776425
1170    64.31073484914585
1190    64.486351730992
1210    64.66357142385263
1230    64.842509944628
1250    65.02297352833531
1270    65.20435661643529
1290    65.38577727965856
1310    65.5662895518503
1330    65.74494767268209
1350    65.92126014067648
1370    66.09538493691647
1390    66.26796116728212
1410    66.43993346810572
1430    66.61229207147748
1450    66.78565868443286
1470    66.96021963545982
1490    67.13596363373631
1510    67.31293542847098
1530    67.49130236529219
1550    67.6712472166652
1570    67.85292927365076
1590    68.03655414593499
1610    68.22232019565047
1630    68.41036624753457
1650    68.60085190757621
1670    68.79398265041104
1690    68.98995383483117
1710    69.18894946742448
1730    69.39114725260936
1760    69.70061132962296
1790    70.01743597404617
1820    70.34107957886985
1850    70.67119779213098
1880    71.00751162672518
1910    71.34956846878762
1940    71.69657636054228
1970    72.04727769301692
2000    72.39988998615675
2030    72.75256297035334
2060    73.10332075027489
2090    73.44965646563803
2120    73.78854268800885
2150    74.11649933859105
2180    74.42949106247568
2210    74.72324387686848
2240    74.99356946606684
2270    75.23641160397601
2300    75.44803607153335
2330    75.62512817148578
2360    75.76525332987062
2390    75.86692477330581
2420    75.92921610187832
2460    75.95141463309304
2500    75.90911836576743
2540    75.8100403143624
2580    75.66320860167582
2620    75.47815121271313
2660    75.26429872949433
2700    75.03053357092969
2740    74.78494314513429
2780    74.53432564214248
2820    74.28399170636582
2860    74.03809421213441
2900    73.80000202156077
2940    73.57243990417967
2980    73.35755518146127
3020    73.15689914749325
3060    72.9715377265337
3100    72.80211618080295
3150    72.6130588017268
3200    72.44907545724055
3250    72.31057514837191
3300    72.19870748221
3350    72.11414196001178
3400    72.05738032078452
3450    72.02868731957618
3500    72.02773371765284
3550    72.05448746501483
3600    72.10985062723526
3650    72.19500693157772
3700    72.30983446278489
3750    72.45116945075115
3800    72.6147131073651
3860    72.83497663672543
3920    73.06967334801121
3980    73.29398607419581
4040    73.47272946681863
4100    73.57028802722549
4160    73.56819096579609
4220    73.4730607786018
4280    73.31010718934084
4340    73.10795838737171
4400    72.88142292804056
4460    72.6299915286408
4520    72.34741629660591
4590    71.97196032238406
4660    71.54543419380343
4730    71.06874365864209
4800    70.54625858261764
4870    69.98879418524766
4940    69.41207865758591
5010    68.83172551026247
5080    68.26038586065788
5150    67.70778476763635
5220    67.18062789975991
5300    66.6139196250358
5380    66.08775566843903
5460    65.60430097412322
5540    65.16511317030518
5620    64.7705342800578
5700    64.4199487183106
5780    64.1125571029598
5860    63.84746163355531
5950    63.5993318177278
6040    63.403774752880054
6130    63.260146316407315
6220    63.17005995728219
6310    63.14047890719108
6400    63.182182446431746
6490    63.29258777881461
6580    63.44557830471846
6680    63.63998916335521
6780    63.85909326821703
6880    64.09843242830758
6980    64.35540327560307
7080    64.58834897550437
7180    64.70136075342444
7280    64.63306252618318
7390    64.3346716857909
7500    63.79897409778906
7610    63.05120777801305
7720    62.14994925297002
7830    61.169524723408216
7940    60.18044954797502
8060    59.149477103982576
8180    58.19126213158411
8300    57.298815130585226
8420    56.46104532767946
8540    55.6749749985276
8660    54.94300220318624
8790    54.21446918918459
8920    53.5511232577293
9050    52.95012168146749
9180    52.41182597967683
9310    51.93553657530977
9450    51.49178223195669
9590    51.120748391626975
9730    50.822809911042626
9870    50.59651233494307
10010    50.440160713930524
10160    50.35115339802552
10310    50.34776781437065
10460    50.43552839782858
10610    50.61884330718444
10760    50.90429346592927
10920    51.33117365803405
11080    51.89314660949093
11240    52.60047630612287
11400    53.46943382659701
11570    54.5932129524234
11740    55.934623899125654
11910    57.45874213437993
12080    59.00863655795531
12260    60.298710164483
12440    60.76745786281297
12620    60.26470020380978
12800    59.103147047807404
12990    57.694786886597925
13180    56.48332628720836
13370    55.61289057584486
13560    55.0900046989767
13760    54.88914332865116
13960    55.010710750732585
14160    55.36672290903388
14370    55.79001960766617
14580    55.94817470177831
14790    55.553029968882726
15010    54.4331166185207
15230    52.73086344047136
15450    50.771387325179205
15670    48.893424352670145
15900    47.24246235132
16130    46.009394095126495
16360    45.26961129485514
16600    44.969834120690344
16840    45.02710362427658
17080    45.48429112599311
17330    46.44593964592305
17580    47.8700865158786
17840    49.513401669001766
18100    50.48358901111615
18360    49.89704663623368
18630    47.51531067118675
18900    44.21977262131708
19170    41.08971019866951
19450    38.48861108598812
19730    36.65021782973304
20000    35.8068348503197
