20    68.2632369201641
20.3    68.3216153338175
20.6    68.37880287428696
20.9    68.43444354049608
21.2    68.48827222378297
21.5    68.54024650360518
21.8    68.59056883162151
22.1    68.63958336330387
22.4    68.68762326243731
22.7    68.73484123765063
23    68.78109404556875
23.3    68.82594186856184
23.6    68.86876906181325
23.9    68.90898213479599
24.2    68.94620691326045
24.6    68.9911897384293
25    69.03161277866315
25.4    69.06875934792419
25.8    69.10391119284174
26.2    69.1379159387034
26.6    69.17110110339675
27    69.20342671703986
27.4    69.23472255748725
27.8    69.26485723547464
28.2    69.29376181676716
28.6    69.32138055026073
29    69.3476314453276
29.4    69.37241502373777
29.8    69.39566138373559
30.2    69.41736237213976
30.6    69.43756420383491
31    69.45633581488315
31.5    69.47787772113503
32    69.49736611272786
32.5    69.51488619153926
33    69.53051736262532
33.5    69.54430824786843
34    69.55628960309993
34.5    69.56655558214536
35    69.57528854194209
35.5    69.58266471760092
36    69.58874499123311
36.5    69.59349296856766
37    69.5968984544059
37.5    69.59902823554125
38    69.59992874481298
38.6    69.59928997263495
39.2    69.59669035669896
39.8    69.59235669909816
40.4    69.58664937233826
41    69.57961289303036
41.6    69.57086317206021
42.2    69.5601169982403
42.8    69.54769907869246
43.4    69.53440313475396
44    69.52099211984287
44.6    69.50787933902646
45.2    69.49516405166996
45.9    69.48070023677343
46.6    69.4662560085323
47.3    69.451301395135
48    69.43538877092593
48.7    69.41828848141282
49.4    69.39999428307348
50.1    69.38072753924335
50.8    69.36086923204672
51.5    69.34078275914604
52.2    69.32069814223033
53    69.29774550475771
53.8    69.2743121574807
54.6    69.24979391650493
55.4    69.22410773378648
56.2    69.19721489621318
57    69.16866210389617
57.8    69.13798882181865
58.6    69.10475224651768
59.5    69.06295999163446
60.4    69.0154832334504
61.3    68.96347416139406
62.2    68.90999861561006
63.1    68.85810065536072
64    68.80967634753699
64.9    68.76552372994328
65.8    68.72582734857306
66.8    68.68667400020638
67.8    68.65223454607124
68.8    68.62183778053998
69.8    68.59469543112252
70.8    68.57011828190304
71.8    68.54709518511208
72.8    68.52469846148624
73.9    68.49938447423992
75    68.47109247171137
76.1    68.4382740112001
77.2    68.40005886515465
78.3    68.3554599010388
79.4    68.30358862147537
80.6    68.23830351904118
81.8    68.16430265641856
83    68.08249462661631
84.2    67.9940324378484
85.4    67.90011986152965
86.6    67.80193315820708
87.9    67.6921041899999
89.2    67.58023384675437
90.5    67.4681109544826
91.8    67.3577653149548
93.1    67.25150502187566
94.5    67.14448795747083
95.9    67.04793513843856
97.3    66.96370798957241
98.7    66.89205655135356
100    66.83546983623668
102    66.76163906807486
104    66.69612002753748
106    66.63442513599543
108    66.5787947802192
110    66.53647638278159
112    66.51606111932576
114    66.524689029617
116    66.5661261887305
118    66.64000363963382
120    66.74159549668988
122    66.86180554333004
124    66.98885270544412
126    67.11083243388691
128    67.2180692418884
130    67.30426897584925
132    67.36675314719974
134    67.40555879463892
136    67.42281004814919
138    67.42150223380546
140    67.40443380584438
142    67.37378474838354
144    67.3311732887251
146    67.27793251688738
148    67.21543207970376
150    67.14520790901051
152    67.0689507463383
154    66.98832647823836
156    66.90484464978053
158    66.81982647531456
160    66.73440177593235
162    66.6495000109982
164    66.56584807121362
166    66.48398743039432
168    66.40429303150984
170    66.326991204841
173    66.21571540382864
176    66.11003230422234
179    66.00969718994054
182    65.91412556697891
185    65.82227171621862
188    65.73278813609173
191    65.64445628238607
194    65.556704085527
197    65.469848982172
200    65.3849311035342
203    65.3033938602808
206    65.22666384344345
209    65.15566731939988
212    65.09039132897631
215    65.02980236064778
218    64.97211053603144
221    64.91512312044516
224    64.85665478926418
227    64.79495556241457
230    64.7289828190547
233    64.6584714276021
236    64.5841034617426
239    64.50750500891422
243    64.40554994379553
247    64.30824225111965
251    64.21938475661075
255    64.14115719737694
259    64.07368520251264
263    64.01499152258532
267    63.96158471666274
271    63.90941277733788
275    63.854829745268695
279    63.795164804947824
283    63.72894886699315
287    63.65589811171984
291    63.576602312219336
295    63.49215018439973
299    63.40382079731056
303    63.31284868940358
307    63.22018184331172
312    63.10290737171323
317    62.984830945336824
322    62.8668497566428
327    62.74964875948925
332    62.633557693765084
337    62.51870090183236
342    62.40485133826289
347    62.29157242364031
352    62.178592113942635
357    62.06571879722039
362    61.95275688836331
367    61.8398375095381
372    61.72735107990214
377    61.61588977089983
383    61.48521012296595
389    61.361032730322364
395    61.2471243956146
401    61.147217753807894
407    61.06524864082995
413    61.00548999021877
419    60.9719140693158
425    60.96719205496687
431    60.99170731094843
437    61.04303836814154
443    61.11635516429841
449    61.204983617627235
456    61.31797537552361
463    61.43124501683981
470    61.53616222542372
477    61.626170194425946
484    61.6969982462035
491    61.74682877229677
498    61.77654273056751
505    61.78950845262826
512    61.790564139710725
519    61.78506705968721
527    61.77741150423374
535    61.77456918339051
543    61.78139645364034
551    61.8006906250931
559    61.83300806827029
567    61.87701758933963
575    61.9301135588598
583    61.98897295066509
592    62.05755223746773
601    62.123779909185515
610    62.18352429215013
619    62.2343971331432
628    62.27573048954004
637    62.30819014947825
646    62.3331730207751
655    62.35244222371057
665    62.369277791534984
675    62.383176457999085
685    62.395466587800605
695    62.40704918719376
705    62.41871015608976
715    62.431211172186536
725    62.445257434551024
736    62.46320454628429
747    62.48437020714779
758    62.509144984280766
769    62.53762645790216
780    62.569686013288916
791    62.6050477270673
803    62.647032298805215
815    62.69241069393814
827    62.74161204222074
839    62.796124402780336
851    62.85864743781198
863    62.932332079749855
876    63.026536658146405
889    63.13154850929267
902    63.23234765238327
915    63.30521924645926
928    63.33403497272892
942    63.32925212779597
956    63.32694290680237
970    63.36286336896145
984    63.44369599793069
998    63.55349432540291
1010    63.65643534405953
1020    63.74255679683999
1030    63.82695984729311
1050    63.989952644226555
1070    64.14721164327
1090    64.3013889215064
1110    64.45444765594246
1130    64.60805819176923
1150    64.76350894705348
1170    64.92165166746588
1190    65.08332942676077
1210    65.25007445384489
1230    65.42400325453782
1250    65.60654197478473
1270    65.79813612993115
1290    65.99771655986498
1310    66.20320574068509
1330    66.41249316292293
1350    66.62348292933507
1370    66.83367717293595
1390    67.04052725683388
1410    67.2422285206702
1430    67.43799287630236
1450    67.62760336145243
1470    67.8113149913085
1490    67.98917376854553
1510    68.16106882448034
1530    68.32711564081391
1550    68.48772237004584
1570    68.64348957507218
1590    68.7953025401155
1610    68.94396616584147
1630    69.09010140353125
1650    69.2341198646075
1670    69.37625884543196
1690    69.51691276112749
1710    69.65670297684368
1730    69.79612146578702
1760    70.00537920278032
1790    70.21608972912975
1820    70.42878282009082
1850    70.64284283078901
1880    70.85726172723162
1910    71.07173224372977
1940    71.28599549147069
1970    71.49941979603815
2000    71.71136933688376
2030    71.92163653450491
2060    72.12949962317657
2090    72.3332197340365
2120    72.5314850050899
2150    72.72348483239455
2180    72.9083610244433
2210    73.08469837719235
2240    73.25151280878625
2270    73.40787153645061
2300    73.55319891483306
2330    73.68671803103298
2360    73.80743068478762
2390    73.91432311423922
2420    74.00677685182211
2460    74.10659782855637
2500    74.18014702777563
2540    74.2277002094585
2580    74.24988539567423
2620    74.2473898379726
2660    74.22212100918256
2700    74.17688584384021
2740    74.11375524629132
2780    74.03539937715772
2820    73.94456423034916
2860    73.84379856378821
2900    73.73496914084177
2940    73.62002419410612
2980    73.50155696413844
3020    73.3818774178477
3060    73.26264913061691
3100    73.14513769238494
3150    73.00248280130808
3200    72.8668287950999
3250    72.74029379647858
3300    72.62407499977353
3350    72.5195201590817
3400    72.4277695701549
3450    72.34989451708188
3500    72.2871650649463
3550    72.24011466360255
3600    72.20940684232266
3650    72.19444136735416
3700    72.19483279119632
3750    72.21134039108142
3800    72.24373212414082
3860    72.30099559104056
3920    72.37638229168405
3980    72.46608281552305
4040    72.57063901649425
4100    72.69233325125546
4160    72.83248677834692
4220    72.99015431630335
4280    73.16291901026952
4340    73.34766830142556
4400    73.53894523248769
4460    73.72990814777236
4520    73.91535272838996
4590    74.12359222281357
4660    74.313493899555
4730    74.44656169403461
4800    74.51996399705575
4870    74.6126483693744
4940    74.73241476538291
5010    74.78365286657714
5080    74.74714672454911
5150    74.64305406810186
5220    74.48929367852787
5300    74.26452106264087
5380    73.99932605565004
5460    73.70872118130151
5540    73.40785442880966
5620    73.10870768346668
5700    72.82117734580508
5780    72.55517210150703
5860    72.31350740256264
5950    72.07132267794614
6040    71.85754027332015
6130    71.66398207522904
6220    71.48562148519518
6310    71.33397189148414
6400    71.22912894955876
6490    71.19612806197063
6580    71.23826991227781
6680    71.36041080495563
6780    71.54547650327996
6880    71.77184287890901
6980    72.00927447122561
7080    72.2206325378327
7180    72.36537386599792
7280    72.40423689061825
7390    72.2856858746221
7500    71.9775190435823
7610    71.49932374950558
7720    70.9093259772707
7830    70.25738409138444
7940    69.58519275667481
8060    68.878228050996
8180    68.24040196127325
8300    67.68575293921828
8420    67.21045829954278
8540    66.80380773563729
8660    66.4560022926899
8790    66.14094573996844
8920    65.89132356186693
9050    65.69982631804768
9180    65.57590547725809
9310    65.52005089715762
9450    65.5378956626006
9590    65.64262375719004
9730    65.84086034491693
9870    66.13981353376823
10010    66.54978949298939
10160    67.12235402967423
10310    67.84232861821275
10460    68.68885993315058
10610    69.57458015710893
10760    70.3769772395832
10920    70.91312747891256
11080    70.89682351799766
11240    70.2780632703581
11400    69.2895956419446
11570    68.09471340111484
11740    66.96919339768743
11910    66.05839780421573
12080    65.27002083646224
12260    64.7033748428135
12440    64.35326493826219
12620    64.24839811824216
12800    64.33741901634065
12990    64.59421314934038
13180    64.84432334897653
13370    64.86915131792672
13560    64.4693561059762
13760    63.510856565214326
13960    62.140868262922694
14160    60.62593199357089
14370    59.08993210155836
14580    57.79162081089888
14790    56.75073395487368
15010    55.935314006277224
15230    55.38403162342857
15450    55.196903593150545
15670    55.44219400483446
15900    56.12131851888791
16130    56.86674047821484
16360    57.61576951855524
16600    58.02571616481331
16840    56.99020869837139
17080    54.35740642860686
17330    51.11864779184332
17580    48.178708777010584
17840    45.600548022822124
18100    43.51777647967188
18360    41.54901093217157
18630    39.60884058009337
18900    38.48875583358142
19170    37.94068913700377
19450    37.789598001748196
19730    37.989940902079795
20000    38.01931470693434
