20    66.05299781258981
20.3    66.06410869333246
20.6    66.07485768612287
20.9    66.08505350553297
21.2    66.09457517329412
21.5    66.10340246053926
21.8    66.11159880802877
22.1    66.11927154356668
22.4    66.12654694568039
22.7    66.1335462913309
23    66.1403684436093
23.3    66.14707924994627
23.6    66.15370592407669
23.9    66.16023772355223
24.2    66.16663158577245
24.6    66.17483700454034
25    66.18255877606833
25.4    66.18971950349498
25.8    66.19628991757963
26.2    66.20225558788376
26.6    66.20758563413624
27    66.21222532366002
27.4    66.21611304291812
27.8    66.21921063393009
28.2    66.22152566547999
28.6    66.22311390064132
29    66.22406996508602
29.4    66.22451138093564
29.8    66.22455798768578
30.2    66.22431321290232
30.6    66.22385336102286
31    66.2232250614471
31.5    66.22223246597898
32    66.22101617052067
32.5    66.2195721708771
33    66.2178844058369
33.5    66.2159240221172
34    66.21366355333726
34.5    66.21109172618252
35    66.20821429944883
35.5    66.2050490125157
36    66.20160599087129
36.5    66.19787343923102
37    66.19382965038574
37.5    66.18945321139275
38    66.18472503034215
38.6    66.17857190587245
39.2    66.17191120806675
39.8    66.16481001395658
40.4    66.1573754801189
41    66.14971113297429
41.6    66.14187844241874
42.2    66.1338954232826
42.8    66.12574573556657
43.4    66.11739385450619
44    66.10880182632286
44.6    66.09994440149896
45.2    66.09081084407438
45.9    66.07980298834642
46.6    66.06842500390047
47.3    66.05669811683157
48    66.044641208733
48.7    66.03225672572916
49.4    66.01952857667136
50.1    66.00643437496859
50.8    65.99296329055763
51.5    65.97913123070009
52.2    65.96498207048353
53    65.94850216437965
53.8    65.93179631198896
54.6    65.91497820324746
55.4    65.89810305762782
56.2    65.88111917519495
57    65.86392822010797
57.8    65.8464506285843
58.6    65.8286105837679
59.5    65.80800452115463
60.4    65.78675025600104
61.3    65.76482392249014
62.2    65.74227798975679
63.1    65.71925265802636
64    65.69595612021482
64.9    65.67264860572642
65.8    65.64961558209404
66.8    65.62468972131809
67.8    65.60079744167524
68.8    65.57813395940893
69.8    65.55667407965096
70.8    65.53614641162517
71.8    65.5160428723205
72.8    65.49578656237799
73.9    65.4728007386823
75    65.4487197701801
76.1    65.42328594890463
77.2    65.39634211343152
78.3    65.36783825414099
79.4    65.33776016143773
80.6    65.30319347838451
81.8    65.26696060770568
83    65.22930979582932
84.2    65.19052843889487
85.4    65.15093418405688
86.6    65.11085154404432
87.9    65.06723074574916
89.2    65.02371772264564
90.5    64.9805076341265
91.8    64.93761345358271
93.1    64.89490900399427
94.5    64.84895119004233
95.9    64.8028614544922
97.3    64.75650924412207
98.7    64.70976473638927
100    64.66583206193016
102    64.59706541200019
104    64.52701123975478
106    64.45515099094985
108    64.38135624723122
110    64.30589219578279
112    64.2297577430944
114    64.1540734198775
116    64.07998606129695
118    64.00831661133512
120    63.939140626811636
122    63.872132536087186
124    63.806809154720455
126    63.74297341074745
128    63.68138121111066
130    63.62374012327443
132    63.57220021920631
134    63.52899472815236
136    63.49633500091599
138    63.476115519012765
140    63.469249910279984
142    63.47493102196114
144    63.49029066042088
146    63.51066524589042
148    63.53044969729219
150    63.54418631455948
152    63.54745707117678
154    63.537579427048726
156    63.513953873788296
158    63.47787186614474
160    63.43202219470769
162    63.38005333373117
164    63.32613676690531
166    63.27438820423371
168    63.22820950646067
170    63.189678849647905
173    63.14640647003226
176    63.11554442580797
179    63.08802140283751
182    63.05437744408556
185    63.008144828893705
188    62.94736701169312
191    62.87367719540262
194    62.79068477072042
197    62.70261337723902
200    62.61368501714263
203    62.52788550261127
206    62.448641138998
209    62.378408738820156
212    62.31837974063393
215    62.26820626281091
218    62.22581193969633
221    62.18781205259942
224    62.15092460917757
227    62.113210735119736
230    62.07377866968753
233    62.03195713851839
236    61.98728406002907
239    61.939685390445746
243    61.87220462243545
247    61.80141648551458
251    61.72887672606815
255    61.6555803689766
259    61.581671163900026
263    61.506581481100575
267    61.429312834876065
271    61.34882322200974
275    61.26437541661391
279    61.17571204571705
283    61.08310166718748
287    60.98727712021895
291    60.88930151130923
295    60.7903580428232
299    60.69152776895562
303    60.593664016411125
307    60.49735658983552
312    60.3797253050726
317    60.26566171340417
322    60.15555461931767
327    60.049647969921466
332    59.948150766985734
337    59.85146107754957
342    59.7605356468256
347    59.67710902665638
352    59.603679610041695
357    59.543297731806774
362    59.499140777996416
367    59.47374051449876
372    59.46817033502633
377    59.48178981422497
383    59.52022610821736
389    59.576903314305504
395    59.64443569259429
401    59.715332659879365
407    59.78320272435685
413    59.84357729722075
419    59.89411755948375
425    59.934332242698204
431    59.96505514298621
437    59.98777462685451
443    60.004104017089816
449    60.015576587872324
456    60.02475527749995
463    60.03152832306526
470    60.03817928363072
477    60.04717066677898
484    60.06121650281611
491    60.083197986192324
498    60.115558414883125
505    60.15958103211511
512    60.21561890628963
519    60.283306447897104
527    60.37349096442597
535    60.47478672323838
543    60.583824306491245
551    60.69697545136627
559    60.81062402000893
567    60.92136786686985
575    61.02622194923775
583    61.12286911423537
592    61.220061224208145
601    61.30462540631824
610    61.37772951098725
619    61.44184446396369
628    61.5000853456128
637    61.555492718826876
646    61.610513065342815
655    61.666554086331125
665    61.730066974854395
675    61.793702450152125
685    61.856067147818614
695    61.91629015508174
705    61.97433435898182
715    62.030858347615656
725    62.0868633309113
736    62.1490958635965
747    62.21295688007996
758    62.278799135721364
769    62.34627189615143
780    62.41444713503813
791    62.48213449461542
803    62.5541088887542
815    62.62296799117392
827    62.68798203883509
839    62.74942899787137
851    62.80903075118461
863    62.87001790216048
876    62.94309097072882
889    63.03055185820686
902    63.139934060809395
915    63.277827781034006
928    63.44893514059197
942    63.672692572030215
956    63.936102717362616
970    64.233692415323
984    64.55666514656596
998    64.89476254268385
1010    65.18900060975268
1020    65.43311606408233
1030    65.67359897253007
1050    66.13815276333192
1070    66.57756508059026
1090    66.9916325726883
1110    67.38188769249894
1130    67.7506616242969
1150    68.1002167112566
1170    68.43239330890015
1190    68.74865082532381
1210    69.04968951799867
1230    69.33545692900171
1250    69.60535165394398
1270    69.85847810358864
1290    70.09417401419857
1310    70.31202325129584
1330    70.51165066090175
1350    70.69266786642967
1370    70.85469623908409
1390    70.99740644507058
1410    71.12078710749445
1430    71.22522810667513
1450    71.31147143581481
1470    71.38060520145929
1490    71.43416188092307
1510    71.47409149401187
1530    71.50247925474686
1550    71.5210555577769
1570    71.53091065562937
1590    71.5327802137641
1610    71.52746451583079
1630    71.5157709252972
1650    71.49834955809632
1670    71.475635224007
1690    71.44791266431803
1710    71.41544758036193
1730    71.37869640638529
1760    71.3173903578483
1790    71.25155583781043
1820    71.18440082654388
1850    71.11872729702247
1880    71.05649199959106
1910    70.99867653137836
1940    70.9454354810214
1970    70.89672158074143
2000    70.85284160819381
2030    70.8140202515504
2060    70.78046047656665
2090    70.75227889384283
2120    70.72954893146346
2150    70.71189795428066
2180    70.69872627699739
2210    70.68955156922794
2240    70.68397395601093
2270    70.68167116277867
2300    70.68222645630604
2330    70.6850601228991
2360    70.68956270886974
2390    70.6952623525134
2420    70.7018295228441
2460    70.71112569653786
2500    70.71922857531251
2540    70.72377334570379
2580    70.7224175353312
2620    70.71331363917295
2660    70.69511676676458
2700    70.66661653027998
2740    70.62679017088482
2780    70.57505784264129
2820    70.51148817925765
2860    70.4365842685097
2900    70.35106043455016
2940    70.25545023426926
2980    70.14969498859257
3020    70.03360466453171
3060    69.90778770618883
3100    69.7741565151765
3150    69.60107543834286
3200    69.4285088264699
3250    69.26366129623844
3300    69.11320207298468
3350    68.98454571196223
3400    68.88588974072718
3450    68.82592928373161
3500    68.81393796797546
3550    68.85881261013567
3600    68.96700769534334
3650    69.14099847867467
3700    69.37889438411364
3750    69.67493189295746
3800    70.02107250107906
3860    70.49094105431612
3920    71.00664093071616
3980    71.55083484787487
4040    72.10038527407848
4100    72.62821660690338
4160    73.11128361387316
4220    73.54040303479799
4280    73.92135893528055
4340    74.26560829830426
4400    74.58087567277953
4460    74.86957643526196
4520    75.13252614006115
4590    75.4104326884808
4660    75.66650916830017
4730    75.91419331634455
4800    76.16799609723003
4870    76.44193723946056
4940    76.74823323680383
5010    77.09538715035596
5080    77.4865688738985
5150    77.91926406664152
5220    78.38678718939832
5300    78.9517271632105
5380    79.53224738582543
5460    80.10774849373739
5540    80.65398581910566
5620    81.14254527347455
5700    81.54802027988552
5780    81.85966693423869
5860    82.0796832146828
5950    82.22297560611176
6040    82.26409308782868
6130    82.22015994453581
6220    82.1160733769659
6310    81.97701250355777
6400    81.82486742462696
6490    81.6774021120787
6580    81.54723866553836
6680    81.43105880920163
6780    81.34822895772285
6880    81.29563667217826
6980    81.26038506395368
7080    81.22230154445032
7180    81.15751161800094
7280    81.04004829467254
7390    80.82389143499341
7500    80.50250784912478
7610    80.07328657066586
7720    79.54914863638174
7830    78.95918904060036
7940    78.32424034842268
8060    77.58743508038357
8180    76.82994671241863
8300    76.09126044457385
8420    75.40050892953505
8540    74.77693157992546
8660    74.23370574021587
8790    73.7448395612603
8920    73.36481684286144
9050    73.09478203631187
9180    72.92837978891762
9310    72.85026076535982
9450    72.83107574810036
9590    72.81709099831875
9730    72.72106304465777
9870    72.44477309961911
10010    71.901443200604
10160    70.96559936487326
10310    69.66996485855901
10460    68.08973581059087
10610    66.32557098615627
10760    64.3980581335914
10920    62.12418093697913
11080    59.75543886577641
11240    57.958189387790256
11400    57.687410345829086
11570    58.80755364011574
11740    59.95275728736195
11910    60.53953351109658
12080    61.03686521975056
12260    62.40396795602775
12440    64.32797255724725
12620    65.7417695284976
12800    66.53588617663839
12990    67.02254505778555
13180    67.30588553370498
13370    67.39334151073453
13560    67.2366976864393
13760    66.77935166181166
13960    66.09491798712584
14160    65.37118739363757
14370    64.84730809848406
14580    64.70685902550238
14790    64.74389377779288
15010    64.5878109566451
15230    63.983525631696665
15450    62.88167635398558
15670    61.319608681769516
15900    59.25960543233256
16130    56.98009068919946
16360    54.899888750744765
16600    53.14563925748544
16840    51.70041498673972
17080    50.58143519309053
17330    49.811440906671834
17580    49.44521712914867
17840    49.4971558772246
18100    49.98142611642212
18360    50.798515357386236
18630    51.6115433767486
18900    51.51084365206853
19170    49.56467309934965
19450    45.855597435505594
19730    43.07667076223325
20000    42.590280764291805
