20    64.40609553137581
20.3    64.44917509811773
20.6    64.49142303393691
20.9    64.53276276961694
21.2    64.57333851775547
21.5    64.61351156749184
21.8    64.65373041973177
22.1    64.69429988026079
22.4    64.7351652357035
22.7    64.77582227798248
23    64.81536160125202
23.3    64.85268181362207
23.6    64.88680786460037
23.9    64.91720051428149
24.2    64.94392462684824
24.6    64.97498324155961
25    65.00294171206218
25.4    65.02997275393247
25.8    65.05736682499281
26.2    65.08529421407263
26.6    65.11315362910776
27    65.14015390717714
27.4    65.16572974931917
27.8    65.1896768100099
28.2    65.21205421810399
28.6    65.23304091932783
29    65.25285722649406
29.4    65.27175163487448
29.8    65.28999801900491
30.2    65.30784881608074
30.6    65.3254799901178
31    65.34296851401433
31.5    65.36463306817203
32    65.38605552612324
32.5    65.4072283811411
33    65.42810423544391
33.5    65.44847373328275
34    65.46795371159635
34.5    65.48609138601381
35    65.50251402302409
35.5    65.51701394644553
36    65.52952611594736
36.5    65.54005737484138
37    65.5486545954534
37.5    65.55542741460272
38    65.56056780977814
38.6    65.56492997903473
39.2    65.5677369775272
39.8    65.5695028530911
40.4    65.57102691979382
41    65.57347700585461
41.6    65.57817583224039
42.2    65.58623330617431
42.8    65.5981882673962
43.4    65.61377560146732
44    65.6319153474935
44.6    65.65093606687942
45.2    65.66879775896231
45.9    65.68508719545636
46.6    65.6929883688339
47.3    65.68998822197764
48    65.67573695451857
48.7    65.65217362769518
49.4    65.62342183410827
50.1    65.5953426069084
50.8    65.57362824995889
51.5    65.56155743981455
52.2    65.55937989283035
53    65.56636967324009
53.8    65.57863231823788
54.6    65.59145963107522
55.4    65.60245570520105
56.2    65.61088340318503
57    65.61606401627982
57.8    65.61671401496665
58.6    65.6114987135655
59.5    65.59870882337339
60.4    65.58047194216957
61.3    65.55915274176843
62.2    65.53677034952594
63.1    65.51468454299078
64    65.4929841334406
64.9    65.47092822673793
65.8    65.44778691439559
66.8    65.42039365242115
67.8    65.39133447477613
68.8    65.36110395129216
69.8    65.33050278266415
70.8    65.30044979844583
71.8    65.2718966989564
72.8    65.24552805722391
73.9    65.21811405234715
75    65.18966648299869
76.1    65.15789212422644
77.2    65.12218738688992
78.3    65.0831711390595
79.4    65.04130502568174
80.6    64.99291186380461
81.8    64.94261045917588
83    64.8914269223281
84.2    64.84051608552952
85.4    64.79114351723281
86.6    64.74421711091709
87.9    64.69663762978387
89.2    64.65204891778431
90.5    64.60860368493852
91.8    64.56430913951914
93.1    64.51832436049659
94.5    64.4672004935459
95.9    64.41458141095376
97.3    64.35972401004989
98.7    64.30187245201486
100    64.2452352868698
102    64.15304397637115
104    64.05661881309587
106    63.959513792526266
108    63.86577448925699
110    63.778968713097804
112    63.700254932190056
114    63.627438441228875
116    63.55669784377369
118    63.48503633617373
120    63.41110480453437
122    63.33553482986707
124    63.2593321712887
126    63.183192088501
128    63.10608454465269
130    63.025561014573086
132    62.938899092174495
134    62.84427114962275
136    62.741623949514874
138    62.632585071776376
140    62.52045070432265
142    62.409704616629796
144    62.30488087942195
146    62.2098478854583
148    62.12780704026879
150    62.06176805796771
152    62.01467053708187
154    61.98897018622172
156    61.98634101160253
158    62.007305477809666
160    62.050807907683435
162    62.113512939552024
164    62.18900673573527
166    62.26896325052893
168    62.34565642363358
170    62.41436871372552
173    62.50060877684475
176    62.56753778253457
179    62.61231567721558
182    62.632462626724646
185    62.627265624939
188    62.596993482075185
191    62.54304356772255
194    62.4691578527121
197    62.38109737564946
200    62.28539619659395
203    62.18735163502295
206    62.090222950768975
209    61.995651601603235
212    61.903998280906535
215    61.81506170578519
218    61.72915626630653
221    61.64728322724275
224    61.57014865706394
227    61.49752008877515
230    61.428785828053456
233    61.3634343553141
236    61.30143208781672
239    61.24322467182729
243    61.17249498147898
247    61.11045435053171
251    61.05742069512497
255    61.01369452158292
259    60.97980296300503
263    60.95607696405554
267    60.94142451078291
271    60.93347580904781
275    60.92968158379878
279    60.927724956121224
283    60.92552364102834
287    60.921725702906365
291    60.91559225525811
295    60.906895261475974
299    60.89596883705235
303    60.88333803955848
307    60.86963903478346
312    60.85181916331007
317    60.83366595285417
322    60.815247605164075
327    60.796631572716805
332    60.778123076181785
337    60.7601155544297
342    60.74286989615877
347    60.72642219812011
352    60.71072451565437
357    60.695837901816766
362    60.68209716727769
367    60.670226915725934
372    60.661275049311485
377    60.656451378290086
383    60.657951578744296
389    60.66967760455974
395    60.69389810084381
401    60.73258856589321
407    60.786755900306595
413    60.855936303212616
419    60.93810301668229
425    61.02997243843156
431    61.12792866065497
437    61.22895864883634
443    61.33099549828159
449    61.432949595633254
456    61.55122969866109
463    61.668748624620385
470    61.78571234102877
477    61.902060115857694
484    62.01715487570756
491    62.13004356191814
498    62.2400381026972
505    62.34690778571742
512    62.45107632655048
519    62.55355212124111
527    62.67008524246383
535    62.78728462619874
543    62.90594725149781
551    63.0262713713002
559    63.1477496002574
567    63.26930701551231
575    63.38959995784272
583    63.507214122995606
592    63.63450405477221
601    63.75445859658289
610    63.865247227313866
619    63.96559422973706
628    64.05492573857894
637    64.13349166211881
646    64.20224632657145
655    64.26255714645167
665    64.32153982131555
675    64.37409722074983
685    64.4221781673559
695    64.46761586162208
705    64.51218061294105
715    64.55756413960955
725    64.6051639122304
736    64.66097289724065
747    64.72047450047857
758    64.78350051676566
769    64.8499720558699
780    64.91961567818045
791    64.99173118871391
803    65.07211749931656
815    65.15332017073638
827    65.23467901149064
839    65.31569616697232
851    65.39608803582942
863    65.47591566193412
876    65.5621238122663
889    65.64830779315695
902    65.7343833681108
915    65.82008749812633
928    65.90522270067967
942    65.996093681388
956    66.08600017740615
970    66.17502614367902
984    66.26336384268375
998    66.35120830703687
1010    66.4263311024518
1020    66.48905045028994
1030    66.55208488116776
1050    66.67928233888566
1070    66.80713954893986
1090    66.93434701006186
1110    67.06028593653605
1130    67.18470508604088
1150    67.3075490156497
1170    67.4288557173208
1190    67.54902978332447
1210    67.66876388189239
1230    67.78839265049945
1250    67.90771491276317
1270    68.02659911258422
1290    68.14539049287201
1310    68.26445539664182
1330    68.38373056911863
1350    68.50287446104207
1370    68.62143249172298
1390    68.73903178899853
1410    68.8553764603918
1430    68.97016404414458
1450    69.0830554843167
1470    69.19392402977068
1490    69.30293821246929
1510    69.4104796260687
1530    69.51696134973598
1550    69.62274238613779
1570    69.72819065175626
1590    69.83371753439255
1610    69.93954691316722
1630    70.04577368955549
1650    70.15255775782927
1670    70.26018511498114
1690    70.36892146010302
1710    70.47897241619773
1730    70.59050493374117
1760    70.76078491269125
1790    70.93463201768947
1820    71.11173293569033
1850    71.29102253001659
1880    71.47087808166137
1910    71.6496858643979
1940    71.82600220331
1970    71.99848375989245
2000    72.16568297065427
2030    72.32623037317241
2060    72.4791221663126
2090    72.62327219926068
2120    72.75757940152526
2150    72.8813327758345
2180    72.99420031952205
2210    73.09575214676468
2240    73.18638899472396
2270    73.2658078893721
2300    73.33352767860713
2330    73.38887095233477
2360    73.43137744084076
2390    73.46170367911363
2420    73.4810442080207
2460    73.49075391266669
2500    73.48310856704548
2540    73.45913983857312
2580    73.42017184845912
2620    73.36662206215975
2660    73.29956688930547
2700    73.22139681702097
2740    73.13356788406927
2780    73.03641671238111
2820    72.92962945921954
2860    72.81264901203818
2900    72.6837005774122
2940    72.54070324102659
2980    72.38366392345445
3020    72.21346718351955
3060    72.03100985206633
3100    71.83814816920577
3150    71.58759100129117
3200    71.33479255137341
3250    71.0903767716002
3300    70.86358181174079
3350    70.66126748986893
3400    70.48777891824486
3450    70.3458456598238
3500    70.23686285235337
3550    70.1608433557922
3600    70.11678245917011
3650    70.10399805659729
3700    70.12270524977427
3750    70.17392380969864
3800    70.25644235550607
3860    70.39250231616768
3920    70.56950011221096
3980    70.78123059436601
4040    71.02099246021827
4100    71.27306970136686
4160    71.51712830757273
4220    71.73118417619278
4280    71.8931618590932
4340    71.98059737307315
4400    71.97935852061242
4460    71.88512478937196
4520    71.69585435895789
4590    71.36816058740456
4660    70.95793969188543
4730    70.49511066754418
4800    70.00893254015156
4870    69.52359096774575
4940    69.0593139040265
5010    68.63027279790019
5080    68.24424692908732
5150    67.91183648199518
5220    67.64044733602199
5300    67.40993222252023
5380    67.26368958122117
5460    67.1861673819075
5540    67.14137485409185
5620    67.10015583427725
5700    67.0606385972938
5780    67.02213292490413
5860    66.97081824476919
5950    66.89355012834189
6040    66.80575559840571
6130    66.7258674661606
6220    66.67768003260755
6310    66.68570105567433
6400    66.75277422001551
6490    66.86218002152947
6580    67.00023843991954
6680    67.1955946692033
6780    67.45898329435843
6880    67.77966004363533
6980    68.11543835994922
7080    68.44923331610192
7180    68.76906057143557
7280    69.05640358026167
7390    69.32151873489335
7500    69.51935163644376
7610    69.61494337264637
7720    69.58933012858262
7830    69.46860274066431
7940    69.27781614351738
8060    69.00988994469856
8180    68.70807376843204
8300    68.40088963459962
8420    68.10479492195199
8540    67.83062955825149
8660    67.59647728344288
8790    67.4158244327756
8920    67.3303609740938
9050    67.32671568675276
9180    67.40718081503033
9310    67.5331799787239
9450    67.65959961435182
9590    67.71793761008647
9730    67.64655683868862
9870    67.40192219313114
10010    66.9568170580389
10160    66.24777406155539
10310    65.29042371575305
10460    64.06806314906363
10610    62.60702358171375
10760    61.133788564722494
10920    60.07100222743745
11080    59.93090434297018
11240    60.62441692078201
11400    61.61827881959415
11570    62.531534892345945
11740    63.18971104467631
11910    63.46343294613533
12080    63.5659827575641
12260    63.46044921713829
12440    63.21763407075209
12620    62.80650527441246
12800    62.27432609290183
12990    61.63416561737603
13180    60.9929880108136
13370    60.40552324504141
13560    59.93071975606377
13760    59.595284366704945
13960    59.45522603800738
14160    59.54103951971594
14370    59.78251033904977
14580    60.21516441583505
14790    60.687852533952714
15010    60.93671866406613
15230    60.38219763122156
15450    58.90890897759486
15670    56.92995494543274
15900    54.70015975693235
16130    52.52013175342691
16360    50.60650100672281
16600    48.95035908101962
16840    47.46614371270637
17080    46.19451551920267
17330    45.33396578082187
17580    44.88854370955838
17840    44.69655644836668
18100    44.493918481058984
18360    43.97142617528287
18630    43.00387486524001
18900    41.671437100908804
19170    39.79092713114757
19450    38.93174519364946
19730    41.391359261606425
20000    41.748247418486265
