21.787438271583696    8.398650357948046
22.87563438417456    8.398650357948046
24.01818157579991    8.360748057475917
25.217794467251018    8.311183510704662
26.477323263858974    8.212054417162165
27.79976052740463    8.121672008344
29.188248286258517    8.025458476376276
30.6460855006441    7.8942582055112
32.176735900761294    7.7630579346461275
33.78383621639313    7.634773225355833
35.471204817548696    7.518150762364652
37.24285078667185    7.366541560476122
39.10298344397081    7.185776742839796
41.05602234850013    6.99918080205391
43.106607798757096    6.8242471075671425
45.259611857741255    6.678469028828172
47.52014992867184    6.491873088042283
49.893592908866566    6.244050354186033
52.385579950658084    5.964156443007205
55.00203185966817    5.684262531828377
57.74916516227184    5.418946428523448
60.63350687567625    5.1536303252185185
63.661910015705686    4.8883142219135856
66.84156987913968    4.660900419080793
70.18004113928858    4.503460094042698
73.68525579542583    4.346019769004609
77.36554201872295    4.179832759242181
81.22964393946427    3.978659010582401
85.28674242255454    3.7541607693243826
89.54647688068071    3.4771824197203323
94.01896817695469    3.144808400195476
98.71484267145208    2.7774476417732643
103.64525746878036    2.378015706028478
108.82192692666274    1.9523437161106791
114.25715048852094    1.4916849872955247
119.96384190618427    1.0047862043073579
125.95555992215859    0.4916473671461752
132.24654048435087    -0.036069277888906015
138.91326658305078    -0.508681809160656
145.7868236977284    -0.8378487109532564
153.06829721642805    -0.7445507405603138
160.71345145234687    -0.36261217426420345
168.74045081461702    0.10387767770050615
176.38510641899515    0.4530971641018695
188.50634421088083    0.41001164305234994
197.92148831419385    0.054313130929259046
207.8068815163223    -0.3538654895398672
218.18601089431007    -0.7299729326864153
229.08353661152856    -1.0302757748887004
239.99308083369982    -1.2623544762411427
253.66006761075647    -1.4326232722082608
267.34277749561124    -1.5271707689903984
279.6314778479909    -1.543414612049883
289.7211651185366    -1.5317523657507657
311.00584651217235    -1.4588633263812802
326.53935480942755    -1.4005520948856898
342.8487002259098    -1.3451564249648769
359.97263274803936    -1.2985074397684109
377.9518377703398    -1.225618400398922
396.8290327613949    -1.1264893068564206
416.649068757887    -1.006951282290462
437.459036927861    -0.8844976961497295
459.30838045639894    -0.735804055835974
482.2490120195393    -0.5550392381996474
506.335437125555    -0.4267545289093526
531.6248836166394    -0.33928768166597223
558.1774376386848    -0.26056751914692455
586.0561864022126    -0.1585228640296421
615.3273680736478    -0.0477315241880234
646.0605291530679    0.12428660872396335
678.3286897123437    0.35753153470631815
712.2085168862696    0.6024387069877939
747.7805070288904    0.7977813324980154
785.1291769678143    0.9318971649378724
824.3432648109164    1.0630974358029448
865.5159407825411    1.217622199266259
908.745028590142    1.4013025784773632
954.1332378473011    1.6287163813101593
1001.7884081053558    1.8823702383159748
1051.8237650734418    2.1739263957939166
1104.35818963571    2.512131538468335
1159.5165003048846    2.8882389816148866
1217.429749783252    3.2381063705884188
1278.2355363357015    3.564649266963716
1342.0783307146153    3.8999388480633534
1410.98410864788    4.2346453168480345
1479.4892650638842    4.5413623945148345
1553.3838848348662    4.8708208524649095
1630.9692477291935    5.209025995139324
1712.429691724988    5.553062260963301
1797.9587617511206    5.920423019385513
1887.7596695378795    6.3198549551303
1982.0457764353673    6.745526945048098
2081.0411003467248    7.203270112288472
2184.9808479806966    7.672675525827962
2294.1119736880773    8.16248987039091
2408.6937662098508    8.65521977652864
2528.998464731019    9.145034121091587
2655.311905703928    9.623186219355418
2787.934201977823    10.066351578721893
2927.1804558482595    10.497854691789254
3073.381507720455    10.891455504384478
3226.8847221654532    11.223829523909338
3388.0548132366484    11.448327765167353
3557.2747110076284    11.529963489261178
3734.9464713900825    11.497892311938603
3921.4922313935645    11.30838080957794
4117.355212096692    10.973091228478303
4323.000771712716    10.457036829742343
4528.873130717963    9.80861593551139
4723.574026105045    9.09806118460903
4904.864636226995    8.394277015585878
5081.842388033571    7.6887111144892515
5276.883325674993    6.967109624731336
5503.741945624722    6.22305831084762
5765.844220765649    5.535568891514625
6053.8252669368785    4.9612032612830745
6356.189823965927    4.67256266537991
6673.6562911618585    4.681309350104247
7006.9789490294315    4.885398660338808
7329.062326357514    5.120726130303151
7724.400207026432    4.897060906637929
8020.862423690911    4.1769171976674
8218.727018228386    3.3751377646030534
8384.241391704803    2.6535362748451377
8553.089007393372    1.899863607764651
8744.68851817301    1.1237411165583566
8980.281873873157    0.36502869304146657
9345.626154556874    -0.0827182630853791
9725.833715180259    0.3696102898018374
9965.757808493325    1.090066380369656
10143.957269997363    1.8309105765211164
10302.493717788324    2.594739116420417
10440.352697010228    3.246853055312755
10580.056384772892    3.9844901337319563
10721.629465355958    4.7399445328859215
10889.194154828361    5.539942233876793
11257.132325279475    6.349010570878093
11637.502866331206    5.756422680804171
11819.381428757933    4.832594600706692
11951.032427338583    4.08070366569968
12057.408255506265    3.343066587280479
12164.730932148099    2.6655629663411027
12273.0088851377    1.9158991964259364
12382.250617364896    1.2067698311823563
12520.171173383644    0.33906631139938526
12687.705176793519    -0.5054746914283967
12885.996992877674    -1.3656694831874354
13203.87834222933    -2.2464814603681305
13741.05095027538    -2.558030040073131
14427.3619355602    -2.409336399759379
14947.931261978825    -2.8081852231892057
15215.217839946217    -3.48809418242778
15418.814605691607    -4.204350475965256
15625.135725663042    -5.00612990902961
15799.177382042506    -5.8934324816208274
15975.15761346459    -6.812806231534616
16153.098012881626    -7.67338282302368
16260.812205806282    -8.41636509766331
16405.54927146053    -9.23952531560937
16551.574637964066    -10.086738916547368
16735.935498327563    -11.104998796539093
16884.90162402587    -11.936711328437845
17035.193693326666    -12.868913549280663
17186.823508419424    -13.71879974832887
17352.61256319968    -14.85198134705982
17507.067715380603    -15.717903134769315
17662.89766884564    -16.605205707360533
17820.114660665222    -17.443807603276717
17978.731036831636    -18.34773967522038
18125.36933815797    -19.026579595214862
18246.23528772154    -19.735352614043755
18408.64455248382    -20.582031695359703
18613.6905146992    -21.3802476642771
18821.020395564956    -22.303184878337838
18988.54580759209    -22.730800575972154
19081.90952699985    -23.33333333333333
19262.092542714756    -23.67346938775509
19720.028882455244    -23.945578231292508
19906.237409908863    -23.945578231292508
20.863988880926875    8.435374149659864
20.094204231729307    8.435374149659864
