20    68.87536540511562
20.3    68.90707501707504
20.6    68.93861192247549
20.9    68.97038710656744
21.2    69.00281038495572
21.5    69.03611412212618
21.8    69.07018819230868
22.1    69.10448966148482
22.4    69.13804571386095
22.7    69.1696134504797
23    69.19793687403424
23.3    69.22205622655753
23.6    69.24157505456992
23.9    69.2567888942841
24.2    69.26861096256562
24.6    69.28128599566989
25    69.29309846793164
25.4    69.30597893143117
25.8    69.32045633257232
26.2    69.33601612393667
26.6    69.35185918424207
27    69.36753446097288
27.4    69.38309180696015
27.8    69.39883832520903
28.2    69.41495905158743
28.6    69.43131436708619
29    69.4475168728401
29.4    69.46316223791109
29.8    69.47803098335541
30.2    69.4920868097095
30.6    69.50535572581774
31    69.51781094537401
31.5    69.53207371348373
32    69.54471657638676
32.5    69.55578328394292
33    69.56550894196171
33.5    69.57409098431523
34    69.5815956086887
34.5    69.5880647198735
35    69.59361533762905
35.5    69.59839015560931
36    69.60247241749475
36.5    69.60592875552919
37    69.60890011468203
37.5    69.6115437522298
38    69.61387178045507
38.6    69.61609445087657
39.2    69.61783854944935
39.8    69.61995183519028
40.4    69.62350679771373
41    69.6290945982364
41.6    69.63668384856055
42.2    69.6460244480235
42.8    69.6568836053665
43.4    69.66892239480568
44    69.68164736561562
44.6    69.69458984632234
45.2    69.70735104712239
45.9    69.72131865755685
46.6    69.73327363674981
47.3    69.74238587222368
48    69.74829998615655
48.7    69.75081552625237
49.4    69.74982458054052
50.1    69.74556463701761
50.8    69.73843582909726
51.5    69.72853537973884
52.2    69.71575889144873
53    69.69806428641664
53.8    69.67845702512068
54.6    69.65881022527896
55.4    69.64089918283453
56.2    69.62627945913914
57    69.61644855517703
57.8    69.61272157029029
58.6    69.6157386608269
59.5    69.62698672356856
60.4    69.64533923366525
61.3    69.6686803466056
62.2    69.69444056978969
63.1    69.72022664220958
64    69.74401657959179
64.9    69.76407543347352
65.8    69.77902329965457
66.8    69.78866497648065
67.8    69.79072553156121
68.8    69.78574830917336
69.8    69.7751501494184
70.8    69.7608031846083
71.8    69.7443759307272
72.8    69.72708182227902
73.9    69.70792870382729
75    69.68908230711601
76.1    69.67064006073657
77.2    69.65235263481455
78.3    69.6336605396987
79.4    69.61410328086012
80.6    69.5915369321554
81.8    69.56761504162611
83    69.54230739666025
84.2    69.51566423576479
85.4    69.48793214240209
86.6    69.45942962466577
87.9    69.42777998491178
89.2    69.39512884846245
90.5    69.36120593035923
91.8    69.32573737904883
93.1    69.28850936321146
94.5    69.24639896514279
95.9    69.20235590763704
97.3    69.156584058904
98.7    69.10930404606998
100    69.06436800416236
102    68.99361905756285
104    68.92005708861362
106    68.84216366205214
108    68.75873962540933
110    68.66924630603677
112    68.57394393407543
114    68.47393462795792
116    68.37151202411037
118    68.27064278990508
120    68.17715627623791
122    68.09820203723265
124    68.0406901542214
126    68.00978573193004
128    68.0079615637769
130    68.03418917400431
132    68.08332044694704
134    68.14750255929582
136    68.21794745998619
138    68.28720054604133
140    68.34979643285413
142    68.40117932884246
144    68.43790084172971
146    68.45789840563589
148    68.46073156338704
150    68.44742129164254
152    68.4199515878941
154    68.38078990839352
156    68.33305504915009
158    68.28067052148882
160    68.22822507663489
162    68.18040362220117
164    68.14102751897343
166    68.1124170995945
168    68.0952287035328
170    68.08855694969384
173    68.09289908714693
176    68.10405976317892
179    68.11023422741678
182    68.10257911609125
185    68.07636264120427
188    68.03046120106598
191    67.96646976134402
194    67.88748654917447
197    67.79707326738016
200    67.69846109437132
203    67.59422820476914
206    67.48635652548857
209    67.376222754147
212    67.26475240100481
215    67.15248516318837
218    67.03968813554448
221    66.92662668907465
224    66.81370314016785
227    66.70137498773408
230    66.58999178044942
233    66.47980881122072
236    66.3711167106865
239    66.26431726127329
243    66.12566310264538
247    65.99228202647029
251    65.86499675302875
255    65.74412533118375
259    65.62926348599072
263    65.51913261534966
267    65.41172899452741
271    65.30470253358561
275    65.19592583799178
279    65.08395240574298
283    64.96816136790636
287    64.8487141237271
291    64.72634981500461
295    64.60211206676291
299    64.47709814766195
303    64.35232842557524
307    64.22871206846892
312    64.0769358485251
317    63.92911252898173
322    63.78568866160208
327    63.64667013645297
332    63.511743933819744
337    63.380400801623864
342    63.25204911927903
347    63.12608422736568
352    63.00195359902459
357    62.87935490862129
362    62.75843645728918
367    62.63984299522619
372    62.524604531500614
377    62.41395657568148
383    62.28913961325007
389    62.175375422354236
395    62.07529514864013
401    61.99162362427907
407    61.92671899256389
413    61.88247580263656
419    61.860326439099154
425    61.86112396143815
431    61.885109518274206
437    61.93182995372263
443    61.99991520394873
449    62.08701856302224
456    62.20860474697416
463    62.34630422278826
470    62.494094728323645
477    62.646032778011545
484    62.79664446319181
491    62.941190042963626
498    63.07584027904885
505    63.197941817751655
512    63.30631814649446
519    63.401244641335325
527    63.49533067859359
535    63.57765169090415
543    63.65234487922791
551    63.7229925129348
559    63.792048936088776
567    63.86069809805935
575    63.92898515494196
583    63.996159583329195
592    64.06898557071253
601    64.13735937457268
610    64.20014030052224
619    64.25694295938952
628    64.3080340893957
637    64.35400916042678
646    64.39556056933091
655    64.43329449799506
665    64.47124953756088
675    64.50531948297873
685    64.53566387518602
695    64.56248574977536
705    64.58619311082916
715    64.60743068678835
725    64.62700204074923
736    64.64758512583866
747    64.66810016693981
758    64.68933636265088
769    64.71178494803632
780    64.73527576574305
791    64.75878994678816
803    64.78258260733641
815    64.80227953708983
827    64.81573322593334
839    64.82105115138654
851    64.81728735979657
863    64.80550797255599
876    64.7881712415554
889    64.77351977380434
902    64.76949818039435
915    64.78180709156922
928    64.81204181731222
942    64.8622681946506
956    64.92601698633314
970    64.99834447637562
984    65.07542628314775
998    65.15465417054737
1010    65.22298149864953
1020    65.2796247299412
1030    65.33564785767646
1050    65.44508919800359
1070    65.55058791553566
1090    65.65212772233414
1110    65.75007026480563
1130    65.84462895203393
1150    65.93556482084784
1170    66.02264355834463
1190    66.10628184886517
1210    66.18712820073898
1230    66.26581858315231
1250    66.34326070450751
1270    66.42039419811564
1290    66.49810421264922
1310    66.57675410934266
1330    66.65628368228542
1350    66.73650826813568
1370    66.81704198210903
1390    66.89726644853198
1410    66.97677604985444
1430    67.05578518963134
1450    67.13491511734648
1470    67.21469819178522
1490    67.29570957251039
1510    67.37887755022314
1530    67.46547091450931
1550    67.55683052546274
1570    67.65392533900943
1590    67.75704802940595
1610    67.86635242579555
1630    67.98213991407268
1650    68.10479332496962
1670    68.23446232516386
1690    68.37061773867333
1710    68.51204241667236
1730    68.65718165634865
1760    68.87856961968534
1790    69.10114385887883
1820    69.32433588024836
1850    69.55173590357185
1880    69.78929525453906
1910    70.04047857721929
1940    70.30514345908742
1970    70.58006158611131
2000    70.85937889656277
2030    71.13591775844947
2060    71.40364887112094
2090    71.65824261510383
2120    71.89580750574126
2150    72.11269596032656
2180    72.30595078343879
2210    72.47287532705556
2240    72.6131229548264
2270    72.72583689314031
2300    72.81163263107666
2330    72.87226717322372
2360    72.91031733595248
2390    72.92871155473537
2420    72.93062179338492
2460    72.91191329539132
2500    72.87411729733198
2540    72.82092900080117
2580    72.75621248004387
2620    72.68458564235148
2660    72.61010909491557
2700    72.53615784263224
2740    72.46525430579399
2780    72.39897187737257
2820    72.33811771209147
2860    72.28308633475748
2900    72.23462979571482
2940    72.19347021870686
2980    72.15940502029457
3020    72.13234675599769
3060    72.11279745769765
3100    72.1011054672494
3150    72.09722997214334
3200    72.10433187259287
3250    72.12057619903914
3300    72.14320410518971
3350    72.16914797809531
3400    72.19526054462108
3450    72.21956353815708
3500    72.24070225221634
3550    72.25610210225801
3600    72.26223584198237
3650    72.25420959081734
3700    72.22652838401008
3750    72.17352901148898
3800    72.09067288151476
3860    71.9482749223341
3920    71.75049260606087
3980    71.49446426064776
4040    71.17081016410415
4100    70.78130129953621
4160    70.33801516113994
4220    69.86447852451613
4280    69.3988386852492
4340    68.99349016464865
4400    68.70530963747163
4460    68.57992961668818
4520    68.65311071855847
4590    68.98845822683182
4660    69.52735869471739
4730    70.1890517609919
4800    70.88261957263842
4870    71.52752377905651
4940    72.05721666332823
5010    72.43831513229358
5080    72.66913168089602
5150    72.74902395393212
5220    72.6961193019111
5300    72.5122952414344
5380    72.24810586131323
5460    71.94286044930215
5540    71.62482081571277
5620    71.31341553028422
5700    71.0221578476385
5780    70.7639954973034
5860    70.54205059785974
5950    70.33724006686327
6040    70.1834096667602
6130    70.08529829993341
6220    70.04478793360482
6310    70.06173465902212
6400    70.12921575174846
6490    70.24867671199176
6580    70.4187169125995
6680    70.66366549058611
6780    70.96580925095539
6880    71.32715541765171
6980    71.74752309359278
7080    72.20974519996733
7180    72.68172433436771
7280    73.12330797438773
7390    73.5251262250805
7500    73.79450478689698
7610    73.90428501362412
7720    73.87320118658138
7830    73.74894140962655
7940    73.57747414809268
8060    73.38413251694885
8180    73.22147580075296
8300    73.09516234796877
8420    72.98274482948821
8540    72.84027169434535
8660    72.6181846162442
8790    72.24915709859629
8920    71.7370572671567
9050    71.14358528447787
9180    70.5334870564042
9310    69.98028462634369
9450    69.49975099124907
9590    69.098538334903
9730    68.48809046832739
9870    66.98314185933873
10010    63.80028183144314
10160    59.036713676291356
10310    55.932065316346836
10460    56.608513309039026
10610    58.502819751953
10760    60.12107745119304
10920    61.49708179092485
11080    62.6459333950886
11240    63.74171680454966
11400    64.92012796297504
11570    66.13658186578678
11740    67.21465271932172
11910    68.0049706533814
12080    68.62299253715109
12260    68.99383278361952
12440    69.24889635086876
12620    69.55670654616915
12800    70.07317562127895
12990    70.96104021905637
13180    71.85153728555784
13370    72.36792530142229
13560    72.38651376413044
13760    72.09515530006053
13960    71.36215192054368
14160    69.7900266714311
14370    67.70730056453243
14580    65.40949289416488
14790    63.290140968042984
15010    61.395469344419425
15230    59.89494525068434
15450    59.05304811934869
15670    58.674221409714875
15900    58.335571990624715
16130    58.05506512897728
16360    58.066726832767564
16600    58.463685395272094
16840    59.06427344616671
17080    59.56169979613865
17330    59.581967063525475
17580    58.7923359068768
17840    57.2217113566512
18100    55.42481468649093
18360    53.92999898681545
18630    53.00477167814542
18900    52.91222739048122
19170    53.84968082273045
19450    55.564531980523284
19730    56.929004647960895
20000    57.05170731515256
