20    71.0144669446107
20.3    71.00702997778082
20.6    70.99974040391609
20.9    70.99262882833065
21.2    70.9856026644187
21.5    70.97835810772365
21.8    70.97043983198745
22.1    70.9614501347803
22.4    70.9512969400048
22.7    70.94033925201504
23    70.9293771726714
23.3    70.91941688785406
23.6    70.91131226889007
23.9    70.90543593031819
24.2    70.90153647910697
24.6    70.89805418733116
25    70.8943957431858
25.4    70.88872341368625
25.8    70.88029241739252
26.2    70.8693548044841
26.6    70.8566152249448
27    70.84271508331886
27.4    70.82805784132833
27.8    70.81290519186507
28.2    70.79751926138223
28.6    70.78218679107408
29    70.76712883938684
29.4    70.75240278104795
29.8    70.73788463103256
30.2    70.72335141750145
30.6    70.70858341491844
31    70.69343078875042
31.5    70.67385623583687
32    70.65357499629016
32.5    70.63263219071358
33    70.61108739678326
33.5    70.58899784126942
34    70.56643690316572
34.5    70.54353071982639
35    70.52045551143092
35.5    70.49740660449231
36    70.47458182198159
36.5    70.45216924571639
37    70.43028754200326
37.5    70.4088894075002
38    70.3877238653904
38.6    70.36215225416582
39.2    70.33600228560093
39.8    70.30915635692732
40.4    70.28154810505222
41    70.25295782698959
41.6    70.22316507004092
42.2    70.19222540928953
42.8    70.16048002956754
43.4    70.12832394098542
44    70.09603192375408
44.6    70.06376466577674
45.2    70.03163797752654
45.9    69.99449439482883
46.6    69.95795158204088
47.3    69.92228574936287
48    69.8875817609072
48.7    69.8535121892744
49.4    69.81944587990621
50.1    69.78476628400435
50.8    69.74901652781696
51.5    69.71188370263216
52.2    69.6733138686607
53    69.62792107633146
53.8    69.58180999607724
54.6    69.53558428675147
55.4    69.49015866726916
56.2    69.44642006735549
57    69.40435606009423
57.8    69.36327973548188
58.6    69.32268812662377
59.5    69.27716649748494
60.4    69.23158480493625
61.3    69.18607356953639
62.2    69.14072198871199
63.1    69.09524133748714
64    69.04940552645083
64.9    69.00347931067535
65.8    68.95811182288087
66.8    68.90916373401726
67.8    68.86221946060184
68.8    68.81705598829164
69.8    68.77282904477914
70.8    68.72849539210769
71.8    68.68301509600158
72.8    68.63558241742534
73.9    68.58099928315428
75    68.52455960502726
76.1    68.46733330430843
77.2    68.41016596677713
78.3    68.35339736671239
79.4    68.29701528438356
80.6    68.23553711692952
81.8    68.17334591062377
83    68.10975328509096
84.2    68.04439117384796
85.4    67.97721233972179
86.6    67.90844203014608
87.9    67.8327088798791
89.2    67.75662566130669
90.5    67.68124772853376
91.8    67.60718172913371
93.1    67.53420240556024
94.5    67.45580517743859
95.9    67.37640124214957
97.3    67.2951649892116
98.7    67.21174780607844
100    67.13215896901123
102    67.00537536387398
104    66.87296130858792
106    66.73460655126317
108    66.59002274953353
110    66.4387132713164
112    66.27996033799234
114    66.11324853971072
116    65.93846496940589
118    65.7563947364879
120    65.56892224698956
122    65.37951481452019
124    65.19355363923725
126    65.01925148359989
128    64.8668778171691
130    64.74681718432964
132    64.66904399272259
134    64.64267132625658
136    64.67389724080255
138    64.76401634201719
140    64.90793117543751
142    65.09400248510826
144    65.30582918725591
146    65.52556104990637
148    65.73664771887638
150    65.9258906830004
152    66.08465974625653
154    66.20902566218541
156    66.29861234511546
158    66.35510972568656
160    66.38130980664191
162    66.38080839235187
164    66.35785882703738
166    66.31677461194371
168    66.2615206736381
170    66.19546827416812
173    66.08199543090905
176    65.95798381982272
179    65.82973987661742
182    65.7022956589193
185    65.57866077807977
188    65.45935748231838
191    65.34330236440599
194    65.2295032644743
197    65.11798067366202
200    65.0093623816195
203    64.9041504272657
206    64.80229295049209
209    64.70332104614056
212    64.60662225237365
215    64.5112740257537
218    64.41600578237015
221    64.3198958370716
224    64.22294658619947
227    64.12558206221502
230    64.0281930671405
233    63.93114679276857
236    63.834531915915285
239    63.73814627474649
243    63.609554844131
247    63.480776816927204
251    63.35185891605016
255    63.22284098043151
259    63.094036328829205
263    62.96632174728991
267    62.84078402124413
271    62.71836675010579
275    62.60028089761687
279    62.488293872888036
283    62.38423187634807
287    62.28919814721957
291    62.20319588355608
295    62.1254106986148
299    62.05456660841709
303    61.98865717603324
307    61.925122690263464
312    61.84508017777628
317    61.76069131222978
322    61.66969168407853
327    61.57131856172951
332    61.46595505870589
337    61.35473965883372
342    61.239415558937026
347    61.12220669338956
352    61.00527195443181
357    60.89043471328802
362    60.779674988538304
367    60.67522860081646
372    60.57937279140387
377    60.49493690188429
383    60.413636056972024
389    60.35924185148495
395    60.334316979817025
401    60.339310536076965
407    60.37280928102575
413    60.431778089990715
419    60.510455192635874
425    60.60008241514879
431    60.69038457311248
437    60.7728500611846
443    60.843150460654954
449    60.90051574318873
456    60.95150757271942
463    60.98508532232893
470    61.001464123856636
477    61.00258804762727
484    60.990830320942116
491    60.96860218332745
498    60.93877055460479
505    60.90481635225953
512    60.87051630574893
519    60.83929727217881
527    60.810477523201484
535    60.79049751350338
543    60.77956642930583
551    60.77719717406866
559    60.78239082337306
567    60.793709731728356
575    60.80959132347708
583    60.828765502555626
592    60.85312080186428
601    60.87933508240374
610    60.906025850795494
619    60.931363263405885
628    60.95403643598303
637    60.97330808067686
646    60.98877674616644
655    61.000416201688594
665    61.009425797262985
675    61.01552763211558
685    61.02035036455644
695    61.02573484718059
705    61.03371785967083
715    61.046047564141965
725    61.06363241482442
736    61.08938465978858
747    61.12194875377679
758    61.1613331742539
769    61.20683894104836
780    61.25694034114716
791    61.310196366865284
803    61.371069251430384
815    61.43468525650613
827    61.501124598941644
839    61.57022946777406
851    61.641910988823454
863    61.716179921952744
876    61.79940354432952
889    61.885552160977085
902    61.974593013817945
915    62.06636280503348
928    62.1607447802086
942    62.26507128792692
956    62.371683183782466
970    62.47980579781354
984    62.58855153913335
998    62.69712118452118
1010    62.789491348899
1020    62.865650848201135
1030    62.940867800965336
1050    63.08817310320286
1070    63.2312931821793
1090    63.370287615174746
1110    63.505380777948304
1130    63.63727903956713
1150    63.76660410476056
1170    63.89367181451207
1190    64.01897817496521
1210    64.14310158294603
1230    64.26650198267146
1250    64.38966269349844
1270    64.51311026901993
1290    64.63721454033706
1310    64.76209625243922
1330    64.88763114660517
1350    65.01348664856917
1370    65.13925255380747
1390    65.26454321487563
1410    65.38900071150711
1430    65.51225625990531
1450    65.63391716724513
1470    65.75378519291479
1490    65.8719626371057
1510    65.98857665324043
1530    66.10379980789284
1550    66.21803365533944
1570    66.33185065744857
1590    66.44557308916615
1610    66.55929269490161
1630    66.67305035810665
1650    66.78698458262659
1670    66.90129454855153
1690    67.01600067007573
1710    67.13108667341706
1730    67.24657646095253
1760    67.42062241274581
1790    67.59559237962188
1820    67.77121906090188
1850    67.94710887235402
1880    68.12325321074682
1910    68.29966888331333
1940    68.47653596132966
1970    68.65418600721314
2000    68.83294570205031
2030    69.01323185029575
2060    69.19544714615719
2090    69.37975576299382
2120    69.56623817055461
2150    69.75467917059501
2180    69.94461428876778
2210    70.13559823303045
2240    70.32708210706781
2270    70.51831819880405
2300    70.70853631545893
2330    70.89715643827677
2360    71.08361787109936
2390    71.26734569694909
2420    71.44809908972081
2460    71.68430589049342
2500    71.91493949235993
2540    72.13986755375917
2580    72.35912252930486
2620    72.57294885796534
2660    72.78144455575375
2700    72.98465880725479
2740    73.18241410753443
2780    73.37469419497965
2820    73.56142095335505
2860    73.7429401607564
2900    73.91960686857877
2940    74.09168219696745
2980    74.25992120627889
3020    74.42492701545925
3060    74.58669297109968
3100    74.74489561490506
3150    74.93730366482126
3200    75.122919846109
3250    75.30043615556387
3300    75.47070185134413
3350    75.63586936415652
3400    75.79245758080603
3450    75.9384632268868
3500    76.0722668648996
3550    76.18964021052845
3600    76.28395386870096
3650    76.34870163962816
3700    76.3868100856747
3750    76.41833688984639
3800    76.47169204828486
3860    76.57413594199855
3920    76.68495146489522
3980    76.74888042471201
4040    76.72648299967955
4100    76.61634072960791
4160    76.42958396651645
4220    76.17743888216886
4280    75.8703287840433
4340    75.51418834418942
4400    75.11708942976222
4460    74.6893185507972
4520    74.238686357835
4590    73.69362235469778
4660    73.14020035068324
4730    72.59098772430522
4800    72.05751443881907
4870    71.55141924623388
4940    71.08343963912252
5010    70.65668201376863
5080    70.27134047148573
5150    69.9289282547254
5220    69.62362568693288
5300    69.3116830986134
5380    69.03340262419309
5460    68.78587647540519
5540    68.56747735206017
5620    68.3767390952591
5700    68.21387201152174
5780    68.08278423231499
5860    67.9810277236052
5950    67.90024760042942
6040    67.85579735938975
6130    67.85031317664092
6220    67.88635982340833
6310    67.96475971891802
6400    68.08160793712138
6490    68.23848827759498
6580    68.43414185741341
6680    68.69494131934084
6780    69.00202899300722
6880    69.35647722565213
6980    69.75635984334033
7080    70.19516204060422
7180    70.65762394022889
7280    71.11370430671411
7390    71.5569508035147
7500    71.8738331622695
7610    72.01259183404137
7720    71.99437967240472
7830    71.89358242336843
7940    71.76037984313726
8060    71.58910964004741
8180    71.37779875260912
8300    71.1307200957909
8420    70.8741101704966
8540    70.64358692817837
8660    70.47003922637691
8790    70.37327188808749
8920    70.40077363064293
9050    70.55378282951244
9180    70.86742214997972
9310    71.35678287330964
9450    72.09986876809288
9590    73.08943329992664
9730    74.30255799771354
9870    75.55985204962332
10010    76.41830518874886
10160    76.31967465263833
10310    75.00508045800493
10460    73.01049596795137
10610    71.00652355792084
10760    69.29051950412101
10920    67.70246890149075
11080    66.31670752837888
11240    65.15754648581952
11400    64.18904118743177
11570    63.37790831219294
11740    62.72795562983076
11910    62.27625237917819
12080    61.93122230965731
12260    61.75846499914465
12440    61.723129602858265
12620    61.842429038191504
12800    62.10678735893785
12990    62.56089648256301
13180    63.0594444832246
13370    63.67743901107717
13560    64.35824502201368
13760    65.0789351353169
13960    65.74551498028961
14160    66.32686524989778
14370    66.90085628457734
14580    67.4722166341667
14790    68.07496921900436
15010    68.6590771683899
15230    68.72596017506282
15450    67.7130923704647
15670    65.72888014206222
15900    63.12394177022861
16130    60.46710187703199
16360    58.25050347227866
16600    56.523199050815975
16840    55.04118906329728
17080    53.69087555803807
17330    52.58560991187443
17580    51.76352599281364
17840    51.15330504632438
18100    50.74127169626559
18360    50.49096691690663
18630    50.36111944876322
18900    50.316943257355355
19170    50.31658322632765
19450    50.10761507105566
19730    49.32130203241397
20000    49.22208807493247
