
Frequency	dB	Unweighted
20	60.45
20.3	60.45
20.6	60.45
20.9	60.5
21.2	60.55
21.5	60.55
21.8	60.55
22.1	60.55
22.4	60.55
22.7	60.55
23	60.55
23.3	60.6
23.6	60.6
23.9	60.6
24.2	60.650000000000006
24.6	60.650000000000006
25	60.650000000000006
25.4	60.650000000000006
25.8	60.650000000000006
26.2	60.650000000000006
26.6	60.650000000000006
27	60.650000000000006
27.4	60.650000000000006
27.8	60.650000000000006
28.6	60.75
29	60.75
29.4	60.75
29.8	60.75
30.2	60.75
30.6	60.75
31	60.75
31.5	60.75
32	60.75
32.5	60.75
33	60.75
33.5	60.75
34	60.75
34.5	60.75
35.5	60.75
36	60.75
36.5	60.75
37	60.75
37.5	60.75
38	60.75
38.6	60.75
39.2	60.75
39.8	60.75
40.4	60.75
41	60.75
41.6	60.75
42.2	60.75
42.8	60.75
43.4	60.75
44	60.75
44.6	60.75
45.2	60.75
45.9	60.7
46.6	60.7
47.3	60.7
48	60.7
48.7	60.7
49.4	60.650000000000006
50.1	60.650000000000006
50.8	60.6
51.5	60.6
52.2	60.6
53	60.6
53.8	60.6
54.6	60.6
55.4	60.6
56.2	60.55
57	60.55
57.8	60.5
58.6	60.5
59.5	60.5
60.4	60.5
61.3	60.4
62.2	60.4
63.1	60.4
64	60.349999999999994
64.9	60.349999999999994
65.8	60.3
66.8	60.3
67.8	60.25
68.8	60.25
69.8	60.2
70.8	60.2
71.8	60.150000000000006
72.8	60.150000000000006
73.9	60.150000000000006
75	60.150000000000006
76.1	60.150000000000006
77.2	60.1
78.3	60.1
79.4	60.150000000000006
80.6	60.150000000000006
81.8	60.2
83	60.25
84.2	60.25
85.4	60.3
86.6	60.3
87.9	60.25
89.2	60.3
90.5	60.2
91.8	60.2
93.1	60.2
94.5	60.15
95.9	60.099999999999994
97.3	60.05
98.7	60.0
100	60.0
102	59.900000000000006
104	59.85
106	59.85
108	59.8
110	59.7
112	59.65
114	59.65
116	59.6
118	59.5
120	59.5
122	59.4
124	59.4
126	59.349999999999994
128	59.25
130	59.25
132	59.150000000000006
134	59.1
136	59.05
138	59.0
140	58.95
142	58.9
144	58.849999999999994
148	58.75
150	58.7
152	58.650000000000006
154	58.6
156	58.55
158	58.55
160	58.55
162	58.55
164	58.55
166	58.55
168	58.65
170	58.650000000000006
173	58.7
176	58.8
179	58.85
182	58.95
185	59.05
188	59.150000000000006
191	59.2
194	59.3
197	59.400000000000006
200	59.45
203	59.5
206	59.55
209	59.599999999999994
212	59.65
215	59.65
218	59.650000000000006
224	59.650000000000006
230	59.6
236	59.55
247	59.4
251	59.349999999999994
255	59.3
259	59.25
263	59.25
267	59.150000000000006
271	59.150000000000006
275	59.150000000000006
279	59.1
283	59.1
287	59.1
291	59.0
295	59.0
299	59.0
303	58.95
307	58.9
312	58.849999999999994
317	58.849999999999994
322	58.75
332	58.650000000000006
337	58.650000000000006
342	58.55
347	58.55
357	58.4
362	58.349999999999994
367	58.3
372	58.25
377	58.2
383	58.150000000000006
389	58.1
401	58.05
407	58.05
413	58.05
419	58.05
425	58.150000000000006
431	58.2
437	58.349999999999994
443	58.45
449	58.55
456	58.75
463	58.9
470	59.1
477	59.25
484	59.4
491	59.5
498	59.650000000000006
505	59.7
512	59.75
519	59.849999999999994
527	59.9
535	59.9
543	60.0
551	60.0
559	60.05
567	60.150000000000006
575	60.150000000000006
583	60.25
592	60.3
601	60.3
610	60.4
619	60.4
628	60.5
637	60.5
646	60.5
655	60.6
665	60.6
675	60.6
685	60.650000000000006
695	60.650000000000006
715	60.75
725	60.8
736	60.8
747	60.849999999999994
758	60.9
769	60.95
780	60.95
803	61.05
815	61.1
827	61.150000000000006
839	61.150000000000006
851	61.25
863	61.25
876	61.349999999999994
915	61.5
928	61.6
942	61.7
956	61.75
970	61.849999999999994
984	61.95
998	62.05
1010	62.05
1020	62.150000000000006
1030	62.2
1050	62.349999999999994
1070	62.5
1090	62.6
1110	62.7
1130	62.8
1150	62.95
1170	63.05
1190	63.2
1210	63.3
1230	63.4
1250	63.5
1270	63.6
1290	63.7
1310	63.8
1330	63.9
1350	64.0
1370	64.1
1390	64.19999999999999
1410	64.30000000000001
1430	64.30000000000001
1450	64.4
1470	64.5
1490	64.6
1510	64.69999999999999
1530	64.69999999999999
1570	64.9
1590	65.0
1610	65.05000000000001
1630	65.15
1650	65.25
1670	65.30000000000001
1690	65.4
1710	65.44999999999999
1730	65.55000000000001
1760	65.65
1790	65.85
1820	65.94999999999999
1850	66.05000000000001
1880	66.2
1910	66.35
1940	66.44999999999999
1970	66.6
2000	66.75
2030	66.85
2060	66.94999999999999
2090	67.1
2120	67.25
2150	67.35
2180	67.44999999999999
2210	67.55000000000001
2240	67.6
2270	67.69999999999999
2300	67.80000000000001
2330	67.9
2360	67.9
2390	67.95
2420	68.0
2460	68.05
2500	68.05
2540	68.1
2620	68.1
2660	68.1
2700	68.0
2740	68.0
2780	68.0
2820	67.9
2860	67.9
2900	67.8
2980	67.7
3020	67.6
3060	67.6
3100	67.5
3150	67.4
3200	67.25
3250	67.15
3300	67.05
3400	66.80000000000001
3450	66.69999999999999
3500	66.6
3550	66.5
3600	66.4
3650	66.35
3700	66.30000000000001
3750	66.19999999999999
3800	66.19999999999999
3860	66.19999999999999
3980	66.25
4040	66.25
4160	66.5
4280	66.69999999999999
4340	66.80000000000001
4460	66.9
4520	66.85
4590	66.75
4660	66.6
4730	66.3
4800	66.05
4870	65.75
4940	65.5
5010	65.25
5220	64.85
5300	64.9
5380	65.0
5460	65.2
5620	65.9
5700	66.35
5780	66.9
5860	67.5
5950	68.2
6040	68.85
6220	69.95
6310	70.3
6490	70.75
6580	70.85
6680	70.9
6980	70.85
7080	70.8
7180	70.75
7280	70.7
7500	70.35
7610	70.1
7720	69.8
7830	69.4
7940	69.0
8060	68.6
8300	67.6
8420	67.05
8540	66.55
8660	66.1
8920	64.94999999999999
9180	64.05
9310	63.65
9590	62.95
10010	62.3
10160	62.25
10310	62.2
10460	62.25
10610	62.349999999999994
10760	62.45
11240	62.8
11400	62.8
11570	62.75
11740	62.65
11910	62.7
12080	62.9
12260	63.400000000000006
12440	64.1
12620	64.85
12800	65.44999999999999
12990	65.65
13180	65.15
13370	64.15
13560	62.75
13760	61.3
13960	59.849999999999994
14160	58.65
14370	57.650000000000006
14580	57.0
14790	56.599999999999994
15010	56.5
15230	56.75
15450	57.05
15670	57.349999999999994
15900	57.25
16130	56.5
16360	55.25
16600	53.900000000000006
16840	52.55
17080	51.2
17330	50.0
17580	49.05
17840	48.2
18100	47.6
18360	47.5
18630	48.150000000000006
18900	49.4
19170	50.85
19450	52.35
19730	53.400000000000006
20000	53.85
11080	62.75
6130	69.45
