20    66.28422554651087
20.3    66.30086869921024
20.6    66.3173171845451
20.9    66.33357884484565
21.2    66.34958085314014
21.5    66.36518688670041
21.8    66.38024965085911
22.1    66.3946696259093
22.4    66.40842807285534
22.7    66.42157683165107
23    66.43419820721992
23.3    66.44635680199887
23.6    66.45807761580285
23.9    66.46935676441105
24.2    66.48019434604737
24.6    66.49404411227322
25    66.50746619137186
25.4    66.52085589569488
25.8    66.53459349502003
26.2    66.54889329335163
26.6    66.56371901833754
27    66.57880891312442
27.4    66.59376709093289
27.8    66.6081765215385
28.2    66.62170186225738
28.6    66.63416284006297
29    66.64556926417421
29.4    66.65609699679672
29.8    66.66601161547264
30.2    66.67557685598467
30.6    66.68498489683185
31    66.69432908946823
31.5    66.70592969356052
32    66.71736969485656
32.5    66.72853760927264
33    66.73929869790581
33.5    66.7495124148735
34    66.75908162577164
34.5    66.76800131120146
35    66.77635888522181
35.5    66.78428664804017
36    66.79190075112501
36.5    66.79926699162802
37    66.80639921922838
37.5    66.81327249754969
38    66.81984377945108
38.6    66.82727168943259
39.2    66.83414642081665
39.8    66.84042619362154
40.4    66.84610049315746
41    66.85122031047906
41.6    66.85588179137153
42.2    66.86017139379206
42.8    66.86412300263495
43.4    66.8677220996765
44    66.87093465695202
44.6    66.87373597461323
45.2    66.87613366731208
45.9    66.87846597082263
46.6    66.88031887722812
47.3    66.88162832855724
48    66.88229969690175
48.7    66.8822879376869
49.4    66.88159550733408
50.1    66.8802559572008
50.8    66.87833969465589
51.5    66.8759395342241
52.2    66.87315059266156
53    66.86962980592907
53.8    66.86593136466408
54.6    66.86217519193579
55.4    66.85839532594838
56.2    66.85466137726903
57    66.85111154205828
57.8    66.84776959695577
58.6    66.84438852120536
59.5    66.84000132857457
60.4    66.83445539187993
61.3    66.82742832941761
62.2    66.81883382627751
63.1    66.80873359712183
64    66.79727759429792
64.9    66.78468526785664
65.8    66.77121670724351
66.8    66.7555191819898
67.8    66.73928669971605
68.8    66.72266595502401
69.8    66.70571186041742
70.8    66.6884024789311
71.8    66.67067987140456
72.8    66.65249402696647
73.9    66.63191618196129
75    66.61068177210225
76.1    66.58870562688911
77.2    66.5658986432629
78.3    66.54215656168616
79.4    66.51735769252117
80.6    66.48901104131781
81.8    66.45935307766585
83    66.42855188880398
84.2    66.39681531338087
85.4    66.36428898340594
86.6    66.33106442590244
87.9    66.29439642488921
89.2    66.25717839248074
90.5    66.2195657735095
91.8    66.1816955264826
93.1    66.14366538785013
94.5    66.10265143474336
95.9    66.06168310495099
97.3    66.02074648434083
98.7    65.97980107127955
100    65.94179176827336
102    65.88340586177702
104    65.82507180062794
106    65.7663665574421
108    65.70638700921302
110    65.64392852042113
112    65.5781185242033
114    65.50858286169742
116    65.4356634806565
118    65.36007352660243
120    65.28258092595411
122    65.2039200273735
124    65.1241511999279
126    65.04284393118816
128    64.95954033644688
130    64.87402954047062
132    64.78671366975288
134    64.69869293715303
136    64.61167021753744
138    64.52792749218197
140    64.45038299764288
142    64.38263600316213
144    64.32862772356796
146    64.29201772146612
148    64.27543200594825
150    64.27993182556895
152    64.30447038821765
154    64.34597127846729
156    64.40002371847149
158    64.46151255440684
160    64.52475965398119
162    64.58339816809061
164    64.63131822623164
166    64.66417938366149
168    64.68005030676942
170    64.67909171984823
173    64.64964777185712
176    64.59339127057982
179    64.51832409906238
182    64.43113677263315
185    64.33613571367093
188    64.23539160969426
191    64.12969326840219
194    64.01937191378065
197    63.90493571016174
200    63.787335240671524
203    63.66781391842064
206    63.54764148826055
209    63.427944470708894
212    63.309700038451325
215    63.193718538028236
218    63.08054877376641
221    62.970425636285114
224    62.863269528854325
227    62.75872867154486
230    62.65627262080231
233    62.55544713747142
236    62.45607067665037
239    62.35787586874738
243    62.228090449382606
247    62.09850930963093
251    61.967936814177534
255    61.835521171306574
259    61.7008965186772
263    61.56406724847856
267    61.425299896777204
271    61.28507405856404
275    61.14398172940335
279    61.00258047022186
283    60.861315613333105
287    60.7205044559976
291    60.58038206170433
295    60.44113016568012
299    60.30288778154526
303    60.165801965947175
307    60.030053585428035
312    59.86256928037298
317    59.697786722346194
322    59.535667925630264
327    59.37606377492806
332    59.21908465502238
337    59.065504840579486
342    58.91668279291817
347    58.77400691641871
352    58.638926802412826
357    58.513169826471525
362    58.398512926573275
367    58.29655630364284
372    58.208837166218274
377    58.13680870773799
383    58.07268225321806
389    58.0340047383649
395    58.020545937651704
401    58.02976273064563
407    58.0569285481602
413    58.09481931302116
419    58.13431208461202
425    58.16670241666647
431    58.1853437100569
437    58.18637421734786
443    58.168892329948406
449    58.134071502022024
456    58.07487281138197
463    58.000923405733765
470    57.91832124657004
477    57.833030367973564
484    57.75093749406022
491    57.67805065002734
498    57.620606793528964
505    57.58426213359486
512    57.57219431603383
519    57.5842510524823
527    57.623548786805074
535    57.683127428646046
543    57.75534556883104
551    57.83319742383076
559    57.91122261991211
567    57.985985692914696
575    58.05546051525134
583    58.117902580316944
592    58.177143563531224
601    58.221722459579496
610    58.24954561118492
619    58.26077394665897
628    58.25801475567427
637    58.245376158465476
646    58.227371178245704
655    58.20815789623724
665    58.18932969406809
675    58.176014747668134
685    58.16976592778579
695    58.17089170451612
705    58.17900819863697
715    58.19365816914488
725    58.21482624677284
736    58.246402230369945
747    58.28805896622049
758    58.34093514695256
769    58.40518875392361
780    58.48025670376235
791    58.565080070503285
803    58.666911808425574
815    58.776327392253734
827    58.891683944464724
839    59.01207632585039
851    59.13725468170366
863    59.26729952941035
876    59.41389602813801
889    59.56691110191781
902    59.72716271157611
915    59.89557671731161
928    60.07274397365265
942    60.27353025641567
956    60.484545690921564
970    60.70550252016306
984    60.935942678926295
998    61.17519040989089
1010    61.38663098649935
1020    61.56688560042549
1030    61.750495443122446
1050    62.12667004102319
1070    62.513123868229
1090    62.90832999032897
1110    63.310712474704495
1130    63.71839022993896
1150    64.129557240783
1170    64.54199247562676
1190    64.95288521675909
1210    65.35976408448033
1230    65.76140848781066
1250    66.1574871950934
1270    66.54732282047675
1290    66.92944544233563
1310    67.30177754861433
1330    67.66217727150813
1350    68.00883639352901
1370    68.33979823538827
1390    68.65253136373377
1410    68.94512587599456
1430    69.21740519239893
1450    69.47038353921342
1470    69.70523731971295
1490    69.92335151800799
1510    70.12672501236727
1530    70.3178417271662
1550    70.49928650505163
1570    70.67360275677191
1590    70.84330188355071
1610    71.0105155591979
1630    71.17618254016747
1650    71.33958695945532
1670    71.49878971560544
1690    71.65160177434272
1710    71.79625683626332
1730    71.93154968718716
1760    72.11582912813425
1790    72.27875183541514
1820    72.42391600866603
1850    72.55453567310076
1880    72.67172493556592
1910    72.77511431749409
1940    72.86457757864537
1970    72.94037994851612
2000    73.0027876211104
2030    73.05199989518528
2060    73.08863653509222
2090    73.11268670282523
2120    73.12226111423018
2150    73.11256149380691
2180    73.07603923257032
2210    73.0049984074306
2240    72.893173351706
2270    72.73707989580961
2300    72.5383619665393
2330    72.30550316708681
2360    72.05353827331882
2390    71.80200444208577
2420    71.571958810859
2460    71.3294384490305
2500    71.18100294635424
2540    71.12708580292099
2580    71.15145141045856
2620    71.23052080575258
2660    71.34068407583052
2700    71.46285199783736
2740    71.58264460185568
2780    71.68876455763916
2820    71.77148643138472
2860    71.82263631982349
2900    71.83786301062071
2940    71.81814318293686
2980    71.76823029572039
3020    71.69409221800629
3060    71.60156241847095
3100    71.49616936173854
3150    71.3533139409549
3200    71.20371626076306
3250    71.05207024240462
3300    70.90226851181868
3350    70.75745170189035
3400    70.61962073527464
3450    70.49000014483295
3500    70.36919272766511
3550    70.257049865975
3600    70.15221471475448
3650    70.05045280786197
3700    69.9387368464553
3750    69.78737224567445
3800    69.5509106640844
3860    69.09445347548456
3920    68.42486317475003
3980    67.58256326766704
4040    66.67045654085054
4100    65.82975571224775
4160    65.19878185499624
4220    64.86866263163118
4280    64.85837623976579
4340    65.12338640255678
4400    65.58804958281695
4460    66.17859218936677
4520    66.84029076259867
4590    67.66040315922038
4660    68.51452406035088
4730    69.40244244635662
4800    70.32787115951929
4870    71.28413736048948
4940    72.24395277138174
5010    73.15549208612725
5080    73.94461864219397
5150    74.52387541427734
5220    74.8201343994163
5300    74.78851852569332
5380    74.4275617165242
5460    73.8452702863483
5540    73.14909501567291
5620    72.43613239659629
5700    71.77973557355793
5780    71.2129125520844
5860    70.74018365939284
5950    70.32208828962258
6040    70.03010634542221
6130    69.87018232603154
6220    69.80046123771903
6310    69.67859756452768
6400    69.33618179354607
6490    68.67686044202907
6580    67.68534010894919
6680    66.25944687794778
6780    64.63735915475816
6880    62.998314327389295
6980    61.52136733125931
7080    60.369440615780015
7180    59.64807582883583
7280    59.34318183582766
7390    59.34761160470147
7500    59.566179837486665
7610    59.921727119326434
7720    60.307688188239744
7830    60.59703641016451
7940    60.701722293093376
8060    60.56982161190777
8180    60.20988844362241
8300    59.69004071751494
8420    59.0635018620013
8540    58.34979811330398
8660    57.608062559277606
8790    56.95480892768208
8920    56.63362902059516
9050    56.50316702420289
9180    56.26304989770159
9310    55.84776629488301
9450    55.30259261080534
9590    54.76876433443322
9730    54.314081411254435
9870    53.93732772948026
10010    53.61804780547702
10160    53.34260858999117
10310    53.170221018131116
10460    53.144148023909935
10610    53.29370120604041
10760    53.62162117864803
10920    54.14189532078974
11080    54.77367029262993
11240    55.40776577508055
11400    55.91786951208502
11570    56.236027766744996
11740    56.35197821964881
11910    56.36854334517676
12080    56.39300010368954
12260    56.54357944303078
12440    56.925293427949576
12620    57.61753001603539
12800    58.6524331756613
12990    60.018741576362295
13180    61.30639540049755
13370    61.989084011450046
13560    61.8019689189395
13760    60.889952894184546
13960    59.63767922796063
14160    58.1253150160914
14370    56.075764273975295
14580    53.567657426882
14790    50.92855807532848
15010    48.18868035389056
15230    45.20865115206116
15450    43.29753999783033
15670    44.192860876026
15900    46.28185659680194
16130    47.51765872457965
16360    48.39528034953444
16600    48.955194033191184
16840    48.86293319440582
17080    48.28116106054482
17330    47.717440795773385
17580    47.53141593064564
17840    47.407034016568474
18100    47.01665804781929
18360    47.46248525084161
18630    50.02988089653897
18900    53.06688466534442
19170    54.5865774997684
19450    54.56685411144372
19730    53.649057308639286
20000    52.92152506246808
