20    69.42789327703386
20.3    69.44546890848927
20.6    69.46274518888168
20.9    69.4796320085384
21.2    69.49600014058254
21.5    69.51174621437212
21.8    69.52686511656145
22.1    69.54146762841944
22.4    69.55572487000961
22.7    69.56976158125661
23    69.58355957786733
23.3    69.59693265389487
23.6    69.60959570647016
23.9    69.62129432971281
24.2    69.63193559324903
24.6    69.6447511535859
25    69.65673936901948
25.4    69.66872696801083
25.8    69.68114460433975
26.2    69.69387648520109
26.6    69.70647559134531
27    69.71854704305507
27.4    69.73000066668264
27.8    69.74101757365645
28.2    69.75182735283482
28.6    69.7625143041985
29    69.7729869890612
29.4    69.78308630011423
29.8    69.79270055989522
30.2    69.80180493878098
30.6    69.81042445594295
31    69.8185839301656
31.5    69.82815905726378
32    69.83709748940785
32.5    69.8455338475097
33    69.8536438670771
33.5    69.86155962678367
34    69.86931858479781
34.5    69.87688272207298
35    69.88419756812377
35.5    69.89121401016564
36    69.89786647341708
36.5    69.90405325816423
37    69.90966570827834
37.5    69.91465356255233
38    69.91906049642509
38.6    69.92372690365869
39.2    69.92785095003633
39.8    69.93146181129467
40.4    69.93451008159583
41    69.93694672919358
41.6    69.938758072844
42.2    69.93996609531989
42.8    69.94062830046826
43.4    69.94083395499919
44    69.9406906896814
44.6    69.94031012237471
45.2    69.93980090857704
45.9    69.93915706200681
46.6    69.93849541518638
47.3    69.93768525381091
48    69.93638242942355
48.7    69.9340486178181
49.4    69.93004053341144
50.1    69.92384240121551
50.8    69.91532859775312
51.5    69.90480818221852
52.2    69.89286845838296
53    69.87838882736403
53.8    69.86401297902026
54.6    69.85067161734926
55.4    69.83922569678397
56.2    69.83015345771884
57    69.82301351930755
57.8    69.81664715173686
58.6    69.80992540090094
59.5    69.80099326656892
60.4    69.78996870354831
61.3    69.7765496541106
62.2    69.76076413062728
63.1    69.74289681712635
64    69.72340280714882
64.9    69.70278375981046
65.8    69.68152344125816
66.8    69.65763335865466
67.8    69.63379622905168
68.8    69.6101879870404
69.8    69.5868501543696
70.8    69.56369267841754
71.8    69.54034723048548
72.8    69.5162781531068
73.9    69.48877467819457
75    69.4605573030077
76.1    69.43215149512795
77.2    69.40423931369028
78.3    69.37770936383555
79.4    69.35347086808343
80.6    69.33032013942378
81.8    69.3106850409815
83    69.294049026069
84.2    69.27938351690614
85.4    69.26532108906156
86.6    69.25045820877243
87.9    69.23205178849928
89.2    69.21013618956465
90.5    69.18408159717919
91.8    69.15374591700558
93.1    69.11934685043201
94.5    69.07829152534306
95.9    69.03380901538318
97.3    68.98664913752535
98.7    68.93743960543435
100    68.89033339466522
102    68.81582495713673
104    68.73921141183015
106    68.66057860500837
108    68.58005488086457
110    68.4978462767744
112    68.4142800412754
114    68.32982689055395
116    68.24488955064881
118    68.15970214900639
120    68.07437074197406
122    67.98887990638114
124    67.90312082434701
126    67.81701416154634
128    67.73065099092686
130    67.64440121804081
132    67.55882781885055
134    67.47445100424213
136    67.39168850937071
138    67.31089619322506
140    67.23236118877449
142    67.15613847372103
144    67.08184784738614
146    67.00893500154983
148    66.93710961172013
150    66.86673785524525
152    66.79918052842581
154    66.73707942643429
156    66.68460734497367
158    66.64748020844218
160    66.6323583594873
162    66.64548553497957
164    66.69106356666504
166    66.77057943576995
168    66.8825697567326
170    67.02254642422639
173    67.26813200499916
176    67.52721221766683
179    67.76606170432086
182    67.95649651730062
185    68.08149390916824
188    68.13616958270843
191    68.12600269065489
194    68.0626823722439
197    67.96004489135163
200    67.83141270685405
203    67.68800710590116
206    67.5381685447993
209    67.38744515778015
212    67.23914754018622
215    67.09505153051683
218    66.95595542586253
221    66.82199668894341
224    66.69294162884572
227    66.56838114972115
230    66.4478400557044
233    66.33088580155874
236    66.21720206576903
239    66.1065800840459
243    65.9636256333881
247    65.82567104077599
251    65.69237170972778
255    65.56336593289421
259    65.43853507508584
263    65.31795990783914
267    65.20188847548225
271    65.0905879833737
275    64.98419167866396
279    64.88263633711574
283    64.78559390921515
287    64.69238617134015
291    64.60193312135658
295    64.51286462317908
299    64.42377085561093
303    64.33345801934342
307    64.24114854754781
312    64.12257080807791
317    64.00075287999212
322    63.87643947411846
327    63.75048640656263
332    63.62358145369759
337    63.49599339244297
342    63.36752488612627
347    63.23775941437047
352    63.106565350628266
357    62.974369611278114
362    62.842188195676584
367    62.71155897395367
372    62.58476706854361
377    62.4650295094028
383    62.33630176140406
389    62.23084479620087
395    62.15492819077996
401    62.11263546030359
407    62.1053775425138
413    62.13154333776413
419    62.187107807517535
425    62.26708878147987
431    62.36639858731768
437    62.47995254913977
443    62.60251875787761
449    62.72870479235614
456    62.87308315913796
463    63.006148011827136
470    63.12054648411902
477    63.211355673224624
484    63.27643710204326
491    63.316263148194594
498    63.33333296539443
505    63.33128669334096
512    63.31413793228431
519    63.28583730440298
527    63.24462196509444
535    63.199005017784856
543    63.15380394086714
551    63.11282827266702
559    63.078510670684466
567    63.05191484814797
575    63.03296717820044
583    63.02070604208353
592    63.01280342949978
601    63.00807165569118
610    63.00312676957178
619    62.99508751641964
628    62.982048725947564
637    62.963257968010794
646    62.93905622807418
655    62.9105332915345
665    62.875540090736585
675    62.83903203944858
685    62.80280407173163
695    62.768358566688846
705    62.736809055330845
715    62.708933081190466
725    62.68536478964762
736    62.664777759179216
747    62.6497238008037
758    62.64015170143923
769    62.63608483064727
780    62.63701815861725
791    62.64176225115637
803    62.64981399259613
815    62.65976876113679
827    62.67112544301856
839    62.68386530358687
851    62.698237891119916
863    62.71467714605037
876    62.73529265136213
889    62.75919729898753
902    62.78674365118522
915    62.817880944147234
928    62.85210420633456
942    62.8919276404055
956    62.934602635625225
970    62.98020583908148
984    63.02852355766612
998    63.07904479426368
1010    63.123754684451356
1020    63.161840218343855
1030    63.20056091826474
1050    63.2793661428823
1070    63.358923272629205
1090    63.43794014623923
1110    63.515408456278045
1130    63.5912953830837
1150    63.66623874609648
1170    63.7405107692436
1190    63.81447103201448
1210    63.88885917614529
1230    63.964354054020966
1250    64.04131757645078
1270    64.12001940334898
1290    64.20084407393563
1310    64.28392294031644
1330    64.36870665859558
1350    64.4545883724771
1370    64.54107393316869
1390    64.62778270032507
1410    64.71465084316696
1430    64.80190546440974
1450    64.88986189566538
1470    64.97869372164462
1490    65.06848299843338
1510    65.15950603639794
1530    65.25217060131658
1550    65.34683250524188
1570    65.44381588229098
1590    65.5433659799283
1610    65.64554736321439
1630    65.75031394370149
1650    65.85767538790711
1670    65.96785216371983
1690    66.08146883374636
1710    66.1991753265919
1730    66.32101624143945
1760    66.51072688639982
1790    66.7084132095697
1820    66.9144558600733
1850    67.12948639198915
1880    67.35401439561747
1910    67.58841710107012
1940    67.83316291120197
1970    68.08846438286679
2000    68.35443595007689
2030    68.63108073588191
2060    68.9180563097824
2090    69.21506717152045
2120    69.52218000259369
2150    69.83980152488859
2180    70.16802146534103
2210    70.50687139139981
2240    70.8564208315452
2270    71.21678048908245
2300    71.58791225691823
2330    71.96970170083375
2360    72.36208729367304
2390    72.7651980981883
2420    73.17909084793357
2460    73.74685038064379
2500    74.33061886337559
2540    74.92579997844318
2580    75.52580400872256
2620    76.12187191339936
2660    76.70242618471457
2700    77.25405282601017
2740    77.76272482478177
2780    78.21417680536341
2820    78.59352899281367
2860    78.88844428625993
2900    79.09185821980387
2940    79.20260326590306
2980    79.22614884338432
3020    79.17599811762115
3060    79.06941041174127
3100    78.91947695295573
3150    78.6861733181712
3200    78.42520393981619
3250    78.1574298044707
3300    77.89447848420096
3350    77.6406395982736
3400    77.3934249529671
3450    77.14234109933304
3500    76.87114324797821
3550    76.56219472989258
3600    76.2029837704844
3650    75.79712133041917
3700    75.37430488203407
3750    74.98336852818773
3800    74.66569415961229
3860    74.38171979291884
3920    74.12454713791556
3980    73.77827694684817
4040    73.26155584007712
4100    72.56130533290323
4160    71.72728157050591
4220    70.84828663878491
4280    70.02786804909698
4340    69.3649936933053
4400    68.93794331378679
4460    68.79375024271894
4520    68.94532991917012
4590    69.46575014800075
4660    70.27437659212134
4730    71.25960343166433
4800    72.2952325019814
4870    73.25628476518551
4940    74.04086314880448
5010    74.59145371438059
5080    74.89528816894139
5150    74.96078913455665
5220    74.80028377886927
5300    74.37154547040343
5380    73.75608740136697
5460    73.05630112570893
5540    72.364177172854
5620    71.73876886782008
5700    71.20717316924546
5780    70.77657559150893
5860    70.44524844530808
5950    70.18463892402568
6040    70.03146667867284
6130    69.97467556009506
6220    70.00403451136638
6310    70.10615783400937
6400    70.26299580644798
6490    70.45424361823078
6580    70.65856673278519
6680    70.87284120704612
6780    71.05692453825472
6880    71.23581043210832
6980    71.41982644262364
7080    71.56764698366935
7180    71.65219994449618
7280    71.67218192840505
7390    71.63220390026163
7500    71.5490844096947
7610    71.45734242137434
7720    71.40770473125625
7830    71.43468040968428
7940    71.5195162090067
8060    71.60726979571757
8180    71.59720654158843
8300    71.41918002242406
8420    71.07429952690435
8540    70.64033500346147
8660    70.22777139847204
8790    69.89919481038697
8920    69.68545821317869
9050    69.46269171602074
9180    69.11397520186486
9310    68.64335944992033
9450    68.10804862497616
9590    67.62019897927088
9730    67.13320728930516
9870    66.6198310911181
10010    66.17610599242532
10160    65.87805321919794
10310    65.74818598625693
10460    65.67400675095917
10610    65.5053916606495
10760    65.1207339331174
10920    64.42919419561316
11080    63.55628253399053
11240    62.69625463634448
11400    61.94684927174953
11570    61.29591053742637
11740    60.84494060755905
11910    60.57356610286142
12080    60.43152494309045
12260    60.490489427155445
12440    60.7461166336436
12620    60.99254945687305
12800    61.15674961243616
12990    61.26163416696243
13180    61.26368282387103
13370    61.163189378854995
13560    61.01243161229131
13760    60.848000767397984
13960    60.61326766916682
14160    60.09078009016791
14370    59.07399700352971
14580    57.857886935349285
14790    56.677618245538525
15010    55.16945707271411
15230    53.144308663762374
15450    50.8436888147625
15670    48.52621640052193
15900    46.07264308995883
16130    44.06794263135602
16360    42.986040072880165
16600    42.24303779886493
16840    41.70055998179586
17080    41.39293898537639
17330    40.93051935330611
17580    40.711049419294206
17840    41.17941037627847
18100    42.25190037670916
18360    43.09550455127048
18630    43.25745477981387
18900    42.83390040383072
19170    41.91159580859522
19450    40.39608773236772
19730    38.407875587828954
20000    37.024411074600415
