20    68.23884402238875
20.3    68.25148708054863
20.6    68.26386896613356
20.9    68.27593009825196
21.2    68.28764769816392
21.5    68.299041030479
21.8    68.31014691059201
22.1    68.32099094091424
22.4    68.33157262362121
22.7    68.34186126108783
23    68.35181025519226
23.3    68.36138177634507
23.6    68.37056762120417
23.9    68.37939873189768
24.2    68.38794187116568
24.6    68.39902864932097
25    68.40991268100183
25.4    68.42065034506027
25.8    68.43119733958979
26.2    68.44146676327097
26.6    68.4513921924495
27    68.46094400149836
27.4    68.470095423346
27.8    68.47877551991935
28.2    68.48685241663463
28.6    68.49418306013959
29    68.5006861307827
29.4    68.50639163460096
29.8    68.51144426213527
30.2    68.51605214739793
30.6    68.52041643842709
31    68.5246774294614
31.5    68.52994150260224
32    68.53511022275389
32.5    68.54008740405666
33    68.54476947395807
33.5    68.54908582786251
34    68.55300161317129
34.5    68.55650095254316
35    68.55957124224642
35.5    68.56218729267036
36    68.56431669215735
36.5    68.56594144505688
37    68.56707650876095
37.5    68.56776402825662
38    68.56804757908513
38.6    68.56789201195872
39.2    68.56722409521583
39.8    68.5660725223503
40.4    68.56442848892138
41    68.56223419056279
41.6    68.5594669066102
42.2    68.55620901755987
42.8    68.55256209253062
43.4    68.54850921286197
44    68.54394581782648
44.6    68.5388456005875
45.2    68.5333485252321
45.9    68.52672244955676
46.6    68.5200774657435
47.3    68.51341096512343
48    68.50656045415809
48.7    68.49929041308783
49.4    68.49134771916923
50.1    68.48252879059976
50.8    68.47271829894497
51.5    68.46183770055573
52.2    68.44978524951654
53    68.43449866290288
53.8    68.41777317730998
54.6    68.4001180121258
55.4    68.3821099271864
56.2    68.36405280073025
57    68.34595098474901
57.8    68.3277208339342
58.6    68.30932011190069
59.5    68.28840794874984
60.4    68.26728411433291
61.3    68.24598670194317
62.2    68.22459302247397
63.1    68.20324334478484
64    68.18216161192336
64.9    68.16164560473868
65.8    68.14202153942696
66.8    68.12163629431757
67.8    68.10304454462016
68.8    68.0863140466153
69.8    68.07120533675695
70.8    68.05723676099466
71.8    68.04378671108478
72.8    68.0301714978257
73.9    68.01417660774104
75    67.99627471437807
76.1    67.97570946866702
77.2    67.95186970086056
78.3    67.9243829282642
79.4    67.89320342573117
80.6    67.85526180600402
81.8    67.81371163012018
83    67.76910453354742
84.2    67.72205397386821
85.4    67.67332627461245
86.6    67.62370034911706
87.9    67.56951362720139
89.2    67.51511095945602
90.5    67.4604954752202
91.8    67.40566329611431
93.1    67.3506853549961
94.5    67.29142093335984
95.9    67.23214679392659
97.3    67.17275959197173
98.7    67.11299729788375
100    67.05689843523933
102    66.96892794918007
104    66.878398239947
106    66.78539805837117
108    66.69088978469429
110    66.59654303678664
112    66.50407362484194
114    66.41412872968144
116    66.32698356760139
118    66.24310209463509
120    66.16299681599763
122    66.0872723945529
124    66.01718959840628
126    65.9539764089939
128    65.89823400382988
130    65.84998365724574
132    65.80886646126065
134    65.7743124045102
136    65.7454023011301
138    65.72060300748896
140    65.69772802528934
142    65.67405945177393
144    65.64692676385812
146    65.6144526395214
148    65.57570648493291
150    65.53060167841853
152    65.4799971167933
154    65.4256138571088
156    65.36982118244819
158    65.31523713405659
160    65.26418694842728
162    65.21866766067102
164    65.18021986909775
166    65.14953160215562
168    65.12622067258027
170    65.10884234724588
173    65.08860600687734
176    65.06670864484414
179    65.03409546790641
182    64.984441216361
185    64.9149848295206
188    64.8262342599038
191    64.72121440765375
194    64.6042036733112
197    64.47946325423536
200    64.3504803583694
203    64.21994995454241
206    64.08981555571206
209    63.961277840865144
212    63.834883189935894
215    63.71063137094713
218    63.58812536874514
221    63.46683851312623
224    63.346502964696256
227    63.22720946461131
230    63.10907274767791
233    62.992033537212436
236    62.87597187115912
239    62.7607925963495
243    62.60842349391993
247    62.45726140160895
251    62.30718122774327
255    62.15811812104338
259    62.010019443419
263    61.86280615662541
267    61.71644242506552
271    61.57093256339539
275    61.426229270486566
279    61.28221014118733
283    61.13871695232218
287    60.995609134556304
291    60.852803665455255
295    60.710269213800984
299    60.56803277587296
303    60.42616486229532
307    60.28472290027429
312    60.108577629857876
317    59.933226341605746
322    59.758814833895315
327    59.58556401808093
332    59.41360493924629
337    59.242894400346835
342    59.073410616177405
347    58.90557280993824
352    58.74050602716518
357    58.58012001450989
362    58.427181246888026
367    58.28545245305476
372    58.15978788473049
377    58.05587931765293
383    57.967806091001485
389    57.92619842476766
395    57.93232993381551
401    57.980292426618746
407    58.05782403622413
413    58.14886353897464
419    58.236777070527864
425    58.3074005903584
431    58.35118930818349
437    58.363953561275025
443    58.346410637160865
449    58.30304933662309
456    58.22902837174945
463    58.14143604692791
470    58.05159639589124
477    57.96847721589404
484    57.89811722548748
491    57.84383763029149
498    57.8068523003635
505    57.786566890664616
512    57.781142792860564
519    57.78842649505267
527    57.81000074441836
535    57.843964153699226
543    57.88930969676797
551    57.94515853214529
559    58.00998242870743
567    58.0810083722471
575    58.15380174142446
583    58.22267827787712
592    58.288530883823334
601    58.336539364820325
610    58.36464877966515
619    58.37473511798217
628    58.371218595161864
637    58.35926804025709
646    58.34343366318896
655    58.32699799453259
665    58.31029901784113
675    58.29652111630426
685    58.286693691804345
695    58.28174738122598
705    58.282395690331086
715    58.289424782569554
725    58.30394100614886
736    58.33010481551159
747    58.36839756098692
758    58.419773912183935
769    58.48464531490423
780    58.56316760080426
791    58.65541888671248
803    58.771155337103494
815    58.900863886159016
827    59.0419028289881
839    59.19164574146693
851    59.34792670441038
863    59.509217526442384
876    59.68885293355617
889    59.873793413860014
902    60.06485718483021
915    60.263022029806336
928    60.46892165670469
942    60.69949938804319
956    60.9390512087814
970    61.18680618929909
984    61.44158248312344
998    61.702559797293226
1010    61.930858179746174
1020    62.12413840680336
1030    62.32001112319773
1050    62.71926046838762
1070    63.128372420622014
1090    63.54676348013479
1110    63.97286945391605
1130    64.40469381090979
1150    64.84040629284436
1170    65.27816235174437
1190    65.7155769469048
1210    66.14952959957395
1230    66.57654045813527
1250    66.99357791398873
1270    67.39788868665707
1290    67.78670098832836
1310    68.1575037855979
1330    68.50838080146585
1350    68.83811134865542
1370    69.14613792465408
1390    69.43272780345828
1410    69.69894989750169
1430    69.94605961061609
1450    70.17520813763811
1470    70.38746298356241
1490    70.58383536199707
1510    70.76530662118265
1530    70.93290568282796
1550    71.08779988889759
1570    71.23113598341065
1590    71.36366977058249
1610    71.48574261530045
1630    71.59754964738089
1650    71.6991884172958
1670    71.7906472399046
1690    71.87156744014872
1710    71.94148081675297
1730    72.00054585611254
1760    72.07128996500705
1790    72.12501976098937
1820    72.16698762220787
1850    72.20148415346105
1880    72.23180584309335
1910    72.26075013919174
1940    72.29098048243034
1970    72.32519895920757
2000    72.3662256158158
2030    72.41720744006886
2060    72.48126716236146
2090    72.56167007576502
2120    72.66051745195784
2150    72.77619667400813
2180    72.90324345257929
2210    73.03414569132806
2240    73.1613878301415
2270    73.27942460263735
2300    73.38530964531984
2330    73.47797301770255
2360    73.55712834882007
2390    73.62266319066548
2420    73.6746387949014
2460    73.72386515288119
2500    73.75294318802082
2540    73.76590928688333
2580    73.76739049934123
2620    73.7612048125387
2660    73.74823468632033
2700    73.72480707633304
2740    73.68378216703812
2780    73.61883264422005
2820    73.5271240881141
2860    73.409837917325
2900    73.27086558013951
2940    73.1147032916831
2980    72.94547616664362
3020    72.76664996710885
3060    72.58114787031947
3100    72.39168335871004
3150    72.15337987920526
3200    71.91840338123428
3250    71.69190698854275
3300    71.47842951073298
3350    71.28206556370836
3400    71.10629070210268
3450    70.9549137897898
3500    70.83568189321612
3550    70.76500245600292
3600    70.76897842698716
3650    70.87222954998131
3700    71.07427499744817
3750    71.33235534970733
3800    71.56993209221118
3860    71.7178073905761
3920    71.63806484821171
3980    71.3181113724706
4040    70.80321040116598
4100    70.17817600457562
4160    69.55309224288376
4220    69.03987721818358
4280    68.72199283898473
4340    68.63484017968517
4400    68.76440321681508
4460    69.06144877693956
4520    69.4647836245631
4590    70.00315327340553
4660    70.57176151071175
4730    71.15310350633604
4800    71.74857491847828
4870    72.36808153273012
4940    72.98982814065302
5010    73.54208290755005
5080    73.93752720428635
5150    74.11022038509606
5220    74.03802419057659
5300    73.70202275001319
5380    73.21070529493866
5460    72.68400185238212
5540    72.18281140111856
5620    71.69570676749629
5700    71.20485484448284
5780    70.72647109373408
5860    70.28121650324617
5950    69.81345268976456
6040    69.34134917673825
6130    68.81919898914677
6220    68.20089824078325
6310    67.44112137268047
6400    66.53427151314482
6490    65.53045305353604
6580    64.48835860649217
6680    63.33133621789875
6780    62.21852795523793
6880    61.212642992574786
6980    60.40737220101024
7080    59.84732914996361
7180    59.521201886206335
7280    59.435364663259634
7390    59.59004068963442
7500    59.88445312566189
7610    60.186009346167246
7720    60.40747456073916
7830    60.47421386211225
7940    60.317181255945755
8060    59.872476586564574
8180    59.227409539229555
8300    58.51383508458974
8420    57.82506863009031
8540    57.22966292725317
8660    56.832276142024895
8790    56.73700303993016
8920    56.93961227863289
9050    57.16935746120993
9180    57.147951876387836
9310    56.832446213717404
9450    56.36532565261331
9590    55.999340622239075
9730    55.8103591706656
9870    55.772843024126246
10010    55.87629238423292
10160    56.14242948644933
10310    56.54315907791737
10460    57.04931344856732
10610    57.628127277691604
10760    58.18184289044474
10920    58.58610498980753
11080    58.71282434947611
11240    58.571878588870504
11400    58.23410312988699
11570    57.792780485074374
11740    57.416361283321805
11910    57.23294828275368
12080    57.33024243761639
12260    57.79553122864907
12440    58.630064114570075
12620    59.68878461141325
12800    60.64009785169236
12990    61.101556787845624
13180    60.855571586324125
13370    60.230662364295824
13560    59.71464885447671
13760    59.53406739159891
13960    59.57173151160791
14160    59.4541522882158
14370    58.83029443054204
14580    57.62200476147473
14790    55.93048882616253
15010    53.75406569314849
15230    51.25832070761882
15450    48.37386742493891
15670    44.34155176899566
15900    38.56335051579775
16130    35.263710537937484
16360    36.74609255940665
16600    39.772474334759536
16840    42.481297401829245
17080    44.86775151225861
17330    47.000264300025236
17580    48.32441811940534
17840    48.45439770810809
18100    47.57841630067951
18360    46.25355629646123
18630    44.530720120739325
18900    43.83522750192638
19170    45.26096263721112
19450    46.47054437474135
19730    45.76175729486603
20000    44.72530356963277
