20    69.73028397368074
20.3    69.75453082695677
20.6    69.77825635620124
20.9    69.8012688864373
21.2    69.82337182231491
21.5    69.84439955762853
21.8    69.8642456248759
22.1    69.8828600924237
22.4    69.9002389336142
22.7    69.91641422921201
23    69.93143953259366
23.3    69.94537158301094
23.6    69.95825590282075
23.9    69.97012106112786
24.2    69.98097883619778
24.6    69.993884249063
25    70.00497680191214
25.4    70.01426009226647
25.8    70.02177947581319
26.2    70.02762103617069
26.6    70.03190229053192
27    70.0347648635312
27.4    70.03637756375954
27.8    70.03694316390613
28.2    70.03669108977766
28.6    70.0358591795693
29    70.03465839276242
29.4    70.03323697048717
29.8    70.0316572809681
30.2    70.02989153017029
30.6    70.02783900204305
31    70.02535885128788
31.5    70.02144213055792
32    70.01641749464886
32.5    70.01015801201478
33    70.00261492694113
33.5    69.99378823918697
34    69.98372794509447
34.5    69.97256831112969
35    69.96054141394532
35.5    69.9479369504383
36    69.93503869704989
36.5    69.92207198768179
37    69.90918155948974
37.5    69.89642771733926
38    69.88378788820484
38.6    69.86862578967342
39.2    69.85321631209878
39.8    69.83727789998409
40.4    69.82057251046966
41    69.8029235827682
41.6    69.78422591898861
42.2    69.76447047006715
42.8    69.74373613699308
43.4    69.72211476926022
44    69.6996478066153
44.6    69.67635360085943
45.2    69.65229635614583
45.9    69.62342981236645
46.6    69.59388652789517
47.3    69.56377748132253
48    69.53315790209712
48.7    69.50207210773209
49.4    69.47054842218367
50.1    69.43858684352507
50.8    69.40618540577108
51.5    69.37335709438935
52.2    69.34011680049568
53    69.30162334628562
53.8    69.26255530623533
54.6    69.22281867010943
55.4    69.18224999162524
56.2    69.14062830073613
57    69.09771808366067
57.8    69.05337112225487
58.6    69.00764336844382
59.5    68.95485613717402
60.4    68.90100948401026
61.3    68.84631390252227
62.2    68.79084226470431
63.1    68.73463538774972
64    68.67776393590071
64.9    68.62033310047975
65.8    68.56244019456963
66.8    68.49763588622932
67.8    68.43234485156763
68.8    68.36658521423874
69.8    68.30036363934923
70.8    68.2335425572276
71.8    68.1657659168877
72.8    68.09653806728974
73.9    68.01813390463221
75    67.93691044509501
76.1    67.8525839737465
77.2    67.76496855122792
78.3    67.67385284268656
79.4    67.57897992899872
80.6    67.47088228766648
81.8    67.35773257182353
83    67.23956058692053
84.2    67.11691731411781
85.4    66.99106847266765
86.6    66.86377439963412
87.9    66.72698033128981
89.2    66.59526396418488
90.5    66.47287635339771
91.8    66.36337448061273
93.1    66.26908675050498
94.5    66.18552647579747
95.9    66.12014591375934
97.3    66.07204888389936
98.7    66.04125328353456
100    66.02933247767376
102    66.04649682501963
104    66.11154169959556
106    66.22509132202697
108    66.38019189241389
110    66.56215283858313
112    66.75077674215225
114    66.92364406934243
116    67.0612740038907
118    67.15162833486482
120    67.19178982801768
122    67.18695056333087
124    67.14750846236927
126    67.08532118114843
128    67.01126481451699
130    66.93400103109636
132    66.85945951259417
134    66.7907808760369
136    66.72859378830816
138    66.67162441689263
140    66.61751781169899
142    66.5636548908011
144    66.50776074317633
146    66.44819105415917
148    66.3839913003224
150    66.31481780285654
152    66.2408070196459
154    66.16242400751335
156    66.08032383585005
158    65.99526945682204
160    65.90808916627708
162    65.81961940832372
164    65.73063987541052
166    65.64183627401576
168    65.55377633395767
170    65.46688395654697
173    65.33924400960291
176    65.21501171013496
179    65.09391019840211
182    64.97535400183752
185    64.8588139210024
188    64.74414837629726
191    64.6317780581688
194    64.52268556441294
197    64.41820311536243
200    64.31980478954151
203    64.22884562239466
206    64.14617220884122
209    64.07168741228944
212    64.00412481869462
215    63.94121557762143
218    63.8801520723369
221    63.81817449295684
224    63.75317996337006
227    63.68415632027771
230    63.61120576827168
233    63.535078520024676
236    63.456574976154826
239    63.37664066339465
243    63.26999137693659
247    63.16569217975638
251    63.06521506154533
255    62.96883804059497
259    62.87593682674242
263    62.78535974652547
267    62.695717335932514
271    62.60552078167041
275    62.513448625306964
279    62.41864166980333
283    62.32070498469503
287    62.21962181254528
291    62.115806708409465
295    62.010064569370925
299    61.90332286251747
303    61.796390515567026
307    61.68990688558913
312    61.55812524094726
317    61.42836954011217
322    61.30079061359217
327    61.174930297692114
332    61.05010169517114
337    60.925809698127566
342    60.801831366254575
347    60.678283989715766
352    60.55612242308705
357    60.437800857036706
362    60.327396378168146
367    60.230000524529935
372    60.150883912667055
377    60.09488845369494
383    60.06370014595247
389    60.075754090985924
395    60.1313729525183
401    60.22539917935029
407    60.34759943838231
413    60.48524778896645
419    60.62591563145666
425    60.75904494799495
431    60.876865303216924
437    60.97492434145859
443    61.05218798962822
449    61.11097564284346
456    61.16246879561275
463    61.20321873200417
470    61.23903702090543
477    61.27247846673075
484    61.303844122979925
491    61.33269961822387
498    61.35886513687832
505    61.38264091894207
512    61.40475376734216
519    61.4261322457939
527    61.45049249047182
535    61.474813571213886
543    61.49845640253891
551    61.5205451713981
559    61.54010186057624
567    61.55618026324952
575    61.56813080957751
583    61.57589376011208
592    61.58048448511691
601    61.58251346405376
610    61.58430253904324
619    61.58806041465946
628    61.59529995021231
637    61.6066796559454
646    61.62216324469247
655    61.64121506632087
665    61.665520039031286
675    61.691795907621724
685    61.718745461850006
695    61.74546381795356
705    61.77161284577985
715    61.79742722628217
725    61.82348532206611
736    61.853259182190826
747    61.885028213391436
758    61.91930622227147
769    61.956066840379584
780    61.99488572580857
791    62.03532889217624
803    62.08123155664883
815    62.12931923201289
827    62.1801829243841
839    62.23456971949415
851    62.29309803277635
863    62.35605219700386
876    62.4293179316216
889    62.50791561642791
902    62.5918151127549
915    62.68079784963041
928    62.77453665287901
942    62.88032603923533
956    62.990605889685526
970    63.104778773826
984    63.221912030960894
998    63.340835788861455
1010    63.44347648248409
1020    63.529290242960286
1030    63.61532051438304
1050    63.788203445820855
1070    63.96271375071239
1090    64.1389839384737
1110    64.3163225250953
1130    64.49451819589692
1150    64.67435434360277
1170    64.85711098549545
1190    65.04337166940982
1210    65.2329844273186
1230    65.42549533214324
1250    65.62018770797697
1270    65.8160652323852
1290    66.01206423989834
1310    66.20729577664221
1330    66.40128473467281
1350    66.59404746959653
1370    66.78600377346741
1390    66.97755071840189
1410    67.1688097990131
1430    67.35978346881734
1450    67.55064549310035
1470    67.74194441235767
1490    67.93446203470492
1510    68.12880881712772
1530    68.32531477555584
1550    68.52411839182304
1570    68.72525986735087
1590    68.92873368727501
1610    69.13426650630264
1630    69.34143008761416
1650    69.54997399834878
1670    69.75982784048568
1690    69.97096952192211
1710    70.18328160545853
1730    70.39639104616583
1760    70.7159798469014
1790    71.03315552638162
1820    71.34580323353597
1850    71.65235627417651
1880    71.95136197742383
1910    72.24042250594462
1940    72.51663911603009
1970    72.77729948790085
2000    73.01966262197718
2030    73.24075878613384
2060    73.43768151488126
2090    73.60793877484781
2120    73.74980033011188
2150    73.8620921400354
2180    73.94446538878174
2210    73.99731969703092
2240    74.02161437992748
2270    74.01873545954324
2300    73.99054456396671
2330    73.9393836564631
2360    73.86776716051182
2390    73.77815535774138
2420    73.6728542418683
2460    73.51225997227442
2500    73.33526739899682
2540    73.1483199390028
2580    72.95568888038437
2620    72.76103108500828
2660    72.56828492029594
2700    72.38110126404
2740    72.20177555529096
2780    72.03173411973832
2820    71.87245107704862
2860    71.72512972870555
2900    71.59065924305605
2940    71.46948535358254
2980    71.36125636935802
3020    71.26488172346002
3060    71.17876345480076
3100    71.10108141242009
3150    71.01324500646965
3200    70.93343078352467
3250    70.861089457449
3300    70.79706375367374
3350    70.74369887804671
3400    70.70595611575048
3450    70.69132054320897
3500    70.70641578568237
3550    70.75414421711689
3600    70.83491471147605
3650    70.94908991306733
3700    71.09719717519354
3750    71.27823242846786
3800    71.48864033757371
3860    71.77256876962986
3920    72.08093327475453
3980    72.40138750124271
4040    72.72063016247264
4100    73.02610128499776
4160    73.306352201881
4220    73.55018606264908
4280    73.74509688569435
4340    73.87727449436463
4400    73.93143386693906
4460    73.89305633214244
4520    73.75517780201619
4590    73.4767406283845
4660    73.09840345981596
4730    72.65248695354663
4800    72.16292570477196
4870    71.64632673174002
4940    71.12132463762728
5010    70.60675261209231
5080    70.1138503838608
5150    69.64998870724664
5220    69.23341132566138
5300    68.82372708180391
5380    68.39911258748245
5460    67.97697023918701
5540    68.14653811646285
5620    69.34417182090777
5700    70.75642911036562
5780    71.41726571845865
5860    71.3927661133354
5950    71.1122155689508
6040    70.86883494810216
6130    70.72458927241522
6220    70.67833898921312
6310    70.72406038125621
6400    70.85691816371522
6490    71.07306289676319
6580    71.36623493266019
6680    71.76677854898803
6780    72.22012721827943
6880    72.68954493851028
6980    73.12273339887214
7080    73.45444624735433
7180    73.61937358878609
7280    73.57164765168591
7390    73.26470756090673
7500    72.73907111342672
7610    72.07629910569328
7720    71.36307341755845
7830    70.67084934495529
7940    70.04533262177915
8060    69.46083297416706
8180    68.98523713170069
8300    68.62748206634215
8420    68.39539152524355
8540    68.29086713158377
8660    68.30236771268562
8790    68.4170102039105
8920    68.59692242725028
9050    68.79917701308801
9180    68.99154279726662
9310    69.16233179312083
9450    69.32466674464607
9590    69.46478930387832
9730    69.56145679145477
9870    69.56832458183092
10010    69.42188616609454
10160    69.02598699280519
10310    68.36377959888677
10460    67.50797148301558
10610    66.59914155497819
10760    65.75794343008022
10920    64.98724111934132
11080    64.35053521741725
11240    63.83513190296357
11400    63.42533078504215
11570    63.10459773737327
11740    62.92381195385572
11910    62.912990264770755
12080    63.08871434287699
12260    63.48851161870653
12440    64.10963753229521
12620    64.91898575343329
12800    65.841972602879
12990    66.80839578244525
13180    67.58039918252652
13370    67.9769645888509
13560    67.93068129494429
13760    67.51519353602478
13960    66.95795557532396
14160    66.44859102793907
14370    65.95451488044043
14580    65.15933656950358
14790    63.60667183064285
15010    61.221334300547554
15230    58.50663961912249
15450    55.640380423180375
15670    52.761439776879065
15900    49.929485882218714
16130    47.33400777856169
16360    44.91037529370776
16600    42.6820429468312
16840    41.23554366999543
17080    40.59170413217539
17330    40.513558960365614
17580    41.33340724234746
17840    43.159925524356694
18100    45.08710632633814
18360    45.68948357914937
18630    44.11694079695272
18900    40.61690538295211
19170    37.20290406724678
19450    35.80318501470252
19730    35.362097826480905
20000    34.93216249636183
