20    70.90740197232
20.3    70.91957258069556
20.6    70.93167518460652
20.9    70.94383732873658
21.2    70.9560472060438
21.5    70.96801669876777
21.8    70.9792145794002
22.1    70.98910808995642
22.4    70.9975132081677
22.7    71.00486571131054
23    71.01224608833527
23.3    71.02111457547814
23.6    71.03284284431894
23.9    71.048223121862
24.2    71.06715125758713
24.6    71.09604291599213
25    71.12555149823473
25.4    71.15195773622702
25.8    71.17284572190815
26.2    71.1874408989674
26.6    71.19612193386413
27    71.19965388676323
27.4    71.19869510733994
27.8    71.19377363995852
28.2    71.18550525437337
28.6    71.17472421228779
29    71.16240852562882
29.4    71.14950286463093
29.8    71.13679363009682
30.2    71.1248962950001
30.6    71.11429513721515
31    71.10533442682058
31.5    71.09659787649798
32    71.09022452915627
32.5    71.0852542175437
33    71.08043850090849
33.5    71.07464854319818
34    71.06714846673759
34.5    71.057652579843
35    71.04623013980365
35.5    71.03315351272302
36    71.01875022229234
36.5    71.00329974286629
37    70.98699060477215
37.5    70.96992953312999
38    70.9521822210715
38.6    70.93006245707588
39.2    70.90714115951168
39.8    70.88349138666999
40.4    70.85913143932723
41    70.83404211185314
41.6    70.80818461284835
42.2    70.78151471521196
42.8    70.75400536255682
43.4    70.72564743362761
44    70.69640671487696
44.6    70.66626579702765
45.2    70.6354287570282
45.9    70.59933118478111
46.6    70.56411110255144
47.3    70.53018988947409
48    70.49718834886032
48.7    70.46454734046793
49.4    70.43198802752207
50.1    70.39944217158393
50.8    70.36691303209105
51.5    70.33445255211433
52.2    70.30207483019562
53    70.26498469908401
53.8    70.22739074992695
54.6    70.18879453901496
55.4    70.14865281628062
56.2    70.10650447115736
57    70.06227328193532
57.8    70.01626144044104
58.6    69.96877045393293
59.5    69.91370485751071
60.4    69.85694151577019
61.3    69.79853911401548
62.2    69.73856346619166
63.1    69.67708516352036
64    69.61418020819806
64.9    69.54989944891682
65.8    69.4842385317834
66.8    69.40963882417188
67.8    69.33338121923731
68.8    69.2557310030777
69.8    69.17716258013942
70.8    69.09835969804456
71.8    69.02016379232612
72.8    68.94337297735979
73.9    68.86107495534361
75    68.78091810962484
76.1    68.70184666726664
77.2    68.62182100470395
78.3    68.5380001216688
79.4    68.44732314709218
80.6    68.33765111839318
81.8    68.21482990506388
83    68.07800848631345
84.2    67.92726687114697
85.4    67.7636369736993
86.6    67.58934770383478
87.9    67.39292060410935
89.2    67.19554972480763
90.5    67.00675003542796
91.8    66.8379634686647
93.1    66.70136933766254
94.5    66.60322427036016
95.9    66.56630899876929
97.3    66.5955923835811
98.7    66.68877313982861
100    66.82450736344501
102    67.0987903738773
104    67.4123920832483
106    67.72730048798137
108    68.01705647444214
110    68.2644905844341
112    68.45867891379767
114    68.59443362239921
116    68.67149659360342
118    68.69507486779852
120    68.67468644979272
122    68.62074228140855
124    68.54297547852742
126    68.44972029702399
128    68.34752719063127
130    68.24114734710865
132    68.13364309983334
134    68.02678756918485
136    67.92144670282238
138    67.81793376421507
140    67.71628949724624
142    67.61639061334296
144    67.51797734334815
146    67.42078046115189
148    67.32462410761423
150    67.2294360398209
152    67.13522856590887
154    67.04206003950554
156    66.94999144332189
158    66.85905764138622
160    66.76923845939208
162    66.68043759366185
164    66.59252133801944
166    66.50539353007554
168    66.41906657259885
170    66.33372993707329
173    66.20850948003802
176    66.08831468138175
179    65.97483128577619
182    65.86886694347615
185    65.76992958662952
188    65.67644807854496
191    65.58675446810969
194    65.49980709280017
197    65.41556021240834
200    65.33483744881866
203    65.2586872690677
206    65.1877655033022
209    65.12208827533304
212    65.06082514356571
215    65.00225669718021
218    64.94418923090169
221    64.88455005735685
224    64.82174086247238
227    64.75476478417136
230    64.68328669158255
233    64.60759958772111
236    64.5284584811447
239    64.4468526870771
243    64.33594552436413
247    64.22459291893978
251    64.11443194834112
255    64.00638092734296
259    63.90067300959558
263    63.79699377112314
267    63.6947326871758
271    63.593043129238055
275    63.49089495015376
279    63.387428713167935
283    63.28228789160775
287    63.17563398495449
291    63.067914981360985
295    62.95969296348414
299    62.85155139174421
303    62.743988226542314
307    62.63730729179149
312    62.505265660592165
317    62.37443484741591
322    62.24438818056004
327    62.11472244169802
332    61.98528746017371
337    61.85620066166459
342    61.727750917039224
347    61.600363054490856
352    61.47475546119662
357    61.352308642444896
362    61.23543884286508
367    61.12765931704173
372    61.03326844799801
377    60.95683877345426
383    60.894644973272676
389    60.86936858318582
395    60.88255643523001
401    60.931378585078775
407    61.008764879641454
413    61.10462465044435
419    61.2078615317822
425    61.30850848044438
431    61.3992867756803
437    61.476136807973894
443    61.53765799519506
449    61.584271195753615
456    61.622292970034124
463    61.646886777118
470    61.66237378305843
477    61.67212840972612
484    61.678786493341434
491    61.68456409556017
498    61.691445804151414
505    61.70128917158634
512    61.715801770631515
519    61.73627744186773
527    61.76734374867854
535    61.805121795996556
543    61.84681502118205
551    61.88980122127237
559    61.93277243107246
567    61.975918064604954
575    62.019427377876355
583    62.06151032962817
592    62.10328171333237
601    62.13622013656436
610    62.159968578116576
619    62.17635673804978
628    62.18837764192304
637    62.19916582558798
646    62.210873624157756
655    62.2237004031372
665    62.23765411686581
675    62.24955897122284
685    62.2586582504877
695    62.26504521103957
705    62.26918085467672
715    62.271642418186104
725    62.27300291548822
736    62.274832810622755
747    62.28069070758226
758    62.2951555375828
769    62.31956722510227
780    62.35041157555392
791    62.382667011552016
803    62.41606481724496
815    62.44784245755851
827    62.481758464275124
839    62.524811178742404
851    62.58618984241521
863    62.67344611498869
876    62.79744135470638
889    62.940626509478776
902    63.084913997082175
915    63.215854634832226
928    63.328276832543786
942    63.43207608679242
956    63.526043894278715
970    63.617822786065005
984    63.711712611791825
998    63.80867757594302
1010    63.8932405542197
1020    63.963600665454365
1030    64.03288634791122
1050    64.16578957537598
1070    64.29031733736554
1090    64.41089118068494
1110    64.53785284185939
1130    64.68146592135213
1150    64.84493159581419
1170    65.02423907372551
1190    65.2132299141797
1210    65.40719349785076
1230    65.60265702368002
1250    65.79679550438217
1270    65.98800832803364
1290    66.17585219385401
1310    66.3608058864325
1330    66.54371834269226
1350    66.7251978208702
1370    66.9053665393109
1390    67.08440059319771
1410    67.26318949480628
1430    67.44287524873613
1450    67.62385256013464
1470    67.80615826314343
1490    67.99000757215211
1510    68.1754570591223
1530    68.36229526810439
1550    68.55049754492673
1570    68.74044930886399
1590    68.93283083908094
1610    69.1284477034007
1630    69.32753007927614
1650    69.52979254949702
1670    69.73482583320973
1690    69.94237904057971
1710    70.15246557337397
1730    70.36529292214023
1760    70.69000479094566
1790    71.02087743678965
1820    71.3561657243149
1850    71.69458966621244
1880    72.03529983087208
1910    72.3766758742438
1940    72.7164329279737
1970    73.05204334842819
2000    73.3811922668424
2030    73.70123658720088
2060    74.00881767052948
2090    74.2999486196168
2120    74.57027546791633
2150    74.81509957451505
2180    75.02988205118615
2210    75.21094880213161
2240    75.35540387705069
2270    75.46101959859925
2300    75.52690784535093
2330    75.55401013784163
2360    75.5442510706642
2390    75.49999931858574
2420    75.42428290244627
2460    75.28142282190022
2500    75.10184962460559
2540    74.8970001857648
2580    74.67640824002754
2620    74.44772822450304
2660    74.21684618729554
2700    73.98834502499744
2740    73.76573075150344
2780    73.5515132736452
2820    73.34766916006956
2860    73.15517552478367
2900    72.97395554164899
2940    72.80369992819898
2980    72.6444667275733
3020    72.49618448982667
3060    72.35796045020506
3100    72.2288051892942
3150    72.08073303946176
3200    71.94846509574398
3250    71.82974248653046
3300    71.72432130551067
3350    71.63376971684875
3400    71.56016342402488
3450    71.50514695738997
3500    71.47085214226205
3550    71.46145824391988
3600    71.48339942166939
3650    71.5427819275702
3700    71.64269038510884
3750    71.78292904932007
3800    71.96200645634318
3860    72.22636717123575
3920    72.54244573216809
3980    72.90778944506455
4040    73.31955819135311
4100    73.77311539363947
4160    74.25947139921897
4220    74.76509412826454
4280    75.27087563598181
4340    75.75143387602097
4400    76.17917516577631
4460    76.52283988060196
4520    76.74346890488539
4590    76.79041492810416
4660    76.56873940163183
4730    76.07524013432254
4800    75.35167944331144
4870    74.47833519474702
4940    73.57854695130226
5010    72.82568079894091
5080    72.4005621256273
5150    72.36934042624532
5220    72.58729449323039
5300    72.80276831887164
5380    72.74365895030468
5460    72.42671973207844
5540    72.01331965370267
5620    71.60361617319963
5700    71.19993727677127
5780    70.82462610341584
5860    70.50608948253452
5950    70.2305579874814
6040    70.04085025343068
6130    69.93128617455059
6220    69.89879161341506
6310    69.94088055924522
6400    70.05330324957265
6490    70.23083339304888
6580    70.46687340956385
6680    70.78459704098445
6780    71.13854361702175
6880    71.50186901464652
6980    71.83472782727483
7080    72.08142785984187
7180    72.18933146773395
7280    72.12007364993698
7390    71.81809917350716
7500    71.29716215047998
7610    70.621534711239
7720    69.87329307722631
7830    69.11338506062827
7940    68.37152099492727
8060    67.60062964179309
8180    66.89012496463212
8300    66.25826811872946
8420    65.71697012579362
8540    65.27015080270448
8660    64.91560262522725
8790    64.63192471703587
8920    64.45125775795503
9050    64.37655041749667
9180    64.41254332040586
9310    64.56045316428101
9450    64.84166043356255
9590    65.24723386757645
9730    65.77591921642865
9870    66.42783510729866
10010    67.20010920780192
10160    68.13853738276268
10310    69.11622905598043
10460    69.9875338411793
10610    70.59431473531994
10760    70.87433866576166
10920    70.86357638286584
11080    70.61754291875982
11240    70.19294089167214
11400    69.63350526052605
11570    68.96768238787755
11740    68.32324612735123
11910    67.77638120605602
12080    67.38436726462433
12260    67.19471590969621
12440    67.27290133758693
12620    67.58542426783465
12800    67.99082506825374
12990    68.25818867869404
13180    68.09182899150107
13370    67.37899346897831
13560    66.2043886367114
13760    64.70879131929216
13960    63.23250810196434
14160    61.97732262694038
14370    61.000356747671844
14580    60.40847098437882
14790    60.19832021815973
15010    60.2783123718262
15230    60.31877811732536
15450    59.85245358737112
15670    58.685384946615784
15900    57.06304002099708
16130    55.9087895558161
16360    55.28240512946327
16600    54.000352155464604
16840    52.17589412837629
17080    50.669027630683246
17330    49.212238205761196
17580    47.97584046494408
17840    47.788059261856006
18100    48.81596302455755
18360    50.24812201465404
18630    51.700640086490175
18900    52.458049449652805
19170    51.65864266852516
19450    48.765379151672484
19730    44.57139340317911
20000    41.757325069515616
