20    70.33165497514105
20.3    70.31351866074206
20.6    70.295424235995
20.9    70.2771216063631
21.2    70.258402494329
21.5    70.2391492817401
21.8    70.21932974827862
22.1    70.19896871900264
22.4    70.17811140787623
22.7    70.15679117684803
23    70.13501813856942
23.3    70.11278872440212
23.6    70.09009493160396
23.9    70.06693315563456
24.2    70.04331265111831
24.6    70.01114657899262
25    69.97827476100824
25.4    69.94474970360557
25.8    69.9105984700258
26.2    69.87581986184128
26.6    69.84039496452675
27    69.80429948454253
27.4    69.76752530875595
27.8    69.73009517105407
28.2    69.69207664700482
28.6    69.65358102956756
29    69.61474058296297
29.4    69.57567770578943
29.8    69.53648281877071
30.2    69.4972092548452
30.6    69.45787864275997
31    69.41849421151801
31.5    69.36918554082094
32    69.31978842091742
32.5    69.27030438678892
33    69.22073984986292
33.5    69.17110911360291
34    69.12143994961399
34.5    69.07177077104004
35    69.02213610600279
35.5    68.97254236384603
36    68.92296274635856
36.5    68.8733530288155
37    68.8236736588019
37.5    68.77390813142269
38    68.72407772187296
38.6    68.664305840968
39.2    68.60478163347976
39.8    68.5458044379002
40.4    68.4876905309124
41    68.43070917201567
41.6    68.37503499209396
42.2    68.32073494107968
42.8    68.26778087171722
43.4    68.216070214736
44    68.16543104939441
44.6    68.11562051101068
45.2    68.06634346165163
45.9    68.00913509175231
46.6    67.9518683268461
47.3    67.89429040351408
48    67.8362728154961
48.7    67.77780018849079
49.4    67.7189732248521
50.1    67.65998784087392
50.8    67.60107148723881
51.5    67.54241365320979
52.2    67.48413845947672
53    67.41807888431823
53.8    67.35257011240881
54.6    67.28753394962358
55.4    67.22302897052197
56.2    67.15928097939013
57    67.0964400114515
57.8    67.03446292202125
58.6    66.97325541338246
59.5    66.9052721839613
60.4    66.83821746789802
61.3    66.77209326152865
62.2    66.70684664794993
63.1    66.64235036863286
64    66.57845842741355
64.9    66.51505377191282
65.8    66.45205622381391
66.8    66.38248139466931
67.8    66.31332378254314
68.8    66.24456920369022
69.8    66.17621301122949
70.8    66.10829405318552
71.8    66.04091619174255
72.8    65.97422080046817
73.9    65.90181837949154
75    65.83058527890209
76.1    65.7606256865896
77.2    65.69198258957594
78.3    65.62465283141793
79.4    65.55855986147324
80.6    65.4876783086989
81.8    65.41779766590119
83    65.34861017777757
84.2    65.27982636953776
85.4    65.21120960560802
86.6    65.14257478629874
87.9    65.068038032347
89.2    64.9931820654856
90.5    64.91792243043146
91.8    64.84226517657177
93.1    64.7663222263154
94.5    64.68443125019783
95.9    64.60270820671244
97.3    64.52150286492665
98.7    64.44127044047009
100    64.36814734038309
102    64.25957942420774
104    64.15769380158358
106    64.06423610344007
108    63.98000908904529
110    63.904717342336376
112    63.83714944400596
114    63.775275171140166
116    63.716327002798465
118    63.657055304096616
120    63.59432855003956
122    63.525989863585686
124    63.452257647422
126    63.374708919127734
128    63.29500218768473
130    63.21440263988029
132    63.13380816252322
134    63.053809505742365
136    62.97464500335857
138    62.89618018628542
140    62.817954823044744
142    62.739279844975314
144    62.65933461281582
146    62.57731835301611
148    62.49246307576477
150    62.404050481477064
152    62.31153682591692
154    62.21466971172468
156    62.11354830953912
158    62.00869900574268
160    61.90118886305109
162    61.79274810388155
164    61.685911799705096
166    61.583995472017605
168    61.49108642324663
170    61.41193874477259
173    61.33034497639858
176    61.308216831226574
179    61.358472059542216
182    61.48643752244755
185    61.68727188266253
188    61.94544808554916
191    62.237478836796754
194    62.53688860142081
197    62.81912220198103
200    63.064909163195026
203    63.26181095684852
206    63.404490344493375
209    63.49391279378876
212    63.535816760980644
215    63.5387460978969
218    63.51196173416129
221    63.46401842766694
224    63.402119420639224
227    63.33182983025396
230    63.257151462724465
233    63.18080759829482
236    63.10459718400392
239    63.029719954411924
243    62.933302511130094
247    62.842027468234164
251    62.757132462363415
255    62.679705725388
259    62.61046847205279
263    62.54958331008129
267    62.49661761670413
271    62.45062074906572
275    62.41018223291164
279    62.373499272894406
283    62.33859192743108
287    62.30359067660278
291    62.267017560985224
295    62.22791117988581
299    62.18578347920361
303    62.14058740092111
307    62.09264053196705
312    62.02959095719353
317    61.964050638914514
322    61.89701595235379
327    61.829235770594565
332    61.76107754971159
337    61.69250304287283
342    61.6231752247531
347    61.552772794338566
352    61.48117391898488
357    61.40839835264688
362    61.33458544209336
367    61.26014470040337
372    61.18588245308388
377    61.11300196497537
383    61.029663874916295
389    60.954182247961796
395    60.89073524658106
401    60.84382339960139
407    60.81776707970509
413    60.81581204118269
419    60.839203917957654
425    60.88697395620601
431    60.95624577815295
437    61.042781161272174
443    61.141685811301386
449    61.24807057305938
456    61.375743449962656
463    61.50159584933169
470    61.62085381956584
477    61.72988245924773
484    61.826162630156006
491    61.90831551851604
498    61.97617149089777
505    62.03106336942092
512    62.07572794613057
519    62.11376170803544
527    62.153922295275535
535    62.195136123169654
543    62.240562078131475
551    62.291372829245255
559    62.346934498020204
567    62.405454573816414
575    62.46491201721189
583    62.523812701405916
592    62.5885607098674
601    62.65163978543444
610    62.713277297815395
619    62.77341958965509
628    62.83152357206198
637    62.88674190643714
646    62.93835944701893
655    62.98617443033211
665    63.03532932508964
675    63.081363148995784
685    63.12556229552203
695    63.16907346939781
705    63.21271500739602
715    63.256841441342544
725    63.30136498335737
736    63.35048561118761
747    63.39959892855913
758    63.44891109007189
769    63.498985605657225
780    63.550595551140496
791    63.60451611340054
803    63.666654053652294
815    63.73265516506778
827    63.80268440446443
839    63.87667691541586
851    63.9544992602371
863    64.03595835318859
876    64.12787779511058
889    64.22283625290973
902    64.3198179453956
915    64.41786090651247
928    64.51622293907646
942    64.62193742408124
956    64.72705677154693
970    64.83133223900585
984    64.9345733001018
998    65.03657039987917
1010    65.12280102302323
1020    65.19366878529736
1030    65.26349770450852
1050    65.39960459266109
1070    65.53074363957396
1090    65.6573261501117
1110    65.78013999645478
1130    65.8999801382378
1150    66.01723308707571
1170    66.13190652539055
1190    66.24397092173578
1210    66.35376367855986
1230    66.4618553000438
1250    66.56866660554682
1270    66.67452238215479
1290    66.77953795823082
1310    66.88340596500059
1330    66.98561073901868
1350    67.08590567591679
1370    67.18424826886412
1390    67.28047771135704
1410    67.37430568407046
1430    67.46565112492296
1450    67.55478510577731
1470    67.64216218573787
1490    67.72808779245045
1510    67.81270118851991
1530    67.89616667337611
1550    67.9787517017954
1570    68.06078016156559
1590    68.14254916484904
1610    68.22430633869047
1630    68.30630957675521
1650    68.3886890636193
1670    68.4714664502558
1690    68.55458260014575
1710    68.63802111102495
1730    68.72190078620872
1760    68.84879862051167
1790    68.97736808498766
1820    69.10792948194481
1850    69.24066650903188
1880    69.37544455480517
1910    69.5118824558769
1940    69.64946831290935
1970    69.78798920932617
2000    69.92765432802392
2030    70.06898640671307
2060    70.21210738838244
2090    70.35673064558034
2120    70.5025575838969
2150    70.64918752718674
2180    70.79585334365386
2210    70.94194020841746
2240    71.0873682673742
2270    71.23221227211171
2300    71.37640820283195
2330    71.519629208705
2360    71.66142856704158
2390    71.8013985331651
2420    71.93915713901033
2460    72.11866193372761
2500    72.29240400307427
2540    72.4593554908133
2580    72.61906999411966
2620    72.77148837508756
2660    72.91622133101191
2700    73.0524390746734
2740    73.17927988200827
2780    73.29629569481969
2820    73.40329551043149
2860    73.50000286695311
2900    73.58626790664229
2940    73.66207196539636
2980    73.72760349548724
3020    73.78340257768306
3060    73.83013482362665
3100    73.86826633107836
3150    73.90441976743091
3200    73.92887054350726
3250    73.94268027955908
3300    73.94702859425277
3350    73.94390214354115
3400    73.93587581915476
3450    73.92498634635942
3500    73.9124352743188
3550    73.89902706177486
3600    73.8855450235182
3650    73.87277066824754
3700    73.86128586897249
3750    73.85136355705377
3800    73.8428952233169
3860    73.83342697329186
3920    73.82156008571853
3980    73.803037656668
4040    73.77574321406591
4100    73.74086473207053
4160    73.70074567291799
4220    73.65754378958269
4280    73.61332546233554
4340    73.56980027623578
4400    73.52799861658846
4460    73.48809690488079
4520    73.44970965729124
4590    73.40665156829992
4660    73.36542614197913
4730    73.32506727964173
4800    73.28391032819046
4870    73.24036945453099
4940    73.19355690012242
5010    73.1425367442297
5080    73.08630568639904
5150    73.0240537677144
5220    72.95504492475152
5300    72.86743982405622
5380    72.77080919129753
5460    72.66596968697496
5540    72.5538782904636
5620    72.43602497318219
5700    72.31399961613332
5780    72.18927830583607
5860    72.06308397661505
5950    71.91936762535326
6040    71.77366390150377
6130    71.62755578299382
6220    71.48182514589067
6310    71.33565371548241
6400    71.18830725233722
6490    71.03945975776574
6580    70.88826680013446
6680    70.7152571170079
6780    70.5349429322104
6880    70.3464966977424
6980    70.14925380045793
7080    69.94102016025765
7180    69.71777803643036
7280    69.47771587614557
7390    69.19595688398672
7500    68.89882127079605
7610    68.59069543146127
7720    68.27509773328595
7830    67.95657133136234
7940    67.63995941203129
8060    67.30252381276838
8180    66.98141710236595
8300    66.68687163299961
8420    66.4255980177378
8540    66.1992492320937
8660    66.0081750214607
8790    65.8423974447314
8920    65.72043876146208
9050    65.64157412295687
9180    65.59873006638355
9310    65.57563847965554
9450    65.54794155195887
9590    65.50764184269806
9730    65.48855788757601
9870    65.51223835583389
10010    65.5160488282745
10160    65.39285605874662
10310    65.08717084398131
10460    64.60991000168765
10610    64.01368143413538
10760    63.34809119900146
10920    62.59264826904745
11080    61.832292684358
11240    61.10665054618545
11400    60.43713277049034
11570    59.798455861203024
11740    59.23834124704669
11910    58.757489886559185
12080    58.35418061096496
12260    58.006366997015604
12440    57.73013552682397
12620    57.48761661879962
12800    57.17437892188478
12990    56.72646566632162
13180    56.40257361726192
13370    56.31282576868634
13560    56.28166116781152
13760    56.26040727764975
13960    56.295809456643326
14160    56.421520433336326
14370    56.67295565572246
14580    57.05340534066828
14790    57.54792244177895
15010    58.14391428066829
15230    58.7320985894221
15450    59.168207339412376
15670    59.26487394675245
15900    58.771401944858866
16130    57.47797466267717
16360    55.4101078303127
16600    52.50150563397281
16840    48.97416140315524
17080    45.239900154964175
17330    41.37831431629313
17580    37.48308094148303
17840    32.99353511664558
18100    27.713999140179837
18360    24.85677964920811
18630    27.209085038665165
18900    30.802897403125726
19170    32.91714870035517
19450    34.04564465674806
19730    34.61169300684726
20000    34.85205484397123
