20    70.70497346935261
20.3    70.7141942434176
20.6    70.723127127307
20.9    70.73159784072496
21.2    70.73942835137255
21.5    70.74646571539436
21.8    70.75259913968586
22.1    70.75776961735951
22.4    70.76196891217899
22.7    70.76522622077282
23    70.76759427459294
23.3    70.76913786699468
23.6    70.76991708693834
23.9    70.76997788962636
24.2    70.76935317457466
24.6    70.76748101781189
25    70.7644278360083
25.4    70.76018297013138
25.8    70.75472633592697
26.2    70.74805473202454
26.6    70.74020532609757
27    70.73124828836197
27.4    70.72127546457568
27.8    70.7103764430709
28.2    70.69862134905371
28.6    70.68605799780025
29    70.67271613471613
29.4    70.65862194350032
29.8    70.64381367326655
30.2    70.62833123391289
30.6    70.61220692384325
31    70.59545891462787
31.5    70.57365161720179
32    70.55087478008431
32.5    70.52715733061058
33    70.50256643865691
33.5    70.47719479926168
34    70.45114514952607
34.5    70.42452646234942
35    70.3974618578616
35.5    70.3700793119564
36    70.34249712421608
36.5    70.31481353297582
37    70.2871173163146
37.5    70.25949528515329
38    70.23203269768544
38.6    70.19937534222913
39.2    70.16706065298295
39.8    70.13499145882068
40.4    70.10296269375557
41    70.07068849412903
41.6    70.03784963269194
42.2    70.00415480686672
42.8    69.9693975020602
43.4    69.9334887191977
44    69.89646491441766
44.6    69.8584699601121
45.2    69.81971318998399
45.9    69.77384216562714
46.6    69.72762699676566
47.3    69.6814908377547
48    69.63588883017334
48.7    69.59121501015416
49.4    69.54774522100237
50.1    69.5057169824058
50.8    69.46543104809666
51.5    69.42719291127082
52.2    69.39116732336296
53    69.35266162824821
53.8    69.31676704734711
54.6    69.2830173310451
55.4    69.2505407234624
56.2    69.21837437466786
57    69.18601012423142
57.8    69.15333969368368
58.6    69.12014862785352
59.5    69.08175779779214
60.4    69.04187863988503
61.3    69.00035759546466
62.2    68.95717854827282
63.1    68.9122346897736
64    68.8653219064054
64.9    68.81647150413431
65.8    68.76592075500767
66.8    68.70789474031534
67.8    68.64782350587049
68.8    68.58550461295542
69.8    68.52122609827097
70.8    68.45604888713113
71.8    68.39114122624818
72.8    68.32721547204171
73.9    68.25808159882035
75    68.18940192888985
76.1    68.12000218547843
77.2    68.04881944746322
78.3    67.97525103222712
79.4    67.8995367522034
80.6    67.81563718675554
81.8    67.73199951652204
83    67.6502771858847
84.2    67.5718228214406
85.4    67.49738765913536
86.6    67.42699156504167
87.9    67.35456507392652
89.2    67.28479910757753
90.5    67.21596479784385
91.8    67.1462557043013
93.1    67.07409485052557
94.5    66.99243839119279
95.9    66.90632342839456
97.3    66.81619761779781
98.7    66.72255833152543
100    66.63259970212405
102    66.48831432588548
104    66.33699094797862
106    66.17926949174762
108    66.01606384306473
110    65.84917431437665
112    65.68259187151529
114    65.52182640086698
116    65.37334294321923
118    65.2439005803611
120    65.14030215090875
122    65.06858179902957
124    65.03311597155144
126    65.0352588509997
128    65.07265976858446
130    65.13946007250743
132    65.22706233275247
134    65.3256999393994
136    65.42550988681779
138    65.51781620112111
140    65.59611689922374
142    65.65638726257905
144    65.69695792961988
146    65.71810881657679
148    65.72180324314343
150    65.71132441665645
152    65.69090409041223
154    65.66526107364584
156    65.63893652818656
158    65.61558017124116
160    65.5973188046644
162    65.58436026234224
164    65.57505323677701
166    65.56653580835032
168    65.55558680206832
170    65.53939840811356
173    65.50155828114697
176    65.44583444215213
179    65.37350885062334
182    65.28783330526747
185    65.19262893074264
188    65.0913522644864
191    64.98665803757731
194    64.88037990872279
197    64.77370674823806
200    64.6673501212475
203    64.56168558105603
206    64.45687110030343
209    64.35297616271023
212    64.25003521301497
215    64.14809373742703
218    64.04728840317155
221    63.94787911498474
224    63.85025655429419
227    63.75494809934631
230    63.66262975091483
233    63.574065853034135
236    63.49006871432589
239    63.41144194809802
243    63.316200379703986
247    63.233067930154064
251    63.162493981545744
255    63.10396797004263
259    63.05597433079106
263    63.01600046035382
267    62.98078884341824
271    62.94676977192471
275    62.910567631819006
279    62.86946668366329
283    62.82175351002698
287    62.76676420286288
291    62.70469809507389
295    62.63639055061839
299    62.563073979942786
303    62.486125882734115
307    62.40686073684462
312    62.306214417472276
317    62.20540932760671
322    62.10561942326916
327    62.00749013518973
332    61.91121265655201
337    61.81661089569069
342    61.72327555066257
347    61.630693237139205
352    61.538366754621144
357    61.44599939973701
362    61.35363136105264
367    61.26163498957267
372    61.17071068486399
377    61.081939312118394
383    60.98038052913965
389    60.88733446664924
395    60.80655187718392
401    60.7420816907392
407    60.697730146143776
413    60.67664621054048
419    60.68078938705429
425    60.710584421889656
431    60.7647063030845
437    60.83999821734612
443    60.93177227553467
449    61.03440200976425
456    61.16005768589771
463    61.28396884177624
470    61.39927506700839
477    61.50135590004483
484    61.58787939138868
491    61.65857645729234
498    61.7148138080367
505    61.75906956502549
512    61.79449836443139
519    61.824453068380166
527    61.856079772532986
535    61.88888041791292
543    61.92601057927222
551    61.96929671130246
559    62.01906019837487
567    62.074329271635435
575    62.133265518448404
583    62.19363181716319
592    62.260432908297666
601    62.32330731710341
610    62.38015827586672
619    62.430035942676454
628    62.47299559295286
637    62.50982135254499
646    62.54181363260018
655    62.570494631204305
665    62.60026972783092
675    62.62931950931754
685    62.658570065099426
695    62.68847003520775
705    62.71915079752098
715    62.75064508242126
725    62.783005960287404
736    62.8197709744845
747    62.85807235070554
758    62.89829763993395
769    62.940793750044676
780    62.985825507937534
791    63.03353066747414
803    63.08859429249031
815    63.14657776699018
827    63.20707959727426
839    63.26972917344993
851    63.33436810820679
863    63.40123672221765
876    63.47675577274227
889    63.5554779891191
902    63.63702382366699
915    63.72156214462694
928    63.80958411921509
942    63.908288081611985
956    64.01072513180071
970    64.11663333322608
984    64.22569748501591
998    64.33744463820553
1010    64.43487621712396
1020    64.51694114431794
1030    64.59972788655327
1050    64.766993333877
1070    64.93414763367895
1090    65.09852467439913
1110    65.25934277013815
1130    65.41703045855866
1150    65.5724076263541
1170    65.72631000669585
1190    65.87952862373865
1210    66.03265471891197
1230    66.18601693918043
1250    66.33960592382161
1270    66.49326791059265
1290    66.64677257489559
1310    66.79986114829751
1330    66.95235805239858
1350    67.10413578117436
1370    67.25528449053547
1390    67.40602069380064
1410    67.5566909944244
1430    67.70778651508974
1450    67.8599553895798
1470    68.01387351452837
1490    68.169980753487
1510    68.32865383200871
1530    68.49029713384851
1550    68.65529169508989
1570    68.82382246716571
1590    68.99569199779481
1610    69.17060324760493
1630    69.34835910976145
1650    69.52880675098888
1670    69.71167784638112
1690    69.89653838414316
1710    70.08271640956788
1730    70.26904634076911
1760    70.54441103312939
1790    70.80640318067915
1820    71.0442181379155
1850    71.2501649081139
1880    71.42703192094382
1910    71.5927013610788
1940    71.77210127010551
1970    71.98362182144044
2000    72.22932439409306
2030    72.49430524910431
2060    72.75296773507587
2090    72.97761065375201
2120    73.14620313879574
2150    73.25098886162395
2180    73.30481461475864
2210    73.33507485229995
2240    73.37846961175515
2270    73.46533777826906
2300    73.60302598623213
2330    73.77845879219146
2360    73.97129037772302
2390    74.16369126943923
2420    74.34165188645063
2460    74.53252481528327
2500    74.63337261885346
2540    74.59594202951246
2580    74.39539193836926
2620    74.06458736989552
2660    73.69309888657591
2700    73.37254371784891
2740    73.15216675621505
2780    73.02167719349073
2820    72.94118633029157
2860    72.87367127598544
2900    72.79878579907535
2940    72.71058609329762
2980    72.61129858804728
3020    72.50367337989394
3060    72.38759457445724
3100    72.26075293527846
3150    72.08451243828114
3200    71.8906623131989
3250    71.69160844870639
3300    71.52805089425866
3350    71.43913764453856
3400    71.41236192040029
3450    71.40018954901385
3500    71.3748950878988
3550    71.33937419846494
3600    71.30715393289887
3650    71.28769226763075
3700    71.28235435901951
3750    71.28310998105133
3800    71.27089321213268
3860    71.19324363558175
3920    70.99928951597576
3980    70.73122982586014
4040    70.50669737399014
4100    70.42005383755411
4160    70.45010638005235
4220    70.53261827161546
4280    70.64334499664132
4340    70.7914729576259
4400    70.98541709892143
4460    71.21856457467781
4520    71.47046075695218
4590    71.74494966070421
4660    71.95963907358215
4730    72.1358172706635
4800    72.3455014523208
4870    72.58200307585489
4940    72.75070669057416
5010    72.7579238989548
5080    72.50956930256444
5150    71.9380554005202
5220    71.23226119224142
5300    70.64934794666874
5380    70.48115023762338
5460    70.70546480248899
5540    71.10746551391213
5620    71.48313644918406
5700    71.7465761037785
5780    71.89167127397621
5860    71.9825576886025
5950    72.05417153011282
6040    72.07868648040262
6130    72.11756463989818
6220    72.31751949368348
6310    72.62725812574054
6400    72.84880300393277
6490    72.91540225144152
6580    72.9535144500079
6680    73.12017476609566
6780    73.44750493772472
6880    73.85558635714123
6980    74.25002543626098
7080    74.59823515193986
7180    74.91076175071422
7280    75.15255151437674
7390    75.2724296339816
7500    75.2099006257069
7610    74.88839313324759
7720    74.23508037109045
7830    73.39672537281422
7940    72.63480127682611
8060    72.08656736248736
8180    71.80946799527626
8300    71.58649920161437
8420    71.28293647069978
8540    71.04166380125096
8660    70.92327878761091
8790    70.61466124082523
8920    70.00640757338013
9050    69.49128379612887
9180    69.33295970594833
9310    69.46282864030259
9450    69.75717998363959
9590    70.06238213667882
9730    70.30485123047347
9870    70.58334247721902
10010    71.00973788437466
10160    71.50692903851389
10310    71.81249924094666
10460    71.77948155217953
10610    71.40924696811541
10760    70.77727391524255
10920    69.86622321638319
11080    68.69968061054027
11240    67.39071670457818
11400    66.20080590072963
11570    65.37850990057753
11740    64.9149923884305
11910    64.75717775748414
12080    64.64562546655438
12260    64.44237864662263
12440    64.14389044509684
12620    63.764392647368254
12800    63.424256963903005
12990    63.2352220222531
13180    63.08680265775273
13370    63.00460208040181
13560    62.86697900533798
13760    62.50590058095019
13960    61.92880530172019
14160    61.317499951963775
14370    60.76215974539782
14580    60.41821085777585
14790    60.24467006345908
15010    60.255648390081824
15230    60.56386211512441
15450    61.13256300074004
15670    61.70114639330417
15900    61.97224213696563
16130    61.74296965074309
16360    61.19990822002284
16600    60.648296887650304
16840    60.27544462338341
17080    60.109795928114885
17330    60.23306675719361
17580    60.69213198951141
17840    61.49227056809323
18100    62.32905020576017
18360    62.68836421691992
18630    62.16799107097606
18900    60.67026648023801
19170    58.385538080161965
19450    55.40147884760421
19730    52.10854481123839
20000    51.76270712898204
