20    71.54297246975239
20.3    71.54909310866569
20.6    71.55502376129242
20.9    71.56065524669448
21.2    71.56587631494264
21.5    71.57057591104815
21.8    71.57464468063205
22.1    71.57797355879853
22.4    71.58047062637972
22.7    71.58208849034439
23    71.58283899334057
23.3    71.58278821774118
23.6    71.58203553399905
23.9    71.5806847473668
24.2    71.57881530300375
24.6    71.57556824753962
25    71.57141951840066
25.4    71.56626138667016
25.8    71.55999241449055
26.2    71.55257411665872
26.6    71.5440468664703
27    71.53451164670372
27.4    71.52410345916799
27.8    71.51296656760329
28.2    71.50122625223132
28.6    71.48896774661694
29    71.47622725770539
29.4    71.46300131050657
29.8    71.44927385942235
30.2    71.43503815664302
30.6    71.420305835685
31    71.40510116428236
31.5    71.38547001677459
32    71.36518263903639
32.5    71.34427252538109
33    71.32276995678433
33.5    71.3007089187212
34    71.27813269001307
34.5    71.25509236254996
35    71.23163806087457
35.5    71.20780615772708
36    71.18361323104165
36.5    71.15906294083265
37    71.13415465749048
37.5    71.10889109704434
38    71.08327796894073
38.6    71.0520834422698
39.2    71.02038575964511
39.8    70.98819280818941
40.4    70.95553230886338
41    70.9224434092886
41.6    70.88897271230383
42.2    70.85516779289088
42.8    70.82106549032144
43.4    70.78668589178889
44    70.7520349069979
44.6    70.71711444220131
45.2    70.68193692762715
45.9    70.640613445921
46.6    70.59905968133688
47.3    70.55737701231298
48    70.5156701609148
48.7    70.47402129498647
49.4    70.43249715983282
50.1    70.3911787266367
50.8    70.35014856753789
51.5    70.3094585642196
52.2    70.26913777355773
53    70.22352613783298
53.8    70.17833141487652
54.6    70.13328025778628
55.4    70.08802100475691
56.2    70.04231388503018
57    69.99608623250397
57.8    69.94933855049854
58.6    69.90207059091786
59.5    69.84830542855184
60.4    69.79401229550598
61.3    69.73930016984508
62.2    69.68428403945177
63.1    69.6290749431614
64    69.57372209431331
64.9    69.51821567516721
65.8    69.46252941143418
66.8    69.40041210105393
67.8    69.33802612584591
68.8    69.27540806680281
69.8    69.21262144581294
70.8    69.14973106753973
71.8    69.08681111055283
72.8    69.02396648942562
73.9    68.95508699466191
75    68.88664188503179
76.1    68.81878356571806
77.2    68.75169566520518
78.3    68.68560936828229
79.4    68.62072795810835
80.6    68.55146741649534
81.8    68.48382731246355
83    68.41764402059385
84.2    68.35249477603553
85.4    68.28778941407847
86.6    68.22291452381901
87.9    68.1517817732477
89.2    68.07913685822605
90.5    68.00448489787301
91.8    67.92758518922398
93.1    67.84846362575114
94.5    67.76106650232929
95.9    67.67191746462461
97.3    67.58160559733203
98.7    67.49066729746124
100    67.40603832884328
102    67.276011589648
104    67.14652689235416
106    67.01736495564043
108    66.88774649049867
110    66.75663331622249
112    66.62317060000727
114    66.48715031660308
116    66.34951598233367
118    66.2124238316739
120    66.07888756227761
122    65.95192976779056
124    65.83386124058629
126    65.72751048845075
128    65.63657060602154
130    65.56560609020008
132    65.5197008984592
134    65.5035959975491
136    65.52048760996473
138    65.57077406621534
140    65.651039854019
142    65.75368140489806
144    65.8677664153985
146    65.98117034074306
148    66.08287853266118
150    66.16462204220615
152    66.22140932558409
154    66.25135702581137
156    66.25520642818329
158    66.2355880745162
160    66.19621906109506
162    66.14131228061461
164    66.07525239479637
166    66.00241381009056
168    65.92698942472
170    65.8527026657901
173    65.74947477934275
176    65.66076798920379
179    65.58688843384205
182    65.52328273638412
185    65.46281199801331
188    65.39877710427913
191    65.3268451686983
194    65.24532508438256
197    65.15465813990683
200    65.05662940031436
203    64.95352938530692
206    64.84751880139643
209    64.74039413075741
212    64.63365183181872
215    64.5286373139821
218    64.42672613919893
221    64.32942372471607
224    64.23832637197995
227    64.15504585457182
230    64.08112495358989
233    64.01791685229045
236    63.96636312939573
239    63.926670244491866
243    63.890737924341614
247    63.87036597442307
251    63.85952187073545
255    63.851046932180566
259    63.838241095539175
263    63.81615031116829
267    63.782047313185245
271    63.73515457197739
275    63.67616476551133
279    63.60689576739058
283    63.52977800048567
287    63.447314346259695
291    63.361789722298155
295    63.275042983409705
299    63.188355720507985
303    63.10253738918695
307    63.01806401857126
312    62.91477552327358
317    62.81443146105229
322    62.717173195840495
327    62.62257997966844
332    62.530071995658766
337    62.43925018727027
342    62.349773086988456
347    62.26127491631489
352    62.173349977721166
357    62.08545511567411
362    61.99708372007086
367    61.908106966414415
372    61.818864358495915
377    61.72991049601628
383    61.62439172017616
389    61.52162142583442
395    61.42401935513803
401    61.33454172480853
407    61.2561765497711
413    61.19214761061088
419    61.14577940771425
425    61.12000645264628
431    61.116960017665704
437    61.13781185462285
443    61.182440768196486
449    61.24925094757892
456    61.351632056308944
463    61.475308973871854
470    61.61396160612762
477    61.76024432401564
484    61.90638587180089
491    62.04479970736693
498    62.16920253351806
505    62.27544580663288
512    62.36166118767114
519    62.42818613866726
527    62.483069956247874
535    62.52045806996185
543    62.54639980377807
551    62.56701484779126
559    62.58753769162042
567    62.611480518223985
575    62.640268955938055
583    62.673545522484474
592    62.71464067394235
601    62.757593546516134
610    62.80100781943457
619    62.84447255422212
628    62.88839391206625
637    62.93364297930007
646    62.98096895291566
655    63.03050790493768
665    63.087511049693106
675    63.14538801683565
685    63.20283641344753
695    63.25860638895226
705    63.311808333018234
715    63.36246874250792
725    63.41134594331085
736    63.46420221456928
747    63.51719029163316
758    63.57098932508103
769    63.625841897077805
780    63.68173304206054
791    63.7386291052388
803    63.80191784686812
815    63.86663273986798
827    63.932911846399385
839    64.00091906334154
851    64.07093168212127
863    64.14328230806507
876    64.22459068123558
889    64.30908269975825
902    64.39681654410768
915    64.48789481713935
928    64.58234487200124
942    64.68767585951646
956    64.79642381947971
970    64.90814429994583
984    65.02232421442991
998    65.13842660690739
1010    65.23908027674901
1020    65.3235282348387
1030    65.40831739097435
1050    65.57831657227864
1070    65.74806938925008
1090    65.9170426884638
1110    66.08546205565227
1130    66.25377535016969
1150    66.42212961293053
1170    66.59001105154633
1190    66.75610727996548
1210    66.91881457130279
1230    67.07648154988735
1250    67.22698991893358
1270    67.36753622388477
1290    67.49502441461196
1310    67.60667191225278
1330    67.7009896495298
1350    67.77879111261929
1370    67.84342773393794
1390    67.90020563144921
1410    67.95590487056015
1430    68.01800114109577
1450    68.09314862921701
1470    68.18576438237677
1490    68.29748212146296
1510    68.42742075747984
1530    68.5730871158467
1550    68.73137493605986
1570    68.89924468625445
1590    69.07413796233112
1610    69.25412181124344
1630    69.43780652007567
1650    69.62425381544467
1670    69.81286529943279
1690    70.00319082138083
1710    70.19477184660161
1730    70.38706991888648
1760    70.67544039571541
1790    70.96130105074842
1820    71.24085564229892
1850    71.5103753838793
1880    71.76672162971492
1910    72.0070221416668
1940    72.22847029185417
1970    72.42812569446934
2000    72.60302439612647
2030    72.75095683814057
2060    72.87059521525711
2090    72.96204881371487
2120    73.0271959209263
2150    73.06945953207394
2180    73.0932454192654
2210    73.10319011648562
2240    73.10332390819633
2270    73.0962876966079
2300    73.08368501736172
2330    73.06633235040472
2360    73.04438465062486
2390    73.01751454029608
2420    72.98507181232898
2460    72.93188650801517
2500    72.86619324442472
2540    72.78681042402806
2580    72.69248753962052
2620    72.58160260931028
2660    72.45206224783992
2700    72.30119402338379
2740    72.12551728370929
2780    71.9209516140378
2820    71.68374508389985
2860    71.41239874839806
2900    71.11104394730162
2940    70.79406655405525
2980    70.49019618561562
3020    70.23937338724306
3060    70.07683088430886
3100    70.01129066147928
3150    70.02351363094448
3200    70.06186667080263
3250    70.07531610458378
3300    70.05674955785163
3350    70.01898194821854
3400    69.97499495746467
3450    69.93274531454382
3500    69.89578586245844
3550    69.86500763564743
3600    69.84019191870283
3650    69.82110447342133
3700    69.80861517521394
3750    69.80531161404255
3800    69.81524066052387
3860    69.84950243987792
3920    69.9088896271559
3980    69.98959465730874
4040    70.08594803216351
4100    70.19220461686899
4160    70.30275211559574
4220    70.4127549955271
4280    70.51883678421592
4340    70.6179809011924
4400    70.70790837640573
4460    70.79101992266428
4520    70.87865015920923
4590    71.00911447768055
4660    71.1863341612127
4730    71.40611059713166
4800    71.6473823440994
4870    71.88199203423808
4940    72.08238908154217
5010    72.22991341089647
5080    72.32181871251399
5150    72.37204428534815
5220    72.4042993967098
5300    72.4457413031287
5380    72.49450259620586
5460    72.50467358570047
5540    72.40948724545083
5620    72.26059907308642
5700    72.32178047576336
5780    72.77486154548933
5860    73.40817161119779
5950    73.94398811386466
6040    74.22088926059024
6130    74.35280306434376
6220    74.42456507998031
6310    74.46895608329089
6400    74.50065644677196
6490    74.53160913071041
6580    74.5734854138815
6680    74.64225452104321
6780    74.73582533967809
6880    74.85470399980565
6980    74.99463729967971
7080    75.13864607388604
7180    75.26276941589204
7280    75.33622468025965
7390    75.32005299426302
7500    75.18666235796823
7610    74.95417852138604
7720    74.65028982442047
7830    74.27669774310125
7940    73.81814640876583
8060    73.23399109767371
8180    72.61171646104145
8300    71.98816909012916
8420    71.36086235874498
8540    70.6888282829529
8660    69.94490717166596
8790    69.1853235237127
8920    68.6969927294382
9050    68.45558154920221
9180    68.28584863794404
9310    68.14692492264419
9450    68.08657950099834
9590    68.15910956922104
9730    68.33698062912006
9870    68.56907825295775
10010    68.82232925746021
10160    69.07130690503617
10310    69.25220916951253
10460    69.35210754622598
10610    69.3031060109829
10760    68.88509770559195
10920    67.87243199533748
11080    66.63410634124375
11240    65.80206721213256
11400    65.46223885482615
11570    65.21274922276864
11740    64.885702070956
11910    64.58313210584608
12080    64.4382323803836
12260    64.52820838120996
12440    64.90610147806564
12620    65.58049517583856
12800    66.47822290101655
12990    67.48595158436267
13180    68.27147617208186
13370    68.50243924390693
13560    68.05157542512634
13760    67.2617878879727
13960    66.73757591805708
14160    66.51908460737177
14370    66.3752504935189
14580    66.23246109422716
14790    66.11765308909904
15010    66.11698316591082
15230    66.34070044567154
15450    66.7691500562926
15670    67.17115180914783
15900    67.21594567115966
16130    66.71897423162108
16360    65.8587228625481
16600    64.92261806435542
16840    64.25001131052953
17080    63.97479003875188
17330    64.07063318535221
17580    64.47792971706927
17840    65.10019293812752
18100    65.68055838416021
18360    65.92607948411643
18630    65.5921875765485
18900    64.621519150685
19170    63.24928458965247
19450    61.8975941937161
19730    60.927934808820595
20000    60.43450034066056
