20    69.27449071725493
20.3    69.27782201541305
20.6    69.28107618476525
20.9    69.28424728557002
21.2    69.28735284302178
21.5    69.29041662249608
21.8    69.29344787768046
22.1    69.2964141649851
22.4    69.29922883915125
22.7    69.3017626268985
23    69.30386999425862
23.3    69.30542180942057
23.6    69.3063307358527
23.9    69.30655828621589
24.2    69.3061092059738
24.6    69.3045135769124
25    69.30188623007567
25.4    69.29837861763127
25.8    69.29419256787668
26.2    69.2895784188593
26.6    69.28476728832794
27    69.27987668005915
27.4    69.27488005566883
27.8    69.2696429222425
28.2    69.26399080772478
28.6    69.25775783725359
29    69.250787363285
29.4    69.24291927898052
29.8    69.23401040630867
30.2    69.2239981907818
30.6    69.21295493707879
31    69.2010913848971
31.5    69.18554193400894
32    69.1696529708025
32.5    69.15371612505962
33    69.13785482551947
33.5    69.12213933260917
34    69.10662626387762
34.5    69.09132819458884
35    69.07617909888862
35.5    69.06103791523596
36    69.04573003119886
36.5    69.03010416845095
37    69.01407138858227
37.5    68.99762426959964
38    68.98078239188862
38.6    68.95997405212117
39.2    68.93825290255731
39.8    68.9152950653185
40.4    68.8909622430594
41    68.86542417736257
41.6    68.8390815203465
42.2    68.8124240043899
42.8    68.78590918372646
43.4    68.75986328663973
44    68.73442042313076
44.6    68.70951708532729
45.2    68.68493267488509
45.9    68.65621039261825
46.6    68.62681403442986
47.3    68.59598825219982
48    68.56305520818007
48.7    68.5277207052775
49.4    68.49024021187597
50.1    68.45148626517356
50.8    68.41292823844148
51.5    68.3760161580736
52.2    68.34116000955188
53    68.30290693424044
53.8    68.2652700483167
54.6    68.22811512911474
55.4    68.19186198177826
56.2    68.15683763053082
57    68.12265929109995
57.8    68.08824970100085
58.6    68.05277036858904
59.5    68.01137082421575
60.4    67.96853068625208
61.3    67.92410248488424
62.2    67.8776802915135
63.1    67.82932552929553
64    67.7800284141068
64.9    67.73109718870344
65.8    67.6836048828943
66.8    67.63342966647312
67.8    67.58632298765522
68.8    67.54193940425087
69.8    67.49935801464147
70.8    67.45734116344622
71.8    67.41469778176305
72.8    67.37064311817502
73.9    67.32043337129468
75    67.26886183166147
76.1    67.21641096184078
77.2    67.16332703106985
78.3    67.1097240600771
79.4    67.0556050625748
80.6    66.99578607694394
81.8    66.93483096345167
83    66.87249936848342
84.2    66.80875213607962
85.4    66.74371947390333
86.6    66.67762327836141
87.9    66.60514670479567
89.2    66.53211224314447
90.5    66.45882177512641
91.8    66.38548385872991
93.1    66.3121844568447
94.5    66.23326554923946
95.9    66.15424848784824
97.3    66.0751637459465
98.7    65.9965924258266
100    65.92474062941632
102    65.81705150916994
104    65.71355056670888
106    65.61497380978577
108    65.52146755813592
110    65.43268677691427
112    65.34872258258247
114    65.27070032736987
116    65.20126883163024
118    65.14363924520632
120    65.10016881577988
122    65.07121611766155
124    65.05487062234141
126    65.04744575433492
128    65.04414420301862
130    65.03995453454209
132    65.0306763187377
134    65.01412112466134
136    64.99113444322795
138    64.96553607363882
140    64.94258812081823
142    64.92724902166404
144    64.9234682682086
146    64.93426207208302
148    64.96191547350995
150    65.0079892236293
152    65.0729300990647
154    65.15578739176155
156    65.25431885522764
158    65.36419751391566
160    65.47868058351665
162    65.58962048043045
164    65.68929512124802
166    65.77171739471072
168    65.83314433880861
170    65.87217368667883
173    65.89075173150263
176    65.86836239210271
179    65.81471511099804
182    65.7395679401198
185    65.65134045132744
188    65.5567723764735
191    65.4606292067512
194    65.36561980007457
197    65.2730141641696
200    65.18333517930645
203    65.09665256643828
206    65.01282974447523
209    64.93163231328924
212    64.85285355110696
215    64.77630440086575
218    64.70181485889663
221    64.62923938565068
224    64.55848328781067
227    64.48951094583927
230    64.42237354483494
233    64.35728379461341
236    64.29459546596289
239    64.2347345810716
243    64.16000245087747
247    64.09157976661726
251    64.02941725971087
255    63.97316491021412
259    63.922220544439696
263    63.87566009715168
267    63.832384082147826
271    63.791138951991755
275    63.75046971501304
279    63.70888847851775
283    63.66507731893053
287    63.61806666551722
291    63.56734196951149
295    63.51284837562965
299    63.45487631147604
303    63.39386074773142
307    63.33027876613935
312    63.24807741411487
317    63.164058098087956
322    63.07934973986937
327    62.994861325635895
332    62.911208963020265
337    62.828640644082114
342    62.74725535474381
347    62.66726001990719
352    62.58902579180803
357    62.51319145870078
362    62.44094612331442
367    62.37404627338218
372    62.31442488875501
377    62.263935851954294
383    62.21782995146944
389    62.189999069446955
395    62.182070632520876
401    62.19505983813147
407    62.22999446784356
413    62.28589928978333
419    62.35976159343496
425    62.44793643143379
431    62.546978197683075
437    62.65366742761252
443    62.76434390758094
449    62.87482527454105
456    62.99774600588643
463    63.1087727621341
470    63.204071995939664
477    63.28155178271284
484    63.34066683585419
491    63.382423427654494
498    63.40899957364441
505    63.42335897444281
512    63.428988899729994
519    63.429414395039814
527    63.427764225664845
535    63.42800434295985
543    63.433144384460334
551    63.44429834047514
559    63.46077390042014
567    63.48065528359051
575    63.501862459300796
583    63.522834137122835
592    63.54506022741852
601    63.565439670627896
610    63.58410597219172
619    63.60135860334536
628    63.61740354414286
637    63.632291110326456
646    63.6459676265745
655    63.65832059561946
665    63.67030457402534
675    63.680251874617724
685    63.68803350683169
695    63.693701410877026
705    63.697624821613225
715    63.70047353122846
725    63.70303880546395
736    63.70640734565221
747    63.71108339522636
758    63.717669643478516
769    63.726604502452645
780    63.73807854420525
791    63.75200827802362
803    63.769749588198735
815    63.7899911408916
827    63.81278801114004
839    63.83832876662646
851    63.866797393245136
863    63.8983805564514
876    63.93634203855322
889    63.97834293985832
902    64.02457004800401
915    64.07509411610044
928    64.12952357909298
942    64.19191776247524
956    64.25758830259967
970    64.32595301946355
984    64.39687555715352
998    64.47020116330273
1010    64.53453597218368
1020    64.58884019919012
1030    64.64352661914904
1050    64.75318614389435
1070    64.86202460610608
1090    64.97012167671866
1110    65.07773785469749
1130    65.18523211560681
1150    65.29263098238472
1170    65.39983428067578
1190    65.50734592389128
1210    65.61598303676766
1230    65.72616589568466
1250    65.83791691318913
1270    65.95123373486757
1290    66.06558442763664
1310    66.18016369619434
1330    66.29431726440504
1350    66.40753478342981
1370    66.5192085802301
1390    66.62882664754929
1410    66.73638991788431
1430    66.84225407606394
1450    66.94647540188046
1470    67.04875492059283
1490    67.14927363780538
1510    67.24943116364298
1530    67.3505746920656
1550    67.4529895654947
1570    67.55595943403054
1590    67.65841566560412
1610    67.76080662634492
1630    67.86431429865237
1650    67.96957716225954
1670    68.07641206790832
1690    68.18409833204495
1710    68.29210815403582
1730    68.4009291221124
1760    68.56777231145404
1790    68.73990434327278
1820    68.91620071790842
1850    69.09288442419953
1880    69.26913287832063
1910    69.44847326419497
1940    69.63176602977514
1970    69.81821878996503
2000    70.00599489496159
2030    70.19271942363801
2060    70.37931714445432
2090    70.56682959674137
2120    70.75445025704951
2150    70.94118341111519
2180    71.12575049546106
2210    71.3052823761353
2240    71.47794219423011
2270    71.64550631215275
2300    71.80813157460938
2330    71.96423352214552
2360    72.11251208856515
2390    72.2523815611466
2420    72.38254846556882
2460    72.53639721241686
2500    72.66628190304783
2540    72.77467155194071
2580    72.85963969836227
2620    72.91788337505696
2660    72.94984901537308
2700    72.95809209537937
2740    72.94316245210332
2780    72.90544612716708
2820    72.84786645098455
2860    72.7748209337143
2900    72.68891715191509
2940    72.59273914455132
2980    72.48964801270091
3020    72.38300168395998
3060    72.27644222449825
3100    72.17368088424226
3150    72.05142416321726
3200    71.93360144861285
3250    71.82943735668402
3300    71.74350514045383
3350    71.67585381724022
3400    71.62567103625409
3450    71.59182266688799
3500    71.5748624613384
3550    71.5750768503813
3600    71.59279543246917
3650    71.6268467292731
3700    71.67146194694415
3750    71.72409725946677
3800    71.78699220377781
3860    71.87112847270345
3920    71.95796136078005
3980    72.0427487039171
4040    72.11801222469234
4100    72.17700833738414
4160    72.21311580323811
4220    72.22031331046628
4280    72.1962693373965
4340    72.14198607513184
4400    72.0650845258152
4460    71.9817042161325
4520    71.91734499734142
4590    71.8994354085585
4660    71.95536026696178
4730    72.07847122456303
4800    72.24171899121151
4870    72.41620100638687
4940    72.57890059825351
5010    72.71924040964959
5080    72.8359617254271
5150    72.92728521572309
5220    72.99559215484165
5300    73.0516737649915
5380    73.0940549686323
5460    73.1321856215575
5540    73.16435395103613
5620    73.18785857137408
5700    73.21757692743441
5780    73.2591094772368
5860    73.31213288658998
5950    73.38997848655501
6040    73.49635831074741
6130    73.64266160161624
6220    73.83931062206231
6310    74.09348903102638
6400    74.4012675837183
6490    74.76333504680872
6580    75.16077611059602
6680    75.60968249388554
6780    76.0304238058064
6880    76.38088522993371
6980    76.61875036466228
7080    76.71204119335184
7180    76.64520247700264
7280    76.4195204132808
7390    76.00389553039693
7500    75.46945281763732
7610    74.92647553947188
7720    74.44970826332107
7830    74.05178107913356
7940    73.71083745428005
8060    73.37907663616897
8180    73.07783093365632
8300    72.80886356567912
8420    72.57621221609256
8540    72.37591771387736
8660    72.19178024154297
8790    71.98221190521687
8920    71.72876162719862
9050    71.43229059726076
9180    71.08123967675877
9310    70.65343409078207
9450    70.11905376487144
9590    69.55016135579397
9730    68.98306308459752
9870    68.44101369261884
10010    67.9498944866774
10160    67.4958325384039
10310    67.11833736642276
10460    66.8168352329848
10610    66.5843033321845
10760    66.42111399833134
10920    66.29640923029203
11080    66.1892328995961
11240    66.06124235755942
11400    65.9404425491974
11570    65.87329894637264
11740    65.89295504688847
11910    66.00940657796173
12080    66.13815448961665
12260    66.24442617043616
12440    66.26241949997788
12620    66.02490992507575
12800    65.69165728621955
12990    65.53106062521059
13180    65.34825392055836
13370    64.91871804506705
13560    64.39577814146172
13760    63.920938289448614
13960    63.64250769514601
14160    63.60842737130953
14370    63.69396833920191
14580    63.824313893998465
14790    63.80380111860205
15010    63.43337943015912
15230    62.6682884034947
15450    61.65932965324801
15670    60.597731757290006
15900    59.66400294722681
16130    59.05423883410644
16360    58.61862159194909
16600    57.97953041903537
16840    57.032878363704015
17080    56.07654753768351
17330    55.2735113614478
17580    54.4895566285508
17840    53.431411278552446
18100    52.115168151890956
18360    50.847209982267685
18630    49.90753324102608
18900    49.106606955057636
19170    47.76037404595909
19450    45.462435598384545
19730    42.53239227053315
20000    42.215796799081375
