20    71.80057214595615
20.3    71.80069332291697
20.6    71.80060058701164
20.9    71.80010977185987
21.2    71.79912526934206
21.5    71.79764449259798
21.8    71.79570570674095
22.1    71.79334315904119
22.4    71.79056727871023
22.7    71.787385397397
23    71.78383024348048
23.3    71.77995143852598
23.6    71.77577358744406
23.9    71.77124132881212
24.2    71.76619300600129
24.6    71.75827522473168
25    71.74862545339653
25.4    71.73724852428606
25.8    71.72467641075909
26.2    71.71165412871683
26.6    71.69861193539961
27    71.68536040016467
27.4    71.67129143729909
27.8    71.655897620303
28.2    71.63922936305265
28.6    71.6219673359608
29    71.60505950014621
29.4    71.5891927350803
29.8    71.57442698879588
30.2    71.56027692346305
30.6    71.54603489213027
31    71.53109336444419
31.5    71.5109387145511
32    71.48898525681818
32.5    71.46530849924403
33    71.44015303685812
33.5    71.41392414533293
34    71.38707688867828
34.5    71.35995157541923
35    71.33272801776262
35.5    71.30552377095407
36    71.27847437524005
36.5    71.25168915612306
37    71.22514950249584
37.5    71.19869305777289
38    71.17209741930473
38.6    71.1397462741939
39.2    71.10670377044163
39.8    71.07277324467475
40.4    71.03779282937262
41    71.0016914946404
41.6    70.96453068169282
42.2    70.92647641362345
42.8    70.88773696113574
43.4    70.8485154959229
44    70.8089898750494
44.6    70.76931829383923
45.2    70.72965028522754
45.9    70.68354103993173
46.6    70.6377125231901
47.3    70.59220830103095
48    70.54714758847419
48.7    70.50276154455605
49.4    70.45922973598036
50.1    70.41649679274929
50.8    70.37427336514537
51.5    70.33216320339164
52.2    70.28976752322077
53    70.24051873204952
53.8    70.19007094871792
54.6    70.13826225439523
55.4    70.08511908570395
56.2    70.03092692888174
57    69.9763136643389
57.8    69.92203086460711
58.6    69.86856733216325
59.5    69.80953808839521
60.4    69.75140597718465
61.3    69.6936367867616
62.2    69.63574699024957
63.1    69.57745133789726
64    69.51850662504245
64.9    69.45860577836243
65.8    69.39752495505154
66.8    69.3281735526444
67.8    69.25727455144002
68.8    69.18498287176519
69.8    69.11149205347462
70.8    69.03700092876724
71.8    68.96169987828881
72.8    68.88566576109938
73.9    68.8011825447579
75    68.71586118236073
76.1    68.62996819249321
77.2    68.54417098390738
78.3    68.45953265472681
79.4    68.37742127936808
80.6    68.29249595311731
81.8    68.21418764869577
83    68.14386436607015
84.2    68.08220498576735
85.4    68.02900962406774
86.6    67.98312712442026
87.9    67.93939479385396
89.2    67.89891313802372
90.5    67.85868766889556
91.8    67.81621459171615
93.1    67.76975995133861
94.5    67.71435940066479
95.9    67.65344845908751
97.3    67.5878261735124
98.7    67.51867227278652
100    67.45232228045433
102    67.34806870359058
104    67.24281465358946
106    67.13693357373037
108    67.02973124199826
110    66.92040417519502
112    66.80849735277863
114    66.69444816471332
116    66.57962098964211
118    66.46561436233455
120    66.35392172171228
122    66.24579655206226
124    66.14213554808404
126    66.04368274519427
128    65.95063550041169
130    65.86240354304401
132    65.77801219886507
134    65.6968509951769
136    65.61918399331705
138    65.54642639379617
140    65.48115482004313
142    65.42689621003368
144    65.38786598963699
146    65.36840630808334
148    65.37212552857974
150    65.4010198803739
152    65.45462962286987
154    65.52951734907339
156    65.61965313768553
158    65.71724434869935
160    65.8137877240475
162    65.90119270256093
164    65.9727543310228
166    66.0237994404168
168    66.05192517852393
170    66.05692324961971
173    66.02517738857304
176    65.9557778359038
179    65.86014300330783
182    65.74828061483217
185    65.62773361058107
188    65.50353714148252
191    65.37866439358984
194    65.25471342327813
197    65.13249559609599
200    65.01238032248318
203    64.89442961962953
206    64.77842139465184
209    64.66404071847683
212    64.55108634183304
215    64.43950971549086
218    64.32939243427009
221    64.22098744585554
224    64.11470276087577
227    64.01105334781978
230    63.910656349989864
233    63.81427625761826
236    63.722663643361415
239    63.636376496930716
243    63.53016675467398
247    63.434166455163336
251    63.34758206828292
255    63.268532519626795
259    63.194308774801485
263    63.121801791806526
267    63.048048323781366
271    62.97077099738277
275    62.88878846728696
279    62.80207822654215
283    62.711373356645254
287    62.617750779232466
291    62.522286461337934
295    62.42582860623813
299    62.32898456803807
303    62.2323384442912
307    62.136525086327865
312    62.018773577422685
317    61.90385455679467
322    61.79196509088999
327    61.68312473289683
332    61.577417584194734
337    61.475063468428544
342    61.376268995454744
347    61.28101535889601
352    61.1889480486918
357    61.09940530611145
362    61.011545019814875
367    60.92451738677799
372    60.83770212154465
377    60.75090340427687
383    60.64727661791888
389    60.54579856697728
395    60.44909437260661
401    60.36008805958727
407    60.28121668375536
413    60.21448029824852
419    60.16143699758017
425    60.122962770055366
431    60.099142956517184
437    60.089103731969885
443    60.091188221808814
449    60.10338530452003
456    60.127974792937664
463    60.16187498282516
470    60.20434441744939
477    60.255760811007875
484    60.31678076283242
491    60.387400749360296
498    60.466369662765516
505    60.551104867277814
512    60.63812454231899
519    60.723764949739476
527    60.81597061177787
535    60.89925062684638
543    60.972396456767896
551    61.03559645416039
559    61.08975217307535
567    61.13602194483162
575    61.17555220150393
583    61.209376455218276
592    61.24185227655926
601    61.269830762266515
610    61.29466782762607
619    61.31743640284172
628    61.3390758249049
637    61.360597198492385
646    61.38298335089174
655    61.40688495581773
665    61.43543818608807
675    61.46593921250568
685    61.49821870104826
695    61.53224581411979
705    61.56808258156934
715    61.60585174847188
725    61.64571225959911
736    61.69218781235922
747    61.74160202613038
758    61.79390241050622
769    61.848527445950886
780    61.903826952086305
791    61.95669942126523
803    62.00696370738252
815    62.045867439010266
827    62.0751081898908
839    62.104911138458874
851    62.14929457516102
863    62.215035293789924
876    62.3104908941176
889    62.427605029455776
902    62.557345104430226
915    62.68781331405246
928    62.81067240294112
942    62.931610999979895
956    63.0432945804398
970    63.15048938202621
984    63.257201641302416
998    63.365610849219365
1010    63.46042354549681
1020    63.54069519039369
1030    63.62188660697022
1050    63.78616371774412
1070    63.95200824590152
1090    64.11862284049081
1110    64.28575042509632
1130    64.45350879455168
1150    64.62215458825698
1170    64.79240658541269
1190    64.96518091033528
1210    65.14104943046495
1230    65.32009547605121
1250    65.50204829656977
1270    65.68672109917222
1290    65.87422640372736
1310    66.0648228652739
1330    66.25885929770487
1350    66.45646732113804
1370    66.65753955496261
1390    66.86200113455419
1410    67.07010034582504
1430    67.28260362624565
1450    67.5006694477828
1470    67.7248898617032
1490    67.95540737914536
1510    68.19248631434718
1530    68.43676731640687
1550    68.68917584957345
1570    68.95051124109239
1590    69.22100293586355
1610    69.50073792378464
1630    69.79001390416852
1650    70.08923952726703
1670    70.39844374073718
1690    70.71682231531923
1710    71.04305600973507
1730    71.37564283188499
1760    71.88235859382398
1790    72.3909957954767
1820    72.89084082767255
1850    73.36885574104545
1880    73.81072125850059
1910    74.20278670450978
1940    74.53343171134075
1970    74.79372537386139
2000    74.97779174000482
2030    75.08412929067916
2060    75.11707366517363
2090    75.08329895721312
2120    74.99004392104435
2150    74.84584853828534
2180    74.66025789918353
2210    74.4396656367931
2240    74.19106070855489
2270    73.91981880096097
2300    73.63161555245132
2330    73.33150739715992
2360    73.02306484548335
2390    72.70882857848798
2420    72.39054735459789
2460    71.9625666654895
2500    71.53497165922192
2540    71.11307308172121
2580    70.70094070229739
2620    70.29952541828617
2660    69.91125080865598
2700    69.535533606677
2740    69.17318746556943
2780    68.82483678008063
2820    68.48971602388671
2860    68.16865140021474
2900    67.86664034634606
2940    67.59082470632208
2980    67.3456157191057
3020    67.1336496494173
3060    66.95741520087195
3100    66.81772883841393
3150    66.69148052243405
3200    66.61423029287788
3250    66.57893994459668
3300    66.57923928914083
3350    66.60976067313774
3400    66.66640703222444
3450    66.74620870343506
3500    66.84696579478502
3550    66.96741031270626
3600    67.10665776414362
3650    67.26400676599462
3700    67.43847169201536
3750    67.62903435055111
3800    67.83420975296784
3860    68.09506425223987
3920    68.36701039607809
3980    68.64124326330673
4040    68.90704952920916
4100    69.15097558709142
4160    69.35627906460135
4220    69.50489409247615
4280    69.5817216979219
4340    69.57151457632159
4400    69.4674366749168
4460    69.27236897252203
4520    68.99070762966043
4590    68.56975537499717
4660    68.0793118315162
4730    67.54553795671671
4800    66.99561910104072
4870    66.45482889681571
4940    65.94279139534032
5010    65.46660857179688
5080    65.02359223308184
5150    64.61342466398534
5220    64.23650098783371
5300    63.84632089056829
5380    63.49655955591288
5460    63.183962996264114
5540    62.90299800467064
5620    62.65077857840843
5700    62.428452542926586
5780    62.244972245045034
5860    62.105269229012094
5950    62.00527611149779
6040    61.97157795444511
6130    62.010741664178624
6220    62.1272853681707
6310    62.32319774074186
6400    62.58641577534739
6490    62.91180752671849
6580    63.28761871623048
6680    63.75232811299222
6780    64.25983278598669
6880    64.80431416264744
6980    65.38470953962857
7080    66.00242961922314
7180    66.64825346616016
7280    67.29828498193575
7390    67.96948462155913
7500    68.52201537486732
7610    68.87053758569829
7720    68.96499619539057
7830    68.80205071783571
7940    68.40264285777512
8060    67.74558068248672
8180    66.95856457224589
8300    66.14968221568074
8420    65.39878828105431
8540    64.76081665127236
8660    64.25937548042377
8790    63.87897262315534
8920    63.68140999363119
9050    63.64628885032201
9180    63.79954519622268
9310    64.14118042591883
9450    64.71965051122162
9590    65.53164948918852
9730    66.60571606228476
9870    67.94174590745207
10010    69.4241671818998
10160    70.76642848438658
10310    71.24032697333993
10460    70.56464990062861
10610    69.14407909628002
10760    67.55618774047264
10920    66.06846003115623
11080    64.87935730897723
11240    63.9550480913298
11400    63.19680187678266
11570    62.534394717877106
11740    62.012964893811876
11910    61.81381698814346
12080    61.854611912693755
12260    62.42420610525855
12440    63.41673024535842
12620    64.90613411208253
12800    66.5444931021745
12990    67.62661625359664
13180    68.26958743554701
13370    67.4536032641175
13560    66.28627889441034
13760    65.35635177358984
13960    64.67892503851478
14160    63.57383245177757
14370    61.679958586575964
14580    58.71878557576019
14790    56.08914818157445
15010    55.18378413794481
15230    55.085836912735374
15450    56.52793883415332
15670    57.556776142112724
15900    56.90482099108219
16130    55.68145782292167
16360    54.828163357110604
16600    54.175105610411975
16840    52.90758264253151
17080    50.07823627627202
17330    46.088975765695025
17580    42.09575258245003
17840    38.50892053404056
18100    35.661713795564076
18360    33.58611835406962
18630    32.33105174649273
18900    32.184056477183084
19170    33.44777200220778
19450    36.33564241085534
19730    39.52337409107105
20000    39.848420741698945
