20    67.06543325332345
20.3    67.10334430387385
20.6    67.14033591087232
20.9    67.175981378987
21.2    67.20988963729978
21.5    67.24182792909922
21.8    67.27179420731062
22.1    67.30002178733272
22.4    67.32691343803609
22.7    67.35289399407228
23    67.37825596504123
23.3    67.40304719457889
23.6    67.42707128892388
23.9    67.45000865343596
24.2    67.47161414594856
24.6    67.49842789928533
25    67.52381017413222
25.4    67.54923471754849
25.8    67.57617334400018
26.2    67.6054239438185
26.6    67.63680741910753
27    67.66938761556631
27.4    67.70196801962743
27.8    67.733506830088
28.2    67.76326310690796
28.6    67.79075196834893
29    67.81567179435814
29.4    67.83790878473216
29.8    67.85761379831482
30.2    67.87521057215184
30.6    67.89130035850133
31    67.90650606293232
31.5    67.92499943490415
32    67.94342100004242
32.5    67.96196264758763
33    67.98060705029283
33.5    67.99925947422592
34    68.01782628493632
34.5    68.03625814305661
35    68.05455650156424
35.5    68.07273647049976
36    68.0907618517692
36.5    68.10853168745382
37    68.12592864830458
37.5    68.14290920869621
38    68.15956660221698
38.6    68.17937581242452
39.2    68.19916518046509
39.8    68.2188893697366
40.4    68.23850657502635
41    68.25815349603343
41.6    68.27787692570638
42.2    68.29728897567064
42.8    68.31573040447606
43.4    68.33270452391186
44    68.34788871886838
44.6    68.36071035777158
45.2    68.37033123259005
45.9    68.37696676621536
46.6    68.37962975545084
47.3    68.38058396201508
48    68.38217963555844
48.7    68.38599203311362
49.4    68.39265314711207
50.1    68.40205930148394
50.8    68.41370799426397
51.5    68.42694749532964
52.2    68.4411233947261
53    68.45768391746206
53.8    68.4738219545725
54.6    68.4889645993851
55.4    68.50303183910526
56.2    68.51625697111663
57    68.52886423789565
57.8    68.54098108043259
58.6    68.55269964170644
59.5    68.56544333964422
60.4    68.57766297418706
61.3    68.58921217284467
62.2    68.59981750407206
63.1    68.60906786986699
64    68.61659330067684
64.9    68.6221552156531
65.8    68.62558546495461
66.8    68.6268368928886
67.8    68.62553946771379
68.8    68.62197224696267
69.8    68.6164728492212
70.8    68.60942335663222
71.8    68.60120390804403
72.8    68.5921415484658
73.9    68.58144638713722
75    68.57015949468732
76.1    68.55850212556457
77.2    68.54683060751347
78.3    68.53564112820695
79.4    68.52548077122009
80.6    68.51627559704457
81.8    68.50976412298262
83    68.50665897093992
84.2    68.50770426661259
85.4    68.51361661852414
86.6    68.52495481535152
87.9    68.54356332680743
89.2    68.56822887931409
90.5    68.59755853241606
91.8    68.62951008970273
93.1    68.66175109920476
94.5    68.69424664342142
95.9    68.72224265839236
97.3    68.74421877301856
98.7    68.7593650962639
100    68.76709771830127
102    68.76772371953118
104    68.75657427859369
106    68.73604819966639
108    68.70847160381746
110    68.67610972721063
112    68.64121743413367
114    68.60615921581768
116    68.57293265391297
118    68.54370373189565
120    68.52076786639117
122    68.50594343557839
124    68.49956940908069
126    68.50025739767975
128    68.5057794455042
130    68.51469930180423
132    68.52748879318655
134    68.54630667231982
136    68.5743497044428
138    68.6150840127198
140    68.67141762372
142    68.74424315874013
144    68.8316927298371
146    68.92966860590136
148    69.03279339082994
150    69.13574993492969
152    69.23432314369893
154    69.3257131208042
156    69.40861411613565
158    69.4828164421659
160    69.54852911924547
162    69.60581883211538
164    69.65445418500104
166    69.6939141332216
168    69.72333244478672
170    69.74172665484873
173    69.74784616696562
176    69.73009854997301
179    69.69275243056464
182    69.64091441486399
185    69.57966841730855
188    69.5136765336965
191    69.44679877646301
194    69.38181675924652
197    69.32065810984696
200    69.26467160032655
203    69.21479153417796
206    69.17153015800272
209    69.13501028536471
212    69.10502799290958
215    69.08100481032733
218    69.06195545776205
221    69.04660134224241
224    69.03348295857629
227    69.02105544435662
230    69.00781522970368
233    68.99245450911101
236    68.97385775258317
239    68.95115901730674
243    68.9138210198272
247    68.86854528989096
251    68.81643931705611
255    68.75925382359492
259    68.69890135458506
263    68.63703303799966
267    68.5747963637331
271    68.51276152761349
275    68.45091248030727
279    68.38891376112727
283    68.32648751994084
287    68.26350351325567
291    68.19994225172627
295    68.13577856099204
299    68.07087260641563
303    68.00502057568275
307    67.93801912020908
312    67.85245270952318
317    67.76475709205344
322    67.67478764084579
327    67.58239243731539
332    67.48761489523635
337    67.39080984727545
342    67.29257083798777
347    67.193875408136
352    67.09646447100565
357    67.00301165502663
362    66.91706308478751
367    66.84300317491633
372    66.78586017015556
377    66.75071715407168
383    66.74371172016986
389    66.77969673836233
395    66.85914333330487
401    66.97767650278308
407    67.12612897775377
413    67.29198358550696
419    67.46145249169282
425    67.62165545173448
431    67.76253860980458
437    67.87818871836063
443    67.9672020341655
449    68.03166400447236
456    68.08098552278557
463    68.10890008051092
470    68.12131745058323
477    68.12230822977929
484    68.11432356517263
491    68.09941901192889
498    68.08038191994562
505    68.0606534796136
512    68.04427757984253
519    68.03555372169805
527    68.03901797575958
535    68.05813217625527
543    68.09111530105915
551    68.1345285940034
559    68.18401334248381
567    68.23437791385334
575    68.28136681487082
583    68.32229632226498
592    68.35896856119797
601    68.38423728113726
610    68.39805755451974
619    68.40159939609052
628    68.39634494233098
637    68.38421612570629
646    68.36727383252406
655    68.34703891556154
665    68.32198708565355
675    68.29558458221814
685    68.26905772386468
695    68.24315446965385
705    68.21844067530563
715    68.19552175895774
725    68.17493145059888
736    68.15545864967231
747    68.13961371582712
758    68.12736501054094
769    68.11850886601466
780    68.11281967508847
791    68.10991321552322
803    68.10931568945985
815    68.11103229697258
827    68.11511183784876
839    68.12172878726787
851    68.13132197125518
863    68.14478888582192
876    68.16480949437185
889    68.19114004302742
902    68.22367092355168
915    68.26160104934482
928    68.30386001780167
942    68.353486535407
956    68.40722090415014
970    68.46488161858912
984    68.52612686263991
998    68.59056889684715
1010    68.64800451827506
1020    68.69721294519672
1030    68.74752824503585
1050    68.8510572514135
1070    68.9575265683888
1090    69.06606875514618
1110    69.17635439721141
1130    69.28861517113745
1150    69.40367158573056
1170    69.52227311975831
1190    69.64454873111421
1210    69.77011078125946
1230    69.8984629293625
1250    70.0288446644943
1270    70.1605276575448
1290    70.29288960914289
1310    70.42519077601054
1330    70.5568089699986
1350    70.68758508641544
1370    70.81782666305082
1390    70.94800671987274
1410    71.07869363237027
1430    71.21060262547948
1450    71.34462833506844
1470    71.48146659088552
1490    71.62118787860425
1510    71.76355411799793
1530    71.90825750615721
1550    72.0549716549113
1570    72.20336505300926
1590    72.35309626711384
1610    72.50363817220996
1630    72.65418742493497
1650    72.80381463829264
1670    72.95163706957925
1690    73.09674943219744
1710    73.238348901129
1730    73.37547265776297
1760    73.56941550526778
1790    73.74346373767062
1820    73.8910174701696
1850    74.00554562030746
1880    74.08114002175839
1910    74.1141697079832
1940    74.10247623455957
1970    74.04512870295171
2000    73.9423146299793
2030    73.79570346207049
2060    73.61016349550542
2090    73.39283002834021
2120    73.15156332196406
2150    72.8939510412702
2180    72.62674484275286
2210    72.35545808104982
2240    72.08578862461454
2270    71.82356773402594
2300    71.57350156732485
2330    71.33915986786786
2360    71.12335440035918
2390    70.92856300331746
2420    70.7562318764403
2460    70.5643548482123
2500    70.41849380490243
2540    70.32082109870127
2580    70.27034233634296
2620    70.267126617755
2660    70.31015509839457
2700    70.39535187198695
2740    70.52013685109986
2780    70.6805768470111
2820    70.8724255040081
2860    71.09114449363754
2900    71.33302450327994
2940    71.59300118408228
2980    71.86396168104417
3020    72.13949176461092
3060    72.41339258509271
3100    72.67827759785546
3150    72.98326388231516
3200    73.23921051805685
3250    73.42546834425555
3300    73.52626187198445
3350    73.5326012440778
3400    73.44173311387019
3450    73.25819722831505
3500    72.99348566283615
3550    72.66185288237685
3600    72.27825689830604
3650    71.8572997202823
3700    71.41293613520278
3750    70.95696858987941
3800    70.49747523515549
3860    69.94806218796708
3920    69.40645403414561
3980    68.87712919436899
4040    68.36705905697013
4100    67.88701546511152
4160    67.45667338490927
4220    67.09990664490175
4280    66.8316712254114
4340    66.65428581235267
4400    66.55332052513324
4460    66.5238324338485
4520    66.59597579735589
4590    66.86183388680291
4660    67.32688035693222
4730    67.93559341802538
4800    68.58405346849585
4870    69.18570745527913
4940    69.69597768903594
5010    70.12238824836284
5080    70.49916223360039
5150    70.85983569060556
5220    71.23250720908567
5300    71.69834942270785
5380    72.22997247069631
5460    72.8440536725889
5540    73.54166216845388
5620    74.3154561270839
5700    75.15369732709308
5780    76.033107120645
5860    76.8922418783395
5950    77.73513240890696
6040    78.3116360778002
6130    78.4588296142937
6220    78.06577556008837
6310    77.19477240403717
6400    76.3616011384835
6490    76.13745686832463
6580    76.08008823674768
6680    75.7761106185192
6780    75.33623492653436
6880    74.94114383186131
6980    74.61133948150945
7080    74.27583524337814
7180    73.95960645387643
7280    73.86379982537241
7390    73.83611020305699
7500    73.56150254833496
7610    73.0904358892578
7720    72.55761142856655
7830    72.0293703691249
7940    71.54357537790497
8060    71.1031003730204
8180    70.7850662920856
8300    70.5977441233597
8420    70.54046644370995
8540    70.60295815433102
8660    70.75746245148335
8790    70.97349648569609
8920    71.15284847299404
9050    71.20309620292372
9180    71.0207578886656
9310    70.58751359055671
9450    69.90211821622057
9590    69.1145004859267
9730    68.35998713316016
9870    67.76171567762381
10010    67.41429977059732
10160    67.33049417730572
10310    67.50370749454618
10460    67.89204867148942
10610    68.43379099940184
10760    69.05707931340254
10920    69.66597146341076
11080    70.06693799116232
11240    70.15494730919042
11400    69.98467320331387
11570    69.6348544291984
11740    69.28516753562057
11910    69.06819010166937
12080    68.95896304207263
12260    69.07402598820363
12440    69.36082131283689
12620    69.69343598761807
12800    69.70064986034504
12990    68.8620034445764
13180    67.76767342965135
13370    66.0812469942936
13560    64.30983858083613
13760    62.60677678157397
13960    61.16731825907254
14160    60.04953074617012
14370    59.09456191784165
14580    58.46897653372402
14790    58.09991813888155
15010    57.98696482079109
15230    58.142802700805866
15450    58.44442814162983
15670    58.650565668510346
15900    58.41040932944544
16130    57.45880648072761
16360    56.070477781525966
16600    54.51296336468302
16840    52.940857273807055
17080    51.59599887623382
17330    50.73769893298632
17580    50.434335778247124
17840    50.255944282663975
18100    50.40229797812268
18360    52.642680711067726
18630    55.05922981630528
18900    53.7807686466043
19170    50.78223453848706
19450    47.223169375133324
19730    45.13883809982431
20000    44.98086033819327
