20    67.699403515639
20.3    67.7018423201906
20.6    67.70358087450373
20.9    67.7038868698065
21.2    67.70229574319326
21.5    67.69890404848118
21.8    67.69440141066056
22.1    67.68983720018937
22.4    67.68625213472535
22.7    67.68432772152988
23    67.68420185389905
23.3    67.68549602289627
23.6    67.68750767424729
23.9    67.68946988531064
24.2    67.69077577428119
24.6    67.69097370570769
25    67.68932530482668
25.4    67.68602522058481
25.8    67.6812826934614
26.2    67.67523627322075
26.6    67.66805921811941
27    67.66006612550049
27.4    67.65168905772501
27.8    67.64333385298742
28.2    67.6352429564852
28.6    67.6274821882109
29    67.62004197925381
29.4    67.61294017689269
29.8    67.60624811270144
30.2    67.6000257946732
30.6    67.5942423955967
31    67.58875386054656
31.5    67.58198213069616
32    67.57493393251201
32.5    67.56731796753226
33    67.55893768248421
33.5    67.54964604340813
34    67.53937354912142
34.5    67.5281991558082
35    67.51635449435702
35.5    67.50411654434126
36    67.49168875309721
36.5    67.4791699095462
37    67.46660383466093
37.5    67.45402886418391
38    67.4414821514789
38.6    67.42648798400992
39.2    67.41154423900649
39.8    67.39659789529401
40.4    67.38159731024408
41    67.36651554873531
41.6    67.35133168890496
42.2    67.33599514322003
42.8    67.32043233595178
43.4    67.30459845450304
44    67.2885154344969
44.6    67.272276555908
45.2    67.2560267821788
45.9    67.23727338118499
46.6    67.21893940416305
47.3    67.201089314728
48    67.18359929269145
48.7    67.16619399375138
49.4    67.148535497504
50.1    67.13032962570914
50.8    67.11140129291978
51.5    67.09169594765973
52.2    67.07125686720696
53    67.04719612186946
53.8    67.02274758689907
54.6    66.99834262479087
55.4    66.97439639141854
56.2    66.95123257837784
57    66.92892942752314
57.8    66.90726252391505
58.6    66.88587326823387
59.5    66.86175031489428
60.4    66.83723448735145
61.3    66.81209901624189
62.2    66.78627139094212
63.1    66.75978578615181
64    66.73271473133386
64.9    66.70514312777497
65.8    66.67715794238387
66.8    66.64568013225167
67.8    66.61391217386597
68.8    66.58196543484806
69.8    66.54992643356849
70.8    66.51788227238751
71.8    66.48594383015318
72.8    66.45422294258476
73.9    66.41966854897618
75    66.38546802084267
76.1    66.35151423717744
77.2    66.31764088000811
78.3    66.28365428296094
79.4    66.24941078720099
80.6    66.2117297003271
81.8    66.17371486177129
83    66.13530409523582
84.2    66.09640381263645
85.4    66.05691358141424
86.6    66.0167714774062
87.9    65.97258973459756
89.2    65.92775893348724
90.5    65.882528373989
91.8    65.83749322001938
93.1    65.7931029613641
94.5    65.74595821709607
95.9    65.69915752848134
97.3    65.6524075446446
98.7    65.60555219996942
100    65.56194216441259
102    65.49475722141617
104    65.4274771561966
106    65.36011049766589
108    65.29301626525145
110    65.22662903005744
112    65.16122799211098
114    65.09705879590881
116    65.03428511942725
118    64.97287804325296
120    64.91259102504613
122    64.85307258622515
124    64.79398803580449
126    64.73510418231533
128    64.67638826776307
130    64.61798182140683
132    64.56005744866825
134    64.50276832863563
136    64.44624465653175
138    64.39056423898366
140    64.33565782006418
142    64.28129978369982
144    64.22712016703183
146    64.17263031681702
148    64.1173675959717
150    64.06102882070822
152    64.00346805569464
154    63.94466112288409
156    63.88468680760677
158    63.823701465940964
160    63.76192303961627
162    63.699599977054035
164    63.63690072385565
166    63.5738922924416
168    63.51059626003186
170    63.44679133070997
173    63.349459333930525
176    63.25028590354198
179    63.150508442347615
182    63.05210482421867
185    62.95721410188668
188    62.8680877010134
191    62.78774888727361
194    62.71997569679199
197    62.66855817368918
200    62.636560638974956
203    62.625602162411
206    62.63526713104517
209    62.66297965459615
212    62.70423780470834
215    62.75314871784502
218    62.80326219340594
221    62.84848968665629
224    62.88382490380113
227    62.9057694957033
230    62.91250595326909
233    62.90383197847945
236    62.88085870735827
239    62.845607008199444
243    62.78381371413129
247    62.71056769261489
251    62.63111477334475
255    62.54957526910266
259    62.468864303527766
263    62.39082678389061
267    62.31645740747401
271    62.24613256884243
275    62.17977821612015
279    62.11673375214739
283    62.05571095088441
287    61.99536473584617
291    61.9347447263197
295    61.873227194804784
299    61.810449788348144
303    61.746282414536125
307    61.68072816279371
312    61.59699325792148
317    61.51157877226496
322    61.42497492652462
327    61.337686353502626
332    61.250345269388944
337    61.16371332617082
342    61.078476096513086
347    60.995009883522
352    60.91342880741492
357    60.83384144543036
362    60.756608556883265
367    60.68253514315071
372    60.612919926065885
377    60.54944692524984
383    60.483940682287084
389    60.43268147299993
395    60.397591669147694
401    60.379423663865694
407    60.377615852266686
413    60.39027594124528
419    60.41450217935408
425    60.44702780368794
431    60.48492614970104
437    60.5261839445095
443    60.56998425115076
449    60.61659998774583
456    60.67572190146011
463    60.7411384702796
470    60.812873772339586
477    60.88923277545503
484    60.967296811305204
491    61.04396274463884
498    61.1168969899189
505    61.18518610808718
512    61.24946507377336
519    61.31147742599546
527    61.3822985013677
535    61.45549695542945
543    61.53216481698988
551    61.61200810584437
559    61.69409560335707
567    61.7775814810239
575    61.86189620240272
583    61.946669438018446
592    62.04232768485092
601    62.13823546499906
610    62.23425938337672
619    62.3297381570505
628    62.42347298555844
637    62.51409319263717
646    62.600499339177595
655    62.68216503888442
665    62.76750616218115
675    62.84804385635063
685    62.925247231662595
695    63.000969419547275
705    63.07707844871386
715    63.155194474173626
725    63.2365615989486
736    63.33077139579059
747    63.43035733139905
758    63.53529391490697
769    63.645160379554106
780    63.759240393253926
791    63.876838188541726
803    64.00862475758623
815    64.14361452958462
827    64.28112475960185
839    64.42028463105407
851    64.56018551121416
863    64.70012702320517
876    64.85132348467279
889    65.00187580828091
902    65.15164466270376
915    65.30052831321473
928    65.44849483566804
942    65.60684995812653
956    65.76419989207119
970    65.92052797889745
984    66.07578876520178
998    66.22984858373134
1010    66.36087318496953
1020    66.46931642536538
1030    66.57703237667337
1050    66.78982436566872
1070    66.99824293909899
1090    67.20152761133099
1110    67.39928618723691
1130    67.59170682405794
1150    67.77897322094216
1170    67.9606480421779
1190    68.13595955095941
1210    68.30417094156101
1230    68.4648160460523
1250    68.61793390243426
1270    68.7645581025495
1290    68.9063863797995
1310    69.04468684624551
1330    69.17966725770236
1350    69.3111181244418
1370    69.43886526910242
1390    69.56248062179105
1410    69.68145519288309
1430    69.79544983666817
1450    69.90440234590599
1470    70.00857905893584
1490    70.1084359989512
1510    70.20448525669325
1530    70.29718699258068
1550    70.38685164697763
1570    70.47363191280978
1590    70.55750020098245
1610    70.63821205816438
1630    70.7156117616055
1650    70.78975512428957
1670    70.8608462539562
1690    70.92911780922012
1710    70.99474370831786
1730    71.0578541151724
1760    71.14813602940335
1790    71.23334248580674
1820    71.31309744101034
1850    71.38630352925944
1880    71.45192458185896
1910    71.50930203640078
1940    71.55802269078137
1970    71.59810113283046
2000    71.62985029386742
2030    71.65378040115723
2060    71.67035931016878
2090    71.68020570479285
2120    71.68381278380333
2150    71.68146603103057
2180    71.67343716190142
2210    71.66025747227678
2240    71.64257252024855
2270    71.62058999170696
2300    71.59415729955938
2330    71.56290091089375
2360    71.52664748729876
2390    71.48594481319532
2420    71.4420794508189
2460    71.3808876360392
2500    71.31748470728749
2540    71.25055276040311
2580    71.17833456100757
2620    71.09978209501276
2660    71.01439003643306
2700    70.92267585436171
2740    70.82620703741583
2780    70.72687468115231
2820    70.62678545400195
2860    70.52795041207388
2900    70.4322379104764
2940    70.3415883016652
2980    70.25770857468308
3020    70.18154583968439
3060    70.11342921013072
3100    70.05357534600432
3150    69.99059517274995
3200    69.94059730763078
3250    69.90436791227378
3300    69.88443026640189
3350    69.88307671089134
3400    69.9010837713817
3450    69.93812720285985
3500    69.99418866021529
3550    70.06983643316909
3600    70.16512911569876
3650    70.27906400559611
3700    70.41024183801292
3750    70.55767282792132
3800    70.72015234801879
3860    70.93157983677807
3920    71.15429134470511
3980    71.37836718565666
4040    71.59052019400578
4100    71.77140706714701
4160    71.89537709276203
4220    71.93457830506475
4280    71.8700502931755
4340    71.70675212475146
4400    71.4776264543075
4460    71.22470615247103
4520    70.96998091125226
4590    70.65707108832456
4660    70.29125488757444
4730    69.85425528872742
4800    69.35647498051145
4870    68.82164213453787
4940    68.27346593649364
5010    67.7310064726517
5080    67.20803390235571
5150    66.71400128165811
5220    66.25689014682902
5300    65.78962768637642
5380    65.3878937433615
5460    65.05479199303053
5540    64.79352346996095
5620    64.60787085581754
5700    64.50184108954565
5780    64.47937854276307
5860    64.5439212901807
5950    64.7242698953244
6040    65.02019123120627
6130    65.4259948974244
6220    65.91486293960799
6310    66.42334753336922
6400    66.848347315303
6490    67.07217814753334
6580    67.01293051293098
6680    66.61958204550147
6780    66.003125770405
6880    65.32976711482796
6980    64.7315699855655
7080    64.2789934411284
7180    63.995974420734015
7280    63.88232241365586
7390    63.93867587968924
7500    64.16228827198837
7610    64.53065602564837
7720    65.01998006404784
7830    65.60173543082716
7940    66.23970770079865
8060    66.9441437992707
8180    67.58434313555045
8300    68.08260267143567
8420    68.37824323138534
8540    68.45009214020308
8660    68.3204286321834
8790    68.01654317995097
8920    67.63199043514595
9050    67.25554443889345
9180    66.96129983726628
9310    66.79416691789744
9450    66.77317252022875
9590    66.90742956129853
9730    67.14913639862124
9870    67.38971967127347
10010    67.4560235294548
10160    67.12101063700999
10310    66.25176417883836
10460    64.94369272993445
10610    63.47823819887799
10760    62.163267004729136
10920    61.08162827050538
11080    60.31103562682924
11240    59.865917965390146
11400    59.797162741627744
11570    60.08633897658945
11740    60.562038779211875
11910    61.033971222266885
12080    61.40457863579199
12260    61.691614584868745
12440    61.94457099692258
12620    62.24451101088523
12800    62.64186470968703
12990    63.17002479493374
13180    63.73477635932491
13370    64.18354921447354
13560    64.34970512608291
13760    64.10607646893027
13960    63.47985891178032
14160    62.675284533314496
14370    61.870187280145345
14580    61.2653116605969
14790    60.946694977487596
15010    60.90361081320856
15230    61.10105101126483
15450    61.61760353464402
15670    62.38857724010891
15900    62.733148568654904
16130    61.52744903751504
16360    58.59446534762637
16600    55.0158430387848
16840    51.740008200794634
17080    48.56855932227789
17330    45.66895526144032
17580    43.2722729291592
17840    41.19402462784834
18100    39.41540599262467
18360    37.8425891812369
18630    36.31817153234205
18900    34.71670191685379
19170    33.23673722666891
19450    33.673619631558964
19730    36.55532381389546
20000    38.60250200377246
