
Frequency	dB	Unweighted
20	66.8
20.3	66.8
20.6	66.8
20.9	66.8
21.2	66.8
21.5	66.8
21.8	66.8
22.1	66.8
22.4	66.8
22.7	66.8
23	66.8
23.3	66.8
23.6	66.75
23.9	66.7
24.2	66.7
24.6	66.7
25	66.7
25.4	66.65
25.8	66.65
26.6	66.6
27	66.55
27.4	66.55
27.8	66.55
28.2	66.5
28.6	66.45
29	66.45
29.4	66.45
29.8	66.45
30.2	66.35
31	66.35
31.5	66.3
32	66.25
32.5	66.25
33	66.2
33.5	66.15
34	66.1
34.5	66.1
35.5	66.0
36	66.0
36.5	65.9
37	65.9
37.5	65.9
38	65.8
38.6	65.8
39.2	65.7
39.8	65.7
40.4	65.65
41.6	65.55000000000001
42.8	65.44999999999999
43.4	65.35
44	65.35
44.6	65.25
45.9	65.15
46.6	65.1
47.3	65.05000000000001
48	64.94999999999999
49.4	64.80000000000001
50.1	64.75
50.8	64.69999999999999
51.5	64.65
52.2	64.55
53	64.45
53.8	64.35
54.6	64.3
55.4	64.2
56.2	64.1
57	64.05
58.6	63.849999999999994
59.5	63.8
60.4	63.7
61.3	63.6
62.2	63.55
63.1	63.45
64	63.400000000000006
64.9	63.3
65.8	63.2
66.8	63.05
67.8	62.95
68.8	62.8
69.8	62.7
70.8	62.599999999999994
71.8	62.45
72.8	62.400000000000006
73.9	62.3
75	62.25
76.1	62.25
77.2	62.2
78.3	62.2
79.4	62.2
80.6	62.25
81.8	62.25
83	62.3
84.2	62.4
85.4	62.5
86.6	62.7
87.9	62.900000000000006
89.2	63.099999999999994
90.5	63.25
91.8	63.4
93.1	63.5
94.5	63.599999999999994
95.9	63.65
97.3	63.7
98.7	63.65
100	63.6
102	63.5
104	63.4
106	63.3
108	63.2
110	63.1
112	63.0
114	62.9
116	62.8
118	62.7
120	62.650000000000006
122	62.5
124	62.4
126	62.3
128	62.2
130	62.1
132	62.05
134	61.95
136	61.849999999999994
138	61.75
140	61.7
142	61.6
148	61.4
150	61.3
152	61.2
154	61.1
156	61.05
158	61.0
160	60.9
162	60.849999999999994
168	60.849999999999994
170	60.849999999999994
173	60.849999999999994
176	60.849999999999994
179	60.849999999999994
182	60.849999999999994
185	60.8
188	60.8
191	60.7
194	60.650000000000006
197	60.55
200	60.45
203	60.4
206	60.3
212	60.1
215	60.0
221	59.9
227	59.75
230	59.7
239	59.45
243	59.35
255	59.15
259	59.05
271	58.8
275	58.7
279	58.599999999999994
287	58.5
291	58.400000000000006
299	58.25
303	58.2
312	58.0
317	57.95
322	57.85
327	57.75
332	57.65
337	57.55
342	57.5
347	57.400000000000006
352	57.3
357	57.3
362	57.2
367	57.15
372	57.15
377	57.15
383	57.15
389	57.2
395	57.3
401	57.349999999999994
407	57.5
413	57.650000000000006
419	57.7
425	57.85
437	58.05
443	58.099999999999994
449	58.15
456	58.25
463	58.35
470	58.35
477	58.4
484	58.45
491	58.5
498	58.5
505	58.55
512	58.55
519	58.6
527	58.650000000000006
535	58.7
543	58.8
551	58.8
559	58.9
567	58.95
575	59.05
592	59.2
601	59.2
610	59.3
628	59.4
637	59.45
646	59.5
655	59.5
665	59.6
675	59.650000000000006
685	59.7
695	59.7
705	59.75
715	59.8
725	59.8
736	59.900000000000006
747	59.95
758	59.95
769	60.05
780	60.099999999999994
791	60.2
803	60.25
815	60.35
827	60.35
839	60.45
851	60.55
863	60.599999999999994
876	60.7
889	60.75
902	60.8
915	60.900000000000006
942	61.15
956	61.2
970	61.3
984	61.4
998	61.5
1010	61.6
1020	61.7
1030	61.8
1050	61.9
1070	62.1
1090	62.2
1110	62.4
1130	62.5
1150	62.7
1190	63.0
1210	63.15
1230	63.3
1250	63.5
1270	63.6
1290	63.8
1310	64.0
1330	64.1
1350	64.30000000000001
1390	64.6
1410	64.75
1430	64.85
1450	65.0
1490	65.25
1510	65.35
1530	65.5
1550	65.65
1570	65.75
1590	65.85
1610	65.94999999999999
1630	66.1
1670	66.3
1690	66.44999999999999
1710	66.55000000000001
1730	66.65
1760	66.85
1790	66.94999999999999
1820	67.15
1850	67.30000000000001
1880	67.44999999999999
1910	67.6
1940	67.80000000000001
1970	67.9
2000	68.0
2030	68.19999999999999
2060	68.30000000000001
2120	68.55
2180	68.80000000000001
2210	68.9
2240	69.0
2300	69.15
2330	69.25
2360	69.35
2390	69.45
2420	69.45
2460	69.55
2500	69.6
2540	69.65
2580	69.7
2620	69.7
2660	69.7
2700	69.7
2740	69.7
2780	69.65
2860	69.55
2900	69.55
3100	69.4
3250	69.4
3300	69.4
3350	69.35
3400	69.3
3450	69.3
3500	69.25
3550	69.2
3650	69.15
3700	69.1
3750	69.1
3800	69.05
3860	69.05
3920	69.1
3980	69.15
4040	69.2
4100	69.2
4160	69.3
4220	69.35
4280	69.4
4340	69.45
4400	69.5
4460	69.5
4520	69.5
4590	69.4
4660	69.3
4730	69.15
4800	69.0
4940	68.6
5080	68.19999999999999
5150	68.0
5220	67.75
5300	67.5
5460	67.05000000000001
5540	66.8
5620	66.6
5700	66.44999999999999
5780	66.25
5860	66.1
5950	65.9
6040	65.75
6130	65.65
6220	65.55
6310	65.5
6400	65.44999999999999
6490	65.44999999999999
6580	65.5
6680	65.55000000000001
6780	65.65
6880	65.69999999999999
6980	65.8
7080	65.85
7280	65.80000000000001
7610	65.35
7720	65.1
7830	64.8
7940	64.4
8060	63.849999999999994
8180	63.3
8300	62.7
8420	62.05
8540	61.45
8660	60.85
8790	60.25
8920	59.65
9050	59.099999999999994
9180	58.6
9310	58.25
9590	57.5
9730	57.25
9870	57.05
10010	56.95
10160	57.0
10310	57.099999999999994
10920	58.8
11240	60.599999999999994
11400	61.900000000000006
11570	63.45
11740	65.0
11910	66.35
12080	67.1
12260	67.19999999999999
12440	66.6
12620	65.65
12800	64.65
13180	62.95
13760	62.650000000000006
13960	63.15
14160	64.0
14370	64.95
14580	65.65
14790	65.8
15010	65.05
15230	63.599999999999994
15450	61.8
15670	60.05
15900	58.5
16130	57.3
16360	56.5
16600	56.099999999999994
16840	56.0
17080	56.1
17330	55.8
17580	53.7
17840	52.1
18100	53.2
18360	53.9
18630	53.95
18900	53.599999999999994
19170	52.900000000000006
19450	51.2
19730	48.45
20000	46.25
