
Frequency	dB	Unweighted
20	68.9
20.3	68.85
20.6	68.80000000000001
20.9	68.80000000000001
21.2	68.75
21.5	68.69999999999999
21.8	68.69999999999999
22.1	68.6
22.4	68.6
22.7	68.55000000000001
23	68.5
23.3	68.44999999999999
23.6	68.4
23.9	68.35
24.2	68.30000000000001
24.6	68.25
25	68.19999999999999
25.4	68.15
25.8	68.1
26.2	68.05000000000001
26.6	67.94999999999999
27	67.94999999999999
27.4	67.85
27.8	67.85
28.2	67.75
28.6	67.7
29	67.65
29.4	67.55000000000001
29.8	67.55000000000001
30.2	67.44999999999999
30.6	67.4
31	67.35
31.5	67.3
32	67.2
32.5	67.15
33	67.1
33.5	67.0
34	66.94999999999999
34.5	66.9
35	66.8
35.5	66.7
36	66.7
36.5	66.6
37	66.5
37.5	66.5
38	66.4
38.6	66.35
39.2	66.3
39.8	66.2
40.4	66.1
41	66.05
41.6	66.0
42.2	65.9
42.8	65.8
43.4	65.75
44	65.7
44.6	65.6
45.2	65.5
45.9	65.45
46.6	65.35
47.3	65.3
48	65.2
48.7	65.1
49.4	65.05
50.1	65.0
50.8	64.9
51.5	64.8
52.2	64.75
53	64.7
53.8	64.6
54.6	64.5
55.4	64.4
56.2	64.35
57	64.25
57.8	64.2
58.6	64.1
59.5	64.0
60.4	63.9
61.3	63.849999999999994
62.2	63.75
63.1	63.65
64	63.55
64.9	63.45
65.8	63.400000000000006
66.8	63.3
67.8	63.2
68.8	63.099999999999994
69.8	63.0
70.8	62.900000000000006
71.8	62.8
72.8	62.75
73.9	62.65
75	62.55
76.1	62.45
77.2	62.400000000000006
78.3	62.3
79.4	62.2
80.6	62.099999999999994
81.8	62.0
83	61.900000000000006
84.2	61.8
85.4	61.7
86.6	61.599999999999994
87.9	61.5
89.2	61.400000000000006
90.5	61.3
91.8	61.2
93.1	61.099999999999994
94.5	61.0
95.9	60.900000000000006
97.3	60.85
98.7	60.75
100	60.65
102	60.5
104	60.4
106	60.3
108	60.2
110	60.1
112	59.95
114	59.849999999999994
116	59.8
118	59.650000000000006
120	59.6
122	59.599999999999994
124	59.55
126	59.55
128	59.6
130	59.6
132	59.6
134	59.599999999999994
136	59.55
138	59.5
140	59.5
142	59.45
144	59.400000000000006
146	59.400000000000006
148	59.35
150	59.3
152	59.25
154	59.25
156	59.3
158	59.3
160	59.3
162	59.3
164	59.3
166	59.3
168	59.3
170	59.25
173	59.3
176	59.25
179	59.2
182	59.099999999999994
185	59.099999999999994
188	59.05
191	59.0
194	58.900000000000006
197	58.85
200	58.8
203	58.75
206	58.7
209	58.599999999999994
212	58.599999999999994
215	58.5
218	58.5
221	58.45
224	58.400000000000006
227	58.35
230	58.35
233	58.3
236	58.25
239	58.25
243	58.25
247	58.15
251	58.15
255	58.15
259	58.099999999999994
263	58.099999999999994
267	58.0
271	58.0
275	57.95
283	57.85
287	57.85
291	57.85
295	57.75
303	57.7
307	57.65
312	57.599999999999994
317	57.55
322	57.55
327	57.5
332	57.45
337	57.400000000000006
342	57.35
347	57.3
352	57.3
357	57.25
362	57.25
367	57.25
372	57.2
377	57.2
383	57.2
389	57.25
395	57.3
401	57.349999999999994
407	57.45
413	57.5
419	57.6
425	57.7
431	57.8
437	57.9
443	58.0
449	58.05
456	58.150000000000006
463	58.25
470	58.3
477	58.4
484	58.5
491	58.6
498	58.7
505	58.8
512	58.8
519	58.9
527	59.05
535	59.150000000000006
543	59.25
551	59.4
559	59.5
567	59.65
575	59.75
583	59.85
592	60.0
601	60.05
610	60.15
619	60.2
628	60.3
637	60.400000000000006
646	60.400000000000006
655	60.45
665	60.55
675	60.55
685	60.6
695	60.7
705	60.7
715	60.75
725	60.8
736	60.849999999999994
747	60.849999999999994
758	60.95
769	60.95
780	61.05
791	61.1
803	61.150000000000006
815	61.2
827	61.3
839	61.35
851	61.45
863	61.5
876	61.55
889	61.65
902	61.7
915	61.8
928	61.900000000000006
942	61.95
956	62.05
970	62.15
984	62.25
998	62.35
1010	62.400000000000006
1020	62.5
1030	62.599999999999994
1050	62.7
1070	62.85
1090	63.0
1110	63.15
1130	63.3
1150	63.4
1170	63.6
1190	63.699999999999996
1210	63.8
1230	63.95
1250	64.05
1270	64.15
1290	64.25
1310	64.35
1330	64.45
1370	64.65
1410	64.85
1430	64.95
1450	65.05
1470	65.15
1490	65.25
1510	65.35
1530	65.45
1550	65.5
1570	65.6
1590	65.69999999999999
1610	65.75
1630	65.80000000000001
1650	65.9
1670	66.0
1690	66.05000000000001
1710	66.1
1730	66.19999999999999
1760	66.30000000000001
1790	66.4
1820	66.5
1850	66.65
1880	66.75
1910	66.85
1940	66.94999999999999
1970	67.0
2000	67.1
2030	67.2
2060	67.35
2090	67.44999999999999
2120	67.55000000000001
2150	67.7
2180	67.8
2210	67.9
2240	68.1
2270	68.2
2300	68.4
2330	68.5
2360	68.65
2390	68.8
2420	68.9
2460	69.05
2500	69.15
2540	69.3
2580	69.4
2620	69.5
2660	69.5
2700	69.55000000000001
2740	69.55000000000001
2780	69.65
2820	69.65
2860	69.6
2900	69.6
2940	69.6
2980	69.6
3020	69.55
3060	69.5
3100	69.45
3150	69.35
3200	69.30000000000001
3250	69.19999999999999
3300	69.1
3350	69.0
3400	68.85
3450	68.75
3500	68.65
3550	68.55
3600	68.45
3650	68.30000000000001
3700	68.2
3750	68.1
3800	68.0
3860	67.9
3920	67.8
3980	67.8
4040	67.7
4100	67.7
4160	67.6
4220	67.6
4280	67.6
4340	67.6
4520	67.6
4590	67.6
4660	67.6
4730	67.65
4800	67.65
4870	67.65
4940	67.65
5010	67.65
5080	67.65
5150	67.55
5220	67.55
5300	67.5
5380	67.45
5460	67.4
5540	67.30000000000001
5700	67.19999999999999
5780	67.1
5860	66.94999999999999
5950	66.80000000000001
6040	66.69999999999999
6130	66.5
6220	66.3
6310	66.1
6400	65.9
6490	65.65
6580	65.4
6680	65.19999999999999
6780	65.1
6880	65.0
6980	65.0
7080	64.95
7180	64.95
7280	64.95
7390	64.8
7500	64.65
7610	64.4
7720	64.05
7830	63.7
7940	63.25
8060	62.75
8180	62.2
8300	61.599999999999994
8420	61.0
8540	60.650000000000006
8660	60.7
8790	61.25
9050	61.0
9180	60.55
9310	60.3
9450	60.3
9590	60.45
9730	60.75
9870	61.15
10010	61.55
10160	62.05
10310	62.5
10460	62.75
10610	62.9
10760	62.900000000000006
10920	62.75
11080	62.55
11240	62.25
11400	61.95
11570	61.75
11740	61.6
11910	61.599999999999994
12080	61.65
12260	61.85
12440	62.2
12620	62.7
12800	63.349999999999994
12990	64.15
13180	64.95
13370	65.8
13560	66.44999999999999
13760	67.0
13960	67.2
14160	67.05
14370	66.69999999999999
14580	65.95
14790	65.05
15010	63.95
15230	62.75
15450	61.45
15670	60.05
15900	58.45
16130	56.75
16360	55.45
16600	54.9
16840	55.099999999999994
17080	55.900000000000006
17330	57.1
17580	58.349999999999994
17840	59.6
18100	60.85
18360	61.849999999999994
18630	62.2
18900	61.599999999999994
19170	60.150000000000006
19450	57.95
19730	55.65
20000	55.4
