20    73.66357922168424
20.3    73.66449005920882
20.6    73.66516045473193
20.9    73.66531990205658
21.2    73.66470871789275
21.5    73.66311953912864
21.8    73.66040726430546
22.1    73.65647654472312
22.4    73.65126537997168
22.7    73.6447200558714
23    73.63677629606947
23.3    73.62735255299576
23.6    73.61636011660921
23.9    73.60372518247378
24.2    73.58942153251436
24.6    73.56784715964164
25    73.54373722416017
25.4    73.51770116621194
25.8    73.4906320610047
26.2    73.46367004558348
26.6    73.43813126212302
27    73.41539825443692
27.4    73.39673750798616
27.8    73.38306732873446
28.2    73.37472653948342
28.6    73.37131699374234
29    73.37171040779728
29.4    73.37421380894193
29.8    73.37687802057872
30.2    73.3778599214832
30.6    73.37570004166525
31    73.36947516186835
31.5    73.35546627105276
32    73.33479209974277
32.5    73.30840235873873
33    73.27773882998474
33.5    73.24448146008669
34    73.2102755865856
34.5    73.17647291451715
35    73.14397124223257
35.5    73.11319036425427
36    73.08413733388564
36.5    73.0565078111027
37    73.02977161029452
37.5    73.0032607474485
38    72.97627842684616
38.6    72.94241567919877
39.2    72.90618361774624
39.8    72.86710647045498
40.4    72.82502199062036
41    72.7800362750976
41.6    72.73245215493779
42.2    72.68271014220664
42.8    72.63136702981711
43.4    72.57909902950391
44    72.5266857655179
44.6    72.47495349708701
45.2    72.42470809440013
45.9    72.36894018480547
46.6    72.31717691265015
47.3    72.27014660590784
48    72.22817690165186
48.7    72.19108388730221
49.4    72.15815660032658
50.1    72.12819065040208
50.8    72.099576715995
51.5    72.07058866278416
52.2    72.03976563441097
53    72.00110332559731
53.8    71.95820418548773
54.6    71.9110431220875
55.4    71.85994264671444
56.2    71.80538935140439
57    71.74795891301065
57.8    71.68825831692291
58.6    71.62683779951067
59.5    71.55622014209574
60.4    71.48443132411971
61.3    71.41181788679756
62.2    71.33864754442541
63.1    71.2651278212895
64    71.19144308048936
64.9    71.11778543813637
65.8    71.04436521345644
66.8    70.9633422884582
67.8    70.88322187333452
68.8    70.80430113637128
69.8    70.72682001293971
70.8    70.65093324062391
71.8    70.57664460326484
72.8    70.50373410766763
73.9    70.42462032189842
75    70.34596437893953
76.1    70.2669969532174
77.2    70.1869698473756
78.3    70.10535206004482
79.4    70.02189639702046
80.6    69.92876919592834
81.8    69.83375156510728
83    69.73736289946932
84.2    69.640229251699
85.4    69.54291049062554
86.6    69.4457719275782
87.9    69.34091103631026
89.2    69.23644259374443
90.5    69.13226102153378
91.8    69.02813347418804
93.1    68.92370457386326
94.5    68.81045214138419
95.9    68.69609454547464
97.3    68.58090534792392
98.7    68.46594642761181
100    68.36101273221077
102    68.20759786097301
104    68.07042879516513
106    67.95499781781244
108    67.8630665444288
110    67.79243025571733
112    67.73867061925449
114    67.6975570689721
116    67.66736580975851
118    67.65043597105844
120    67.65257951901009
122    67.68103931051667
124    67.74230542220738
126    67.83994801551603
128    67.97306834799507
130    68.13529518392576
132    68.31466511771495
134    68.49614406656761
136    68.66440439971326
138    68.80686104491883
140    68.91550511479092
142    68.98736093022487
144    69.02371644605948
146    69.02848497875448
148    69.00695945200624
150    68.96475023627644
152    68.90714903799002
154    68.83884878937693
156    68.76373866805031
158    68.68483337259353
160    68.60429490954206
162    68.52351515743985
164    68.44326462034664
166    68.36385984032117
168    68.28532397623576
170    68.20752077055698
173    68.09178815941536
176    67.97683216260654
179    67.8626263942133
182    67.74962137320341
185    67.63863061002931
188    67.53060777006846
191    67.42644634601743
194    67.32679457467398
197    67.231905802466
200    67.14162000154057
203    67.05542726472854
206    66.97260789927535
209    66.89241778141036
212    66.81423311033562
215    66.73762495778274
218    66.66237045532796
221    66.58846558023899
224    66.51612273819705
227    66.44575297926627
230    66.37791597073458
233    66.31324362907695
236    66.25237286212507
239    66.19583568694756
243    66.1276585495105
247    66.06756698108035
251    66.01448373151524
255    65.96645123540827
259    65.92100587635608
263    65.87566124820886
267    65.82831028053045
271    65.77748354904563
275    65.72241558453136
279    65.6629825604511
283    65.5995343163259
287    65.53271767114967
291    65.4632767560514
295    65.39192967244847
299    65.31932583176862
303    65.24602249964671
307    65.17245852258374
312    65.08065086396874
317    64.98948053727
322    64.89927261579379
327    64.81018423137331
332    64.72225934281633
337    64.63542062887598
342    64.54944332250182
347    64.46400871490627
352    64.37879632175834
357    64.29355199780682
362    64.20820133490426
367    64.12295390847152
372    64.03835575269538
377    63.95534989702775
383    63.85982567754394
389    63.77174858027274
395    63.69486811484863
401    63.63336555721571
407    63.59126373853268
413    63.57192467171447
419    63.57756435005757
425    63.60885299900746
431    63.66465782308612
437    63.74190926493781
443    63.83594018330467
449    63.94116967143105
456    64.07052065862882
463    64.19914741618507
470    64.32030292739319
477    64.42911161030503
484    64.52262671256688
491    64.59983622966587
498    64.66163218726669
505    64.71045549662783
512    64.74989820009358
519    64.78400858439701
527    64.82124425444252
535    64.86067992033422
543    64.90489504016904
551    64.95486948745565
559    65.01035920257131
567    65.07036643838046
575    65.13351365797037
583    65.19823796529178
592    65.27084396434483
601    65.34094356992384
610    65.40654421084146
619    65.46634203951015
628    65.51983819082233
637    65.56726168371507
646    65.6093515638232
655    65.64702720341197
665    65.68478141406486
675    65.71923239466011
685    65.75134658847962
695    65.78207000334854
705    65.81232197683124
715    65.84299546431782
725    65.87493944724787
736    65.91238903115666
747    65.95287402298968
758    65.99667319395589
769    66.04370356185706
780    66.09366631537759
791    66.1461962365921
803    66.20602584138535
815    66.26815496731092
827    66.33237257334338
839    66.39852337750145
851    66.46640864260607
863    66.53587984263245
876    66.61287661569409
889    66.69171447201998
902    66.7726333868028
915    66.8560124954383
928    66.9421452903129
942    67.03786742181482
956    67.13605296129029
970    67.23614169940237
984    67.33806711746394
998    67.44269789271289
1010    67.53607096943554
1020    67.61744901170829
1030    67.70184282631149
1050    67.87424811731518
1070    68.04293717797893
1090    68.2057116736589
1110    68.36430433708965
1130    68.52045899456064
1150    68.67498811462718
1170    68.82802477782985
1190    68.979613237172
1210    69.12986038602537
1230    69.2787485027066
1250    69.4262328420555
1270    69.57233436525951
1290    69.71722981884503
1310    69.86108615616581
1330    70.00392146839852
1350    70.1456554739377
1370    70.28612911089027
1390    70.42523935963877
1410    70.56296569419452
1430    70.69929453110456
1450    70.83417797260853
1470    70.96769067685162
1490    71.10007349057935
1510    71.23158126373329
1530    71.36239871941643
1550    71.49257855697087
1570    71.62201558559302
1590    71.75051596513137
1610    71.87774054935065
1630    72.00325227751566
1650    72.12662413834973
1670    72.24755305604529
1690    72.36594454183547
1710    72.48186878571218
1730    72.59552649149592
1760    72.7623281251529
1790    72.92541833484167
1820    73.08542779995322
1850    73.24265969039763
1880    73.39725319575061
1910    73.54919369697151
1940    73.69853547043209
1970    73.84512837174631
2000    73.98866658644562
2030    74.12887126704655
2060    74.26537574442173
2090    74.3979654061713
2120    74.52660747811956
2150    74.65131343959783
2180    74.77193407003799
2210    74.88815635587753
2240    74.99998742938317
2270    75.10698620643998
2300    75.20862300256863
2330    75.30451044996482
2360    75.39461655158621
2390    75.47906809498465
2420    75.55821075792159
2460    75.65551315072035
2500    75.74310566954904
2540    75.82038466381277
2580    75.88746397463532
2620    75.94485720766544
2660    75.99322172570129
2700    76.03333438804908
2740    76.06567666352373
2780    76.09091090757823
2820    76.10987399010266
2860    76.12340305128649
2900    76.13184247139547
2940    76.13550652230697
2980    76.13556542651384
3020    76.13297614845729
3060    76.12831559487356
3100    76.12210054965706
3150    76.11294223670475
3200    76.10322782818763
3250    76.09393648889889
3300    76.08543998696972
3350    76.07813237700478
3400    76.07247951822335
3450    76.06862534575353
3500    76.06659141866531
3550    76.066049755005
3600    76.06637664220969
3650    76.06690085400619
3700    76.0670278657027
3750    76.06535173645946
3800    76.06037591335328
3860    76.04834064758472
3920    76.02761745963394
3980    75.99696668240675
4040    75.9530685381369
4100    75.89347431966249
4160    75.81677364801962
4220    75.72264672454813
4280    75.61126584217962
4340    75.48105372369415
4400    75.33001420089903
4460    75.15560565598425
4520    74.9540754112368
4590    74.68535981930057
4660    74.38919014192432
4730    74.07242062201522
4800    73.73824570512727
4870    73.386899376239
4940    73.02079562631683
5010    72.64729723323536
5080    72.27273190071716
5150    71.90098360204746
5220    71.53371724048183
5300    71.11881195981917
5380    70.71543267540494
5460    70.35987070420623
5540    70.10174770855068
5620    69.91689585416435
5700    69.7200183638005
5780    69.53041561748842
5860    69.45346731491033
5950    69.34707934832934
6040    69.15216255785589
6130    68.97794434571074
6220    68.871229565578
6310    68.81999255952333
6400    68.80196825117424
6490    68.81747473189724
6580    68.86863430565568
6680    68.96636381570495
6780    69.1048461345105
6880    69.27976588060415
6980    69.4848387841107
7080    69.71117905499966
7180    69.94524179974171
7280    70.17024774216858
7390    70.38329791275527
7500    70.52621810136144
7610    70.56089311340821
7720    70.4647761548801
7830    70.23762921603162
7940    69.8870904359001
8060    69.37569816739739
8180    68.76002739465538
8300    68.07989535080523
8420    67.37002219969793
8540    66.66049797333551
8660    65.97435640105152
8790    65.27435505992858
8920    64.63355458732218
9050    64.04803906841012
9180    63.528831534079735
9310    63.08668842278813
9450    62.70375784184141
9590    62.42525586140185
9730    62.220369901536074
9870    62.08419574323278
10010    62.04778180691517
10160    62.12919820215499
10310    62.33943485686909
10460    62.6843129894622
10610    63.166234256782104
10760    63.80646339418405
10920    64.60481652047943
11080    65.30072327102985
11240    65.59570095674808
11400    65.47842641658936
11570    65.17091071594236
11740    65.08150219683657
11910    65.62853078136865
12080    66.4043470763682
12260    67.09440815702186
12440    67.25435312727369
12620    66.59366926245681
12800    65.52487377209252
12990    64.37399041852396
13180    63.28933171888052
13370    62.499888584124776
13560    61.96194668348895
13760    61.639511775018335
13960    61.580676161670624
14160    61.90278605786996
14370    62.451788336708624
14580    63.22891882628187
14790    64.0779003091277
15010    64.71108740682946
15230    64.67984148010578
15450    64.04285517130326
15670    63.06807028905256
15900    61.813128253125754
16130    60.40736837317205
16360    59.09846861306225
16600    58.001266123718835
16840    57.06285342097485
17080    56.235409169489465
17330    55.60147603104664
17580    55.18862921631788
17840    54.956620244499305
18100    54.89135516750886
18360    54.96406503138218
18630    55.067213992587746
18900    54.706025814297185
19170    52.960609756197364
19450    49.272792167029976
19730    45.71626807982116
20000    45.37199063426637
