20    69.05712542710398
20.3    69.03354531019576
20.6    69.0101696503645
20.9    68.98682249577571
21.2    68.96333504626651
21.5    68.93957694085918
21.8    68.91546220858551
22.1    68.89094432172794
22.4    68.86601170922228
22.7    68.84067347464511
23    68.814945258857
23.3    68.78884689038955
23.6    68.76240253308123
23.9    68.73563976078566
24.2    68.7085899813728
24.6    68.67213640152443
25    68.63531075323547
25.4    68.59817663681181
25.8    68.56077737485877
26.2    68.52314184010609
26.6    68.48530380686961
27    68.44731208284202
27.4    68.40922412798429
27.8    68.37108997472387
28.2    68.33293800486936
28.6    68.29476580883428
29    68.25653781178656
29.4    68.21820279962475
29.8    68.17972234768524
30.2    68.14108619616172
30.6    68.10230102621217
31    68.0633705987297
31.5    68.01448547134889
32    67.96531994457807
32.5    67.91587701947805
33    67.86623460168857
33.5    67.81654007946668
34    67.7669667469359
34.5    67.71767149611716
35    67.6687865508951
35.5    67.62044073509914
36    67.57276104029057
36.5    67.5258464711373
37    67.47973197692139
37.5    67.43436816356706
38    67.38962950034248
38.6    67.33652666930941
39.2    67.28376072125613
39.8    67.2310322003508
40.4    67.17809796324886
41    67.12481945834648
41.6    67.0711837999466
42.2    67.01726270628532
42.8    66.96316383288115
43.4    66.90902018760657
44    66.854977175402
44.6    66.80115073017936
45.2    66.74760424009874
45.9    66.68551758654732
46.6    66.62381916542442
47.3    66.56237779865388
48    66.50101920222303
48.7    66.43971624743938
49.4    66.37864949887009
50.1    66.31805425335426
50.8    66.25810534732503
51.5    66.19897007742196
52.2    66.1408411104074
53    66.0758460549379
53.8    66.01261896245751
54.6    65.95149761594293
55.4    65.89253542943885
56.2    65.8351064881249
57    65.77824886171595
57.8    65.72121800809367
58.6    65.663589807042
59.5    65.59779450166764
60.4    65.53095029819607
61.3    65.463233620095
62.2    65.39496091204155
63.1    65.32647944538382
64    65.2580780360071
64.9    65.1899493969301
65.8    65.12217094015593
66.8    65.04724460628928
67.8    64.97263431721436
68.8    64.89824950692369
69.8    64.82402221249868
70.8    64.74993846490364
71.8    64.6760496595118
72.8    64.60247483854988
73.9    64.52211938981708
75    64.44261378783908
76.1    64.36414226283003
77.2    64.28676733643886
78.3    64.21046884224084
79.4    64.13523357524583
80.6    64.05442027251368
81.8    63.97501100737193
83    63.89703507052853
84.2    63.820467123625825
85.4    63.74527282318982
86.6    63.67140386380143
87.9    63.592874114990536
89.2    63.51592225967818
90.5    63.44034932883237
91.8    63.36566615483633
93.1    63.29128934172328
94.5    63.210965430364084
95.9    63.12995114522767
97.3    63.04798134423814
98.7    62.96504991549013
100    62.88731396605888
102    62.76683542722076
104    62.64609011718549
106    62.525973367588456
108    62.40734633721562
110    62.291315483155046
112    62.17905128030557
114    62.07158653766817
116    61.969834796497665
118    61.87427413384778
120    61.78474548331758
122    61.70051152017518
124    61.620169619225564
126    61.54205126839905
128    61.464876240588495
130    61.38794598419224
132    61.31107371839532
134    61.234450433828286
136    61.15855402546018
138    61.084069787761024
140    61.01182486561951
142    60.942796106783895
144    60.87811051512705
146    60.81910050509079
148    60.76750658799331
150    60.725633859377886
152    60.69634640380197
154    60.682849523330795
156    60.68819530788719
158    60.714695927500365
160    60.76338031220935
162    60.83344947900975
164    60.92215611100542
166    61.02507805404941
168    61.13663070752456
170    61.25074232362955
173    61.41420853238003
176    61.5546768961
179    61.662571573234416
182    61.734749455160596
185    61.773066406656206
188    61.78248311589108
191    61.76922666606932
194    61.73941325695577
197    61.698285133095254
200    61.65001794319552
203    61.59774596004797
206    61.54363517501733
209    61.48904326590513
212    61.43478681864777
215    61.38141342901943
218    61.329389581361276
221    61.279165694220524
224    61.23108273542284
227    61.18533644538455
230    61.142116377827975
233    61.101697043205
236    61.06440994817555
239    61.030494169322914
243    60.99082469358538
247    60.9579080261787
251    60.93201541239628
255    60.912909260197864
259    60.89978360463391
263    60.89142129757387
267    60.88630140656521
271    60.88280420261875
275    60.879467115901384
279    60.87516723953984
283    60.86916702679662
287    60.86100014534969
291    60.8504607376218
295    60.83764310571212
299    60.82283320003691
303    60.80637777034698
307    60.78860306044302
312    60.76492567010797
317    60.73993475117845
322    60.71387607284406
327    60.68696778004488
332    60.659435524684014
337    60.63147277854394
342    60.603224873463475
347    60.57483789781215
352    60.546414357524114
357    60.51795613359959
362    60.4894167587158
367    60.460745815002696
372    60.4318654394156
377    60.40268741692387
383    60.36736088345582
389    60.33229407353367
395    60.298757122105584
401    60.26858582359201
407    60.243981066214644
413    60.22725811351384
419    60.22047482985859
425    60.225065931082526
431    60.241611796178795
437    60.26985711036005
443    60.30883991450117
449    60.35703729731579
456    60.422459275214806
463    60.49505630186189
470    60.57247992872506
477    60.6530116854731
484    60.73547187689125
491    60.81913015562688
498    60.90362911502842
505    60.988899475604335
512    61.075099753660325
519    61.16254342217168
527    61.26446020374837
535    61.36880451055589
543    61.47543694652454
551    61.583694546445784
559    61.692578184350964
567    61.800957462132146
575    61.907684834225634
583    62.011679785247104
592    62.12416376682833
601    62.23057605152172
610    62.32974141325647
619    62.42082342358809
628    62.50335011862344
637    62.57722819845062
646    62.64281870261348
655    62.7009220909842
665    62.7580286004098
675    62.80894772379174
685    62.85549278644554
695    62.8994184565895
705    62.94231154619622
715    62.98558022891706
725    63.030418342033684
736    63.08263054199472
747    63.13857353768104
758    63.198500088209386
769    63.262232624586446
780    63.3291595621348
791    63.39840885190946
803    63.47563340051492
815    63.553796741094345
827    63.63226053648765
839    63.71062463988665
851    63.78875985756232
863    63.86673873888614
876    63.95125398446814
889    64.0360597814032
902    64.1212654607946
915    64.20671118193518
928    64.29213412463345
942    64.3838873262317
956    64.47527308136972
970    64.56630341257814
984    64.65706264589537
998    64.74752008908627
1010    64.82465750322129
1020    64.88856294224004
1030    64.95212746806678
1050    65.07849835655173
1070    65.20407880287281
1090    65.32841685753198
1110    65.45084222119237
1130    65.57091541415187
1150    65.68856674325806
1170    65.8039321014601
1190    65.91721181802808
1210    66.02859603131728
1230    66.13835810331466
1250    66.24700971665801
1270    66.35498585473903
1290    66.4626025306437
1310    66.57014489155051
1330    66.67769027244165
1350    66.78478209039982
1370    66.89056212701955
1390    66.99429831594709
1410    67.09550903821389
1430    67.19384634246856
1450    67.28906779452197
1470    67.38110688023795
1490    67.47013915904505
1510    67.55652267100405
1530    67.64066621393975
1550    67.72299419947305
1570    67.80396059835942
1590    67.88398987849976
1610    67.96346680209811
1630    68.04284847689173
1650    68.12268309300444
1670    68.20341743100288
1690    68.28526721147526
1710    68.36830958934564
1730    68.45257915487606
1760    68.5808428723987
1790    68.71021331342135
1820    68.84013864368694
1850    68.97114703146556
1880    69.1044432672742
1910    69.24098594745621
1940    69.38107705811609
1970    69.52483666841788
2000    69.67232893231129
2030    69.8233157136996
2060    69.97734388960382
2090    70.13452963419823
2120    70.29501322171319
2150    70.45886493641248
2180    70.62585030007412
2210    70.79562790128327
2240    70.96811591897085
2270    71.14330525037596
2300    71.32074163400543
2330    71.49992791976916
2360    71.68044288839684
2390    71.86178626123117
2420    72.04345084790532
2460    72.28536149689845
2500    72.52576971129743
2540    72.76337220702226
2580    72.99658798302877
2620    73.22371317488674
2660    73.4428669280311
2700    73.65180242845545
2740    73.84820124574102
2780    74.0299021668558
2820    74.19483747186413
2860    74.34055568591535
2900    74.46557912897224
2940    74.56953882165587
2980    74.65193457502717
3020    74.71214994252759
3060    74.7499741244086
3100    74.76553353633074
3150    74.75497587076354
3200    74.71451859548131
3250    74.64695265204631
3300    74.55476290135212
3350    74.44159176030429
3400    74.31187118328575
3450    74.16983689952019
3500    74.01921621185582
3550    73.8631889765667
3600    73.70428408494638
3650    73.54463067157403
3700    73.38591922931937
3750    73.22945777420267
3800    73.07661662235412
3860    72.90008529302018
3920    72.73287402649055
3980    72.57607001316879
4040    72.43041668673526
4100    72.29649810752414
4160    72.17439276162563
4220    72.06352367602032
4280    71.96379850991109
4340    71.87559145512955
4400    71.79834049961582
4460    71.73079932333602
4520    71.6712379352785
4590    71.6090053031125
4660    71.55185117146982
4730    71.49756984219101
4800    71.44377968869216
4870    71.38621257597325
4940    71.32066073339394
5010    71.24540629153877
5080    71.16193501241227
5150    71.07519161616321
5220    70.99254933196295
5300    70.91394431014614
5380    70.86413615814863
5460    70.85451416348947
5540    70.89466335311164
5620    70.99035540992804
5700    71.13892962549829
5780    71.32258180904157
5860    71.50244885712556
5950    71.6283633382256
6040    71.59616468243198
6130    71.36675150901164
6220    70.96054685874638
6310    70.43862425654301
6400    69.86540440927048
6490    69.28399533561358
6580    68.71595179317568
6680    68.12209239731864
6780    67.60883872490564
6880    67.23248830096036
6980    67.03273188554604
7080    67.01061753270828
7180    67.13495368138018
7280    67.36413166663431
7390    67.6909732973448
7500    68.05236223831135
7610    68.41224332610048
7720    68.73752427023027
7830    68.98976609620613
7940    69.13140901225648
8060    69.13049210269313
8180    68.95945670054249
8300    68.63094740334625
8420    68.17391594017123
8540    67.62776938591738
8660    67.03532991101525
8790    66.38755000039845
8920    65.77336071368347
9050    65.21945903859151
9180    64.74098344235986
9310    64.34760776896846
9450    64.02648171561658
9590    63.81557943884045
9730    63.71594359017979
9870    63.724690257148424
10010    63.835877926977105
10160    64.05713542160476
10310    64.3613644185713
10460    64.7139354089398
10610    65.07056682341134
10760    65.36992360500486
10920    65.55045515801689
11080    65.54921810043683
11240    65.3875440127301
11400    65.12845107018089
11570    64.83133965024315
11740    64.57988422579363
11910    64.39875336682186
12080    64.27448668079168
12260    64.17499291217311
12440    64.08463881368385
12620    63.99719309697061
12800    63.93538620454295
12990    63.941448750113466
13180    64.06684281399833
13370    64.35777708154723
13560    64.83683425377936
13760    65.50079295824838
13960    66.21333278434824
14160    66.81883328144536
14370    67.17006036201326
14580    67.12399905633112
14790    66.71651707299411
15010    66.09732085734167
15230    65.5202253071534
15450    65.12068636390052
15670    64.86366236181135
15900    64.53633183542843
16130    63.964414092332866
16360    63.36557264296245
16600    62.88956756801222
16840    62.34603525123191
17080    61.69658971595339
17330    60.9103982758492
17580    59.95746234311466
17840    58.85864312932142
18100    57.83737409742331
18360    57.10274402143348
18630    56.682725832604625
18900    56.365855115343315
19170    55.85873001389387
19450    54.982490980215786
19730    53.878615303268006
20000    53.15775912125625
