
Frequency	dB	Unweighted
20	64.5
20.3	64.5
20.6	64.44999999999999
20.9	64.44999999999999
21.2	64.4
21.5	64.4
21.8	64.35
22.1	64.35
22.4	64.3
22.7	64.3
23	64.25
23.3	64.2
23.6	64.2
23.9	64.15
24.2	64.1
24.6	64.05
25	64.0
25.4	63.95
25.8	63.849999999999994
26.2	63.849999999999994
26.6	63.75
27	63.75
27.4	63.65
27.8	63.599999999999994
28.2	63.55
28.6	63.5
29	63.45
29.4	63.35
29.8	63.35
30.2	63.3
30.6	63.2
31.5	63.150000000000006
32	63.1
32.5	63.150000000000006
33	63.15
33.5	63.15
34	63.15
34.5	63.15
35	63.15
35.5	63.2
36	63.2
36.5	63.2
37	63.2
37.5	63.2
38	63.2
38.6	63.150000000000006
39.2	63.1
39.8	63.1
40.4	63.05
41	63.05
41.6	63.0
42.2	62.9
42.8	62.9
43.4	62.8
44	62.8
44.6	62.7
45.2	62.6
45.9	62.6
46.6	62.5
47.3	62.4
48	62.4
48.7	62.3
49.4	62.25
50.1	62.2
50.8	62.150000000000006
51.5	62.05
52.2	62.05
53	61.95
53.8	61.9
54.6	61.8
55.4	61.8
56.2	61.7
57	61.650000000000006
57.8	61.6
58.6	61.5
59.5	61.45
60.4	61.349999999999994
61.3	61.25
62.2	61.2
63.1	61.1
64	61.05
64.9	60.95
65.8	60.849999999999994
66.8	60.8
67.8	60.7
68.8	60.6
69.8	60.5
70.8	60.45
71.8	60.349999999999994
72.8	60.25
73.9	60.150000000000006
75	60.05
76.1	59.95
77.2	59.849999999999994
78.3	59.8
79.4	59.7
80.6	59.6
81.8	59.5
83	59.35
84.2	59.25
85.4	59.15
86.6	59.05
87.9	58.900000000000006
89.2	58.75
90.5	58.6
91.8	58.5
93.1	58.349999999999994
94.5	58.2
95.9	58.15
97.3	58.15
98.7	58.15
100	58.3
102	58.55
104	58.85
106	59.25
108	59.6
110	59.9
112	60.150000000000006
114	60.35
116	60.5
118	60.5
120	60.55
122	60.55
124	60.5
126	60.45
128	60.3
130	60.2
132	60.15
134	60.05
136	59.95
138	59.85
140	59.75
142	59.7
144	59.599999999999994
148	59.45
150	59.35
152	59.3
154	59.2
156	59.099999999999994
158	59.0
160	58.95
162	58.900000000000006
166	58.7
168	58.7
170	58.599999999999994
173	58.599999999999994
176	58.55
179	58.55
182	58.6
185	58.650000000000006
188	58.650000000000006
191	58.650000000000006
197	58.7
200	58.6
203	58.6
206	58.55
209	58.55
212	58.45
215	58.4
221	58.3
224	58.25
230	58.15
236	58.05
239	57.95
243	57.9
247	57.85
251	57.75
255	57.7
259	57.65
263	57.55
267	57.5
271	57.45
275	57.400000000000006
279	57.3
283	57.2
287	57.2
291	57.099999999999994
295	57.05
303	56.95
307	56.900000000000006
312	56.8
322	56.7
337	56.55
347	56.45
357	56.35
362	56.35
367	56.3
372	56.3
377	56.349999999999994
383	56.4
389	56.55
395	56.65
401	56.8
407	56.95
413	57.15
419	57.25
425	57.400000000000006
431	57.55
437	57.599999999999994
443	57.7
449	57.75
456	57.85
470	57.9
477	58.0
484	58.0
491	58.1
498	58.15
505	58.2
512	58.25
527	58.35
535	58.400000000000006
543	58.45
551	58.5
559	58.55
575	58.65
583	58.75
592	58.85
601	58.9
610	58.95
619	59.0
628	59.1
637	59.150000000000006
646	59.25
655	59.3
665	59.349999999999994
675	59.45
685	59.45
695	59.5
715	59.6
725	59.65
736	59.65
747	59.75
758	59.85
769	59.85
780	59.95
791	59.95
803	60.05
815	60.1
827	60.15
851	60.3
863	60.349999999999994
876	60.45
889	60.55
915	60.7
928	60.8
942	60.95
956	61.05
970	61.150000000000006
984	61.150000000000006
998	61.15
1010	61.15
1030	61.25
1050	61.400000000000006
1070	61.599999999999994
1090	61.75
1110	61.9
1190	62.5
1210	62.650000000000006
1230	62.8
1250	62.9
1270	63.05
1290	63.2
1310	63.349999999999994
1330	63.45
1350	63.55
1390	63.849999999999994
1450	64.15
1510	64.45
1530	64.55
1570	64.75
1590	64.85
1610	64.95
1630	65.05
1650	65.15
1670	65.25
1690	65.35
1730	65.55
1820	66.0
2210	67.9
2240	68.1
2180	67.80000000000001
2150	67.65
2120	67.5
2030	67.0
1970	66.69999999999999
1940	66.55
1910	66.4
1880	66.25
1790	65.85
1760	65.69999999999999
1550	64.65
1490	64.35
1370	63.7
1170	62.4
1150	62.2
1130	62.1
1430	64.05
1850	66.15
2000	66.85
2060	67.19999999999999
2090	67.30000000000001
2270	68.19999999999999
2300	68.35
2330	68.5
2360	68.6
2390	68.69999999999999
2460	69.0
2500	69.1
2540	69.19999999999999
2580	69.4
2620	69.5
2660	69.65
2700	69.75
2740	69.85
2780	69.95
2820	70.05
2860	70.15
2900	70.15
2940	70.25
2980	70.25
3020	70.25
3060	70.30000000000001
3100	70.35
3150	70.25
3200	70.25
3250	70.25
3300	70.19999999999999
3400	70.15
3450	70.15
3500	70.1
3550	70.05000000000001
3600	70.0
3650	70.0
3750	69.9
3800	69.8
3860	69.8
3920	69.75
3980	69.7
4100	69.55000000000001
4160	69.55000000000001
4220	69.6
4280	69.65
4400	69.65
4520	69.7
4590	69.75
4660	69.75
4800	69.8
4870	69.85
4940	69.9
5010	69.9
5080	69.94999999999999
5150	69.94999999999999
5220	69.94999999999999
5300	69.94999999999999
5380	69.94999999999999
5460	69.94999999999999
5620	69.85
5700	69.85
5780	69.85
5860	69.75
5950	69.75
6040	69.75
6130	69.69999999999999
6220	69.69999999999999
6400	69.65
6580	69.6
6680	69.55
6880	69.35
7180	69.0
7280	68.8
7390	68.6
7500	68.30000000000001
7610	68.05
7720	67.7
7940	67.0
8060	66.55
8180	65.94999999999999
8300	65.3
8420	64.4
8540	63.5
8660	62.599999999999994
8790	61.6
8920	60.75
9050	60.0
9180	59.4
9310	58.85
9450	58.35
9590	57.95
9730	57.599999999999994
9870	57.3
10010	57.05
10160	56.900000000000006
10310	56.8
10460	56.75
10610	56.85
10760	57.05
10920	57.35
11080	57.900000000000006
11240	58.7
11400	59.9
11570	61.7
11740	63.9
11910	66.05000000000001
12080	67.65
12260	68.45
12440	68.15
12620	67.15
12800	65.75
12990	64.25
13180	62.95
13370	61.8
13560	60.9
13760	60.2
13960	59.7
14160	59.35
14370	59.2
14580	59.15
14790	59.2
15010	59.2
15230	59.05
15670	58.2
15900	57.5
16130	56.75
16360	56.15
16600	55.75
16840	55.55
17080	55.349999999999994
17330	55.15
17580	54.7
17840	54.05
18100	53.349999999999994
18360	52.6
18630	52.0
18900	51.35
19170	50.349999999999994
19450	47.55
19730	42.55
20000	38.7
