20    65.56321238040607
20.3    65.58775806017196
20.6    65.61150733869391
20.9    65.63405865797904
21.2    65.65522746967302
21.5    65.67513924818377
21.8    65.69413630359047
22.1    65.71256250211053
22.4    65.73058713330533
22.7    65.74819397636746
23    65.76530531868161
23.3    65.78198163629165
23.6    65.79854371860174
23.9    65.81547124836842
24.2    65.83307311779066
24.6    65.85701083436385
25    65.87910493380716
25.4    65.89578390203545
25.8    65.90432372001919
26.2    65.9050063488304
26.6    65.90175104620565
27    65.90050376335654
27.4    65.90625278823137
27.8    65.92059361577321
28.2    65.94134643228807
28.6    65.96405748998468
29    65.98420128123175
29.4    65.99881769077147
29.8    66.00694512770306
30.2    66.00902195023252
30.6    66.0062117961283
31    66.00001499458097
31.5    65.99010789865353
32    65.9809367971876
32.5    65.97512468789243
33    65.9737232898485
33.5    65.97609698174881
34    65.98056739306465
34.5    65.98527608503385
35    65.9887959372558
35.5    65.99033917454098
36    65.98961260825881
36.5    65.98649288219177
37    65.98079572973171
37.5    65.97232345280574
38    65.96108056262929
38.6    65.94443304000163
39.2    65.92536757065045
39.8    65.90518835936635
40.4    65.88513281902638
41    65.86611405690708
41.6    65.84868937385525
42.2    65.83315535028433
42.8    65.81937549488092
43.4    65.80652465300676
44    65.79339780998862
44.6    65.77918116903896
45.2    65.76357859396
45.9    65.74304569941103
46.6    65.71884553291898
47.3    65.69056943520715
48    65.65866632660558
48.7    65.62257432083985
49.4    65.58069613141748
50.1    65.53277672949862
50.8    65.48128936083208
51.5    65.43030608898306
52.2    65.38356178601978
53    65.33754091062914
53.8    65.29854599561972
54.6    65.26427871841264
55.4    65.23310502894478
56.2    65.20424465192266
57    65.17727163988509
57.8    65.15194098191316
58.6    65.12802810401374
59.5    65.10171866465049
60.4    65.07341019157627
61.3    65.04002029623115
62.2    65.00025539267865
63.1    64.95526663647945
64    64.90684075328188
64.9    64.85601224499197
65.8    64.80318869898375
66.8    64.74208746066616
67.8    64.67831631802716
68.8    64.61233044450012
69.8    64.54511882628972
70.8    64.47795178927174
71.8    64.41194792034996
72.8    64.34776632504797
73.9    64.27974773569986
75    64.21473946982209
76.1    64.1526783343605
77.2    64.09315873131914
78.3    64.03548041470171
79.4    63.978754110762836
80.6    63.916931444444174
81.8    63.85449173014988
83    63.791362419493694
84.2    63.72793927483046
85.4    63.66494987300525
86.6    63.60343451396904
87.9    63.53989088858124
89.2    63.480989359567424
90.5    63.42757222335493
91.8    63.37958153418796
93.1    63.33609794798012
94.5    63.29251143735974
95.9    63.24995711079727
97.3    63.20614136838381
98.7    63.1592220541839
100    63.111757626225796
102    63.030433198198395
104    62.9386646204508
106    62.83647954809483
108    62.7251397512305
110    62.60745698136101
112    62.487336249919046
114    62.36897130171601
116    62.25608950061364
118    62.15172838170105
120    62.05787009016094
122    61.97505172214159
124    61.90265610517922
126    61.83928142738168
128    61.78298015631226
130    61.73164161166048
132    61.683682738083974
134    61.63890661615423
136    61.59869827351103
138    61.56526362474061
140    61.54123712139088
142    61.529743608625026
144    61.53366704006613
146    61.55466933438275
148    61.59250465006639
150    61.64501806562963
152    61.70853030536765
154    61.778493909714875
156    61.850221148601904
158    61.9192872557931
160    61.981791483465
162    62.03463056552653
164    62.075715948643975
166    62.10394966949592
168    62.11904972221751
170    62.12137025184854
173    62.10305157012577
176    62.06299572467885
179    62.006491073711324
182    61.93856726956322
185    61.86376987476844
188    61.78590048798808
191    61.70770723501367
194    61.63089254561672
197    61.556388342101435
200    61.484636582038874
203    61.415635831918365
206    61.349069561232895
209    61.28447833943716
212    61.22157661544101
215    61.16045533853834
218    61.10148027955456
221    61.04513676760916
224    60.99195591242662
227    60.94241818319561
230    60.896922721619845
233    60.855779221434744
236    60.819249625288386
239    60.7873493337108
243    60.75163517342422
247    60.722962927646776
251    60.70030179230668
255    60.682390157198796
259    60.66771405340404
263    60.65455397744432
267    60.64126649182264
271    60.62650084158124
275    60.609328233326096
279    60.58934579856502
283    60.56662496611415
287    60.541492168623506
291    60.51434600860486
295    60.48558955315957
299    60.455593687588504
303    60.424617811041415
307    60.39279180090796
312    60.351903795494806
317    60.309867532844194
322    60.26686155173176
327    60.22314995623795
332    60.17900704921706
337    60.13462655524778
342    60.09008139270435
347    60.045591899899435
352    60.001812182092976
357    59.95968767804864
362    59.92038533533953
367    59.88530287341176
372    59.855759870841766
377    59.83279607515446
383    59.81495132847811
389    59.80860227189083
395    59.814618164445776
401    59.834117379332824
407    59.86795162604035
413    59.91554646060322
419    59.97492640042225
425    60.0434499573554
431    60.11842909764668
437    60.19704059667278
443    60.27649883992183
449    60.354659676502386
456    60.44293370807027
463    60.52793527927223
470    60.60976252400805
477    60.68841207849026
484    60.76418840787791
491    60.8384696565897
498    60.913592153988645
505    60.991808495413636
512    61.07442960998933
519    61.161567622045794
527    61.265491886348634
535    61.37190676164775
543    61.478904112675465
551    61.58571696851822
559    61.692628884888634
567    61.80011581520837
575    61.90805574261066
583    62.015710460224824
592    62.13517611053963
601    62.251390206921585
610    62.36273588779858
619    62.46755209184482
628    62.56473392398597
637    62.65390926376843
646    62.735256743024024
655    62.80939811720234
665    62.88420880916198
675    62.951813313840226
685    63.01303288073332
695    63.06898374792259
705    63.12105815769499
715    63.170852548211045
725    63.219969904640166
736    63.274932480209756
747    63.332328804389846
758    63.39312700221019
769    63.45778427321364
780    63.52626753728218
791    63.59816264915597
803    63.67975271367985
815    63.763801735208375
827    63.84954123358793
839    63.93633796767193
851    64.02374567126517
863    64.1114833400996
876    64.20672489190636
889    64.30222267236715
902    64.39808182498595
915    64.4943162330423
928    64.5908513495738
942    64.69502998608439
956    64.79927369133695
970    64.90336285539928
984    65.00709908102644
998    65.11042339488517
1010    65.19871128482853
1020    65.27212056494207
1030    65.34539701472393
1050    65.49164338106726
1070    65.63769685514984
1090    65.78379404502077
1110    65.92995498001743
1130    66.07595998569126
1150    66.22152218166414
1170    66.36620058205799
1190    66.50982504116712
1210    66.65225316558475
1230    66.79338063436094
1250    66.93323993961982
1270    67.07192216587987
1290    67.20945088689353
1310    67.34599987494805
1330    67.48154169525588
1350    67.6157394240026
1370    67.74832171120454
1390    67.87906470467435
1410    68.00775440301433
1430    68.13428707145259
1450    68.25865424881249
1470    68.38099845313722
1490    68.50163460295303
1510    68.62087889424063
1530    68.73894590200632
1550    68.85592748324825
1570    68.97183641332327
1590    69.08671775614503
1610    69.20069745752579
1630    69.31393303105854
1650    69.42651698892216
1670    69.53843242324565
1690    69.64968068215785
1710    69.76045352004536
1730    69.87099521875002
1760    70.03658470855967
1790    70.20177287467422
1820    70.36627887201524
1850    70.52983311947374
1880    70.69215773704423
1910    70.85320584337256
1940    71.01310794532378
1970    71.17188050706
2000    71.32943094318091
2030    71.48578814345109
2060    71.6410064804352
2090    71.79486980297784
2120    71.94713757375395
2150    72.09767971822441
2180    72.2462683673057
2210    72.39266797703628
2240    72.5367655835538
2270    72.67819313688871
2300    72.81668519919947
2330    72.95184403285401
2360    73.08314113473523
2390    73.21025859356936
2420    73.33315454577996
2460    73.49005095625242
2500    73.63861186393778
2540    73.77839625888213
2580    73.90968571972189
2620    74.03302207042148
2660    74.14862518680283
2700    74.25648489671909
2740    74.35611430392294
2780    74.44668314935322
2820    74.52732703550225
2860    74.59759244174772
2900    74.65665470416748
2940    74.70382936030401
2980    74.73976855597388
3020    74.76540422617185
3060    74.78127566667226
3100    74.78801636082846
3150    74.78495556078559
3200    74.77043987439194
3250    74.74585348513878
3300    74.71275695356388
3350    74.67316068442166
3400    74.62983436494872
3450    74.58641499629536
3500    74.54658945154907
3550    74.51247452698505
3600    74.48377965643785
3650    74.45744382619084
3700    74.4294768834194
3750    74.39618876180579
3800    74.35472617060583
3860    74.2925238451521
3920    74.21444146504636
3980    74.12010389344121
4040    74.0068838509444
4100    73.87360237687629
4160    73.71961118816739
4220    73.54486434645335
4280    73.35041686640903
4340    73.13664619267522
4400    72.90502655014703
4460    72.6582285215599
4520    72.39868961563876
4590    72.0840639236565
4660    71.76237937999989
4730    71.4391620627612
4800    71.12012200772685
4870    70.81174950179317
4940    70.52193590266873
5010    70.25674783189814
5080    70.0209641070312
5150    69.82386104237176
5220    69.6734694413536
5300    69.56920639385987
5380    69.55240210201377
5460    69.64186719217227
5540    69.84917738666411
5620    70.17748259999436
5700    70.61978260129695
5780    71.14457761059838
5860    71.6525936658338
5950    72.06466545631272
6040    72.17467101779062
6130    71.90458093840708
6220    71.30998726930409
6310    70.51529762833772
6400    69.70588672221868
6490    69.16517963888332
6580    68.94286402442276
6680    68.88881290695451
6780    68.90448740157439
6880    68.96210103528576
6980    69.06699422976307
7080    69.21510435810215
7180    69.38831812199054
7280    69.55688290174058
7390    69.69408974215315
7500    69.73785999011588
7610    69.63412608395333
7720    69.35376497209248
7830    68.9294921239431
7940    68.3753235964489
8060    67.6455677971337
8180    66.91347845719
8300    66.30651717060135
8420    65.76711759128315
8540    65.18492815505525
8660    64.62542409906902
8790    64.09640275023128
8920    63.6522865673897
9050    63.2793519766893
9180    62.988038717233906
9310    62.77863593619081
9450    62.644752690943214
9590    62.606109758850494
9730    62.663389907451354
9870    62.818986950091926
10010    63.080340309537235
10160    63.48533296459027
10310    64.00132689969351
10460    64.54986612434072
10610    65.12594442763442
10760    65.69979975214196
10920    66.23272957799327
11080    66.63325000738682
11240    66.86505533161429
11400    66.94778281384916
11570    66.90769111110865
11740    66.84691118342141
11910    66.86333244438207
12080    66.94695618041756
12260    67.1746014200155
12440    67.48831128519976
12620    67.84136812560872
12800    68.11237684378338
12990    68.12817208379484
13180    68.02841429155967
13370    67.53263614677473
13560    66.81587940509255
13760    66.00624950486034
13960    65.364351060863
14160    65.114707283392
14370    65.09152548130922
14580    65.30710486829506
14790    65.62686603505523
15010    66.02412094969353
15230    66.26682408490286
15450    66.28698642328405
15670    66.53930086344644
15900    67.27282263138642
16130    68.06441712380413
16360    68.40858591557128
16600    68.06255116880274
16840    67.15340750751976
17080    66.01388408457179
17330    64.62847415127297
17580    63.1413659872687
17840    61.99018531918024
18100    61.35427717972111
18360    60.73355584538927
18630    59.86387924687014
18900    58.960882835363066
19170    58.20361071376956
19450    57.72778143707305
19730    57.70985536744671
20000    57.721190162486984
