20    64.79752523454368
20.3    64.80144125578789
20.6    64.80545731022178
20.9    64.80968565697063
21.2    64.8140941587979
21.5    64.81846510623592
21.8    64.82244166155763
22.1    64.82561989915149
22.4    64.8276327921852
22.7    64.82818323205998
23    64.82704723009746
23.3    64.8240536509015
23.6    64.81908576421793
23.9    64.8121238658069
24.2    64.8033076113033
24.6    64.78929997003331
25    64.77395231981994
25.4    64.75884293893318
25.8    64.74541214959109
26.2    64.73455731224496
26.6    64.72645566360208
27    64.72065743578361
27.4    64.71634181373322
27.8    64.71257193707399
28.2    64.70849597114861
28.6    64.70349246072028
29    64.69725769980724
29.4    64.68981163133425
29.8    64.68138996597287
30.2    64.67224468474899
30.6    64.66248975936897
31    64.65207294797214
31.5    64.63796219144461
32    64.62264852214085
32.5    64.60649187121453
33    64.59001931241008
33.5    64.57362774540206
34    64.55751527819541
34.5    64.54183897608941
35    64.52684333493313
35.5    64.51277973030234
36    64.49972067616017
36.5    64.48747648379411
37    64.47569417596517
37.5    64.46398677366173
38    64.45195617417932
38.6    64.43649451430034
39.2    64.41933907498698
39.8    64.40024706562875
40.4    64.37935652789247
41    64.35697634682836
41.6    64.33339702858824
42.2    64.30893809592823
42.8    64.28405525906032
43.4    64.25930433823245
44    64.23523181918782
44.6    64.21229762262122
45.2    64.190813837295
45.9    64.16768097375311
46.6    64.14636320439048
47.3    64.12638858694402
48    64.10724917946744
48.7    64.08831640983337
49.4    64.06869155082124
50.1    64.04741021585481
50.8    64.02406298672939
51.5    63.99900046074724
52.2    63.97279212145342
53    63.941623062580646
53.8    63.90911021280182
54.6    63.875741842948145
55.4    63.84216355274066
56.2    63.80855405760657
57    63.77495141580993
57.8    63.74170381172388
58.6    63.709320076220536
59.5    63.67435774016922
60.4    63.6410973485482
61.3    63.60943471124355
62.2    63.57931977773216
63.1    63.55091943758933
64    63.523995377367754
64.9    63.497610731681505
65.8    63.47063214558132
66.8    63.43880737041462
67.8    63.40457136524165
68.8    63.36832159720745
69.8    63.33069313185772
70.8    63.2922406118804
71.8    63.25353618755639
72.8    63.215248464133126
73.9    63.174234974916175
75    63.1344600090476
76.1    63.09552754835627
77.2    63.05693825157442
78.3    63.01827148467167
79.4    62.97924074561788
80.6    62.93606279086329
81.8    62.892134352276564
83    62.84732671754783
84.2    62.801443234515496
85.4    62.754279969373215
86.6    62.70587535082548
87.9    62.65245359617712
89.2    62.598742010019706
90.5    62.54566548942712
91.8    62.49422897457953
93.1    62.445397532268295
94.5    62.39648525961171
95.9    62.35158368421901
97.3    62.310268175798996
98.7    62.27159167621832
100    62.2369070963598
102    62.183234974615516
104    62.126431244038926
106    62.06472316651295
108    61.99766254345003
110    61.926146164964635
112    61.85186135332712
114    61.77670994302843
116    61.70231646817581
118    61.62962216354224
120    61.559302192015565
122    61.49224589051461
124    61.42957993217372
126    61.37217163824563
128    61.3199806355296
130    61.2718611598575
132    61.225941880235894
134    61.18032502028679
136    61.133479949363604
138    61.08438935458973
140    61.03276754632022
142    60.978891993556644
144    60.92361039638751
146    60.86867236172016
148    60.81682546821649
150    60.771388687098664
152    60.73519428036691
154    60.70934503371463
156    60.69389032665195
158    60.68854561439723
160    60.693000108797605
162    60.7069331915383
164    60.72984293657436
166    60.76097289151319
168    60.79927066046625
170    60.84331400723563
173    60.91588365866272
176    60.9891903128176
179    61.05537230346012
182    61.108493305500275
185    61.14559518555778
188    61.16669627806138
191    61.17385562868202
194    61.17002347943715
197    61.15838640578721
200    61.14211029981815
203    61.12403176720959
206    61.10612980739771
209    61.08922419471488
212    61.072887432349845
215    61.055963298752616
218    61.036970118615756
221    61.01447841627127
224    60.98749816310634
227    60.955701300082566
230    60.91945927247423
233    60.87959100792388
236    60.83698813695368
239    60.79242000547396
243    60.731063844135605
247    60.66875479492668
251    60.60662975499824
255    60.54528695570444
259    60.48497569132611
263    60.42550327486222
267    60.36633219467148
271    60.30691433432502
275    60.246924510890025
279    60.18629414803159
283    60.125123706018286
287    60.063607920614956
291    60.00188064367601
295    59.93993547232539
299    59.877703433379594
303    59.81516096421157
307    59.75223074740154
312    59.67271986450369
317    59.59201899872231
322    59.51027913246308
327    59.42758592702218
332    59.34367213061894
337    59.2581108407887
342    59.170706972302256
347    59.08160595294747
352    58.99112484145707
357    58.89971326735525
362    58.808141081736494
367    58.71761455046821
372    58.629911071065116
377    58.54752429999908
383    58.460414214871946
389    58.39286784910385
395    58.352532006739494
401    58.34641285433048
407    58.37892110419368
413    58.45082550450722
419    58.55863621332355
425    58.69521930469965
431    58.85107215225075
437    59.01563190111514
443    59.17925952577342
449    59.33438600898807
456    59.497786672939455
463    59.638070330568894
470    59.754225781834094
477    59.84820068814925
484    59.92377790548346
491    59.98559721061998
498    60.038425667119796
505    60.08658674894343
512    60.13364449559109
519    60.182146374689786
527    60.241333121641745
535    60.30571862177149
543    60.37570750297384
551    60.450843572861174
559    60.52998791257353
567    60.61171155630889
575    60.69453687965713
583    60.776939597899
592    60.86715683183148
601    60.95259153116838
610    61.03128320707465
619    61.10177366415211
628    61.16324229809279
637    61.21575889989616
646    61.26040187440184
655    61.29895933707706
665    61.33717165848027
675    61.37307201781756
685    61.40885419451713
695    61.44619131641957
705    61.48616278161823
715    61.5292513139362
725    61.57551511569851
736    61.629820321457814
747    61.68705906905385
758    61.74633704836964
769    61.806936998047014
780    61.868405847131285
791    61.93051254560676
803    61.998902283822034
815    62.067946623112405
827    62.13774424176273
839    62.208441869647615
851    62.28009480975503
863    62.35276635764487
876    62.432810653359525
889    62.514338669526495
902    62.59736182567801
915    62.68206580018371
928    62.76884221034916
942    62.86528385203493
956    62.96574309336639
970    63.0709188098364
984    63.18105654139704
998    63.29605528011348
1010    63.39823057617645
1020    63.48564818526843
1030    63.57488660820911
1050    63.75832156180846
1070    63.948102483321506
1090    64.14321379477188
1110    64.34207620275056
1130    64.54304251737688
1150    64.74477639341389
1170    64.94613681141479
1190    65.14550611874286
1210    65.34076297734153
1230    65.52972022584893
1250    65.7105274809424
1270    65.8815053766646
1290    66.04187597128121
1310    66.19192577676095
1330    66.33203034553213
1350    66.46327323760543
1370    66.58765178281969
1390    66.70747053452669
1410    66.82446584961514
1430    66.93945172656234
1450    67.05258417404984
1470    67.16396769806362
1490    67.27387580405377
1510    67.3825139084746
1530    67.4899758106456
1550    67.59633781676328
1570    67.70174003832841
1590    67.8063895319211
1610    67.91050063301918
1630    68.01438436554622
1650    68.11847183895543
1670    68.22315193679975
1690    68.32852930280691
1710    68.43437247789466
1730    68.54048108737695
1760    68.7004448672465
1790    68.86236992407271
1820    69.02694431690573
1850    69.19426622272198
1880    69.3646148854657
1910    69.53792437194295
1940    69.71357081322714
1970    69.89090675745749
2000    70.07009050022009
2030    70.2517755538511
2060    70.43601870037608
2090    70.6223257608776
2120    70.80971753353182
2150    70.99728451441476
2180    71.18405000638741
2210    71.36925250754062
2240    71.55258786278446
2270    71.73374437901062
2300    71.91216964839458
2330    72.08666193183925
2360    72.25599218112453
2390    72.4197997971578
2420    72.5781551263328
2460    72.77971098611312
2500    72.96827672520408
2540    73.14129299128743
2580    73.29680560687333
2620    73.43339375117009
2660    73.54961626984942
2700    73.64493292716459
2740    73.7187600524197
2780    73.77126613052454
2820    73.80264005741205
2860    73.81349248089009
2900    73.80360694541324
2940    73.77330797314389
2980    73.72554813262349
3020    73.66251114288528
3060    73.58470574797919
3100    73.49303545620802
3150    73.36257677478304
3200    73.21840191580516
3250    73.06567578336248
3300    72.91117848187207
3350    72.76187663830467
3400    72.62205201033544
3450    72.492657766973
3500    72.37256918885446
3550    72.25998958275669
3600    72.15330735922623
3650    72.0523011499068
3700    71.95761256969013
3750    71.87032193025769
3800    71.79109209607859
3860    71.70706351988517
3920    71.63677330228057
3980    71.57951106985973
4040    71.53591093888294
4100    71.505431620483
4160    71.4873383085114
4220    71.48052721049989
4280    71.48352363305762
4340    71.4956662198762
4400    71.5163304190523
4460    71.54421167839942
4520    71.57718543100063
4590    71.6188954651472
4660    71.66262343773953
4730    71.70752025547714
4800    71.75150616370627
4870    71.79231793988325
4940    71.82779325457369
5010    71.8553830069883
5080    71.87568958268405
5150    71.89066722443161
5220    71.9039420705922
5300    71.92373651829016
5380    71.95659645090171
5460    72.01106093099256
5540    72.0909038594674
5620    72.19442336199589
5700    72.30950302213135
5780    72.40787923307151
5860    72.4563000270965
5950    72.42587091935387
6040    72.30249305741108
6130    72.10962988184316
6220    71.89516384229407
6310    71.704603857943
6400    71.56597731994614
6490    71.49493640250121
6580    71.48576160278611
6680    71.53448861511788
6780    71.63390724979305
6880    71.76747369236298
6980    71.91053759302673
7080    72.03325835889805
7180    72.10321425254662
7280    72.08954961370176
7390    71.96280561086175
7500    71.74397034429319
7610    71.47187406800191
7720    71.16798070859682
7830    70.83066088859283
7940    70.45780242409023
8060    70.01957402655799
8180    69.57381412685749
8300    69.14956226334192
8420    68.77127998371512
8540    68.45701550911939
8660    68.21274329428951
8790    68.02795603982369
8920    67.9287036107475
9050    67.89414115808793
9180    67.91136688876773
9310    67.94552706167167
9450    67.95460036025472
9590    67.88492593240447
9730    67.69507633159782
9870    67.37909453164184
10010    66.94124778500833
10160    66.35998862003844
10310    65.70936803561483
10460    65.04638707682345
10610    64.4357063968735
10760    63.927588943900304
10920    63.50259923889644
11080    63.201481981734275
11240    63.02480245226863
11400    62.94287239039724
11570    62.9462217496244
11740    62.99125553321051
11910    63.05562151586626
12080    63.111183764238866
12260    63.11746931244965
12440    63.06603833736939
12620    62.92967246454525
12800    62.71492805848699
12990    62.42088207968193
13180    62.11858951974395
13370    61.82281060771412
13560    61.56174092445984
13760    61.334677687854445
13960    61.17874368518068
14160    61.137755305621255
14370    61.20502270453327
14580    61.475594110392734
14790    61.91324919533966
15010    62.5282564761349
15230    63.16822613136537
15450    63.46253529446343
15670    63.1048215106198
15900    62.012657651226654
16130    60.47823872355884
16360    58.95540305772184
16600    57.61386605276026
16840    56.54407267741213
17080    55.8029743456076
17330    55.287208298911466
17580    54.96293898090251
17840    54.880680002204585
18100    55.064067825636826
18360    55.43080791061405
18630    55.80868126406742
18900    55.79138562130327
19170    55.01664329555156
19450    53.6692652370005
19730    52.68425306230768
20000    52.599506506254365
