
Frequency	dB	Unweighted
20.6	66.55
20.9	66.55
21.5	66.5
21.8	66.5
22.1	66.5
22.4	66.5
23	66.45
23.3	66.4
23.9	66.4
24.2	66.4
25	66.3
25.4	66.3
25.8	66.3
26.2	66.25
26.6	66.25
27	66.2
27.4	66.2
27.8	66.15
28.6	66.1
29	66.05000000000001
29.4	66.05000000000001
30.2	65.94999999999999
31	65.94999999999999
31.5	65.9
32	65.85
32.5	65.80000000000001
33.5	65.75
35.5	65.6
37	65.5
38	65.4
40.4	65.19999999999999
41	65.15
41.6	65.15
42.8	65.05
43.4	64.95
44	64.95
45.9	64.8
46.6	64.8
48.7	64.65
49.4	64.6
50.8	64.5
53	64.35
54.6	64.25
56.2	64.15
57	64.1
58.6	63.95
60.4	63.849999999999994
63.1	63.650000000000006
64	63.650000000000006
65.8	63.55
66.8	63.45
68.8	63.349999999999994
71.8	63.2
73.9	63.0
76.1	62.9
78.3	62.7
79.4	62.7
83	62.45
86.6	62.2
87.9	62.150000000000006
89.2	62.05
94.5	61.75
95.9	61.650000000000006
97.3	61.55
98.7	61.45
100	61.349999999999994
102	61.25
104	61.150000000000006
108	60.95
112	60.650000000000006
116	60.4
122	60.05
124	59.95
126	59.8
128	59.7
130	59.65
134	59.400000000000006
140	59.35
146	59.35
148	59.45
150	59.45
152	59.55
156	59.7
162	59.95
164	60.0
166	60.05
170	60.15
173	60.15
179	60.1
182	60.0
188	59.9
194	59.75
197	59.65
200	59.6
203	59.55
206	59.45
209	59.400000000000006
215	59.3
221	59.15
224	59.05
227	59.0
230	58.95
233	58.900000000000006
236	58.85
243	58.7
251	58.599999999999994
259	58.5
263	58.45
267	58.400000000000006
271	58.35
275	58.3
279	58.25
283	58.25
291	58.15
295	58.05
303	57.95
312	57.85
317	57.8
322	57.75
327	57.65
332	57.599999999999994
337	57.55
342	57.5
347	57.400000000000006
352	57.35
357	57.3
362	57.25
367	57.15
377	57.05
389	56.95
407	56.95
419	57.0
425	57.05
431	57.150000000000006
437	57.2
449	57.4
456	57.55
463	57.65
470	57.75
477	57.85
484	57.95
498	58.099999999999994
505	58.2
512	58.25
519	58.35
535	58.55
543	58.65
575	59.2
601	59.65
610	59.75
619	59.85
628	59.95
646	60.099999999999994
655	60.15
665	60.25
675	60.25
715	60.4
725	60.45
736	60.5
747	60.55
758	60.6
780	60.7
791	60.8
803	60.8
827	60.9
839	61.0
851	61.05
876	61.2
902	61.349999999999994
942	61.6
956	61.7
970	61.8
984	61.9
1010	62.1
1050	62.349999999999994
1110	62.75
1130	62.849999999999994
1150	63.05
1190	63.25
1210	63.4
1250	63.6
1270	63.7
1290	63.85
1330	64.05
1370	64.2
1450	64.55
1490	64.7
1510	64.75
1570	64.95
1650	65.2
1670	65.3
1690	65.35
1710	65.44999999999999
1730	65.55000000000001
1760	65.65
1790	65.75
1820	65.9
1880	66.15
1940	66.4
1970	66.5
2000	66.65
2030	66.80000000000001
2060	66.95
2090	67.05
2120	67.2
2150	67.35
2240	67.75
2270	67.9
2300	68.05
2330	68.2
2360	68.35
2390	68.5
2420	68.6
2460	68.8
2500	69.0
2540	69.2
2580	69.3
2660	69.6
2740	69.9
2860	70.15
2900	70.25
2940	70.30000000000001
3020	70.4
3060	70.35
3200	70.25
3300	70.05
3400	69.8
3450	69.7
3500	69.55000000000001
3600	69.25
3750	68.85
3980	68.30000000000001
4040	68.15
4100	68.05000000000001
4160	67.94999999999999
4220	67.85
4280	67.75
4340	67.7
4460	67.55000000000001
4590	67.5
4660	67.5
4800	67.5
4940	67.6
5010	67.65
5150	67.85
5220	68.0
5300	68.2
5380	68.45
5460	68.75
5540	69.1
5620	69.45
5700	69.85
5780	70.1
5860	70.1
6040	69.4
6400	67.4
6580	67.05
6680	67.05
6780	67.15
6880	67.3
7080	67.65
7180	67.80000000000001
7280	67.95
7390	68.0
7720	67.4
8180	65.15
8420	63.9
8540	63.4
8660	62.9
8790	62.4
8920	61.95
9050	61.650000000000006
9180	61.349999999999994
9450	61.0
9730	60.75
9870	60.650000000000006
10010	60.55
10160	60.45
10310	60.25
10610	59.8
10920	59.15
11240	58.65
11400	58.5
11570	58.4
11740	58.4
11910	58.45
12080	58.6
12260	58.75
12620	59.25
12800	59.4
13370	59.099999999999994
13560	58.7
13760	58.05
13960	57.400000000000006
14160	56.65
14370	55.95
14580	55.3
15230	54.150000000000006
15670	54.3
15900	54.75
16130	55.349999999999994
16360	56.0
16600	56.5
16840	56.75
17840	54.900000000000006
19170	58.6
19450	59.25
19730	59.8
20000	60.0
18360	55.55
17580	55.4
17080	56.45
15450	54.150000000000006
15010	54.349999999999994
14790	54.75
12440	59.05
10460	60.05
9310	61.150000000000006
7610	67.69999999999999
7500	67.9
6980	67.44999999999999
6310	67.75
6130	68.80000000000001
5950	69.85
5080	67.75
4730	67.5
4400	67.65
3860	68.55000000000001
3700	69.05000000000001
3550	69.44999999999999
3350	69.9
3250	70.15
3150	70.3
3100	70.35
2980	70.35
2820	70.1
2620	69.5
2210	67.65
1590	65.0
1550	64.9
1530	64.85
1410	64.4
1350	64.15
1230	63.5
1090	62.650000000000006
1070	62.5
1030	62.2
928	61.5
915	61.45
889	61.25
863	61.1
705	60.35
695	60.35
685	60.3
567	59.05
491	58.0
443	57.3
395	56.95
383	57.05
372	57.099999999999994
307	57.900000000000006
299	58.05
255	58.5
247	58.65
191	59.8
160	59.900000000000006
158	59.8
144	59.35
142	59.35
138	59.35
118	60.3
114	60.55
110	60.8
90.5	62.0
85.4	62.3
84.2	62.4
81.8	62.5
80.6	62.6
75	63.0
72.8	63.1
70.8	63.2
69.8	63.3
67.8	63.4
62.2	63.75
55.4	64.2
50.1	64.55
48	64.7
44.6	64.9
39.2	65.30000000000001
38.6	65.35
36.5	65.5
36	65.6
35	65.6
34.5	65.69999999999999
34	65.69999999999999
33	65.80000000000001
30.6	65.94999999999999
28.2	66.15
24.6	66.4
23.6	66.4
22.7	66.5
