20    56.018766212471135
20.3    56.10764375586896
20.6    56.19511202397063
20.9    56.28103156560884
21.2    56.365191924988075
21.5    56.4473573407579
21.8    56.52731264053231
22.1    56.60491900971344
22.4    56.68016272752111
22.7    56.753171593370865
23    56.82420127174405
23.3    56.89357016796326
23.6    56.96157125824746
23.9    57.028396521056436
24.2    57.09409663694475
24.6    57.179819138905046
25    57.263130344938574
25.4    57.34383327513211
25.8    57.42194799319379
26.2    57.49765206755936
26.6    57.57111345604975
27    57.642358832558784
27.4    57.71130330037016
27.8    57.77789797954631
28.2    57.84226099755152
28.6    57.904685979283535
29    57.9655255350137
29.4    58.02504289351076
29.8    58.08333022293397
30.2    58.140378876697625
30.6    58.196239975910615
31    58.25115465801377
31.5    58.31910500483336
32    58.386970163089345
32.5    58.454827392857105
33    58.521895894274124
33.5    58.58702564384854
34    58.64943581529464
34.5    58.709024167219454
35    58.76601576337299
35.5    58.820384017228456
36    58.87168510019208
36.5    58.91944675680331
37    58.96365718489057
37.5    59.00486476463705
38    59.04386127818562
38.6    59.08862173308926
39.2    59.13166604115854
39.8    59.17309839000622
40.4    59.21287141676045
41    59.251025515891165
41.6    59.28773118333365
42.2    59.32317206483512
42.8    59.35737859316727
43.4    59.39013790701461
44    59.42105825644943
44.6    59.44978919370163
45.2    59.47624431454797
45.9    59.50461068166321
46.6    59.53121604444285
47.3    59.55734886226115
48    59.58382571813806
48.7    59.609907886354165
49.4    59.63364621589601
50.1    59.65368637535025
50.8    59.67029580704529
51.5    59.68443209977774
52.2    59.69661888825031
53    59.70830393345905
53.8    59.71777654056833
54.6    59.72550001423449
55.4    59.7323701753014
56.2    59.73966158573364
57    59.74867780266486
57.8    59.76052867217133
58.6    59.776184453083204
59.5    59.799194234583496
60.4    59.82812758351653
61.3    59.86234645056958
62.2    59.900436539524044
63.1    59.94043880524849
64    59.98031757796478
64.9    60.01839429819863
65.8    60.05378497823199
66.8    60.09008129204245
67.8    60.12401249684588
68.8    60.15655986525199
69.8    60.18842698062663
70.8    60.21961428746438
71.8    60.249513172808285
72.8    60.27732770811669
73.9    60.304798703089176
75    60.32850696135536
76.1    60.348183695127275
77.2    60.36388660732752
78.3    60.37577168931331
79.4    60.38394363377458
80.6    60.38875105304302
81.8    60.38951850532547
83    60.38659207322175
84.2    60.380353871843774
85.4    60.371295745300735
86.6    60.36007438423799
87.9    60.34617219445278
89.2    60.330895378834484
90.5    60.31446514943305
91.8    60.29699335524535
93.1    60.278465320973424
94.5    60.25710995080897
95.9    60.23396681541981
97.3    60.20874999615225
98.7    60.18128811113538
100    60.15375913052479
102    60.1076302202677
104    60.05657774731345
106    59.99963638358858
108    59.935557346043154
110    59.863154495682835
112    59.781658312248936
114    59.69083956886593
116    59.59092288977969
118    59.482555149521346
120    59.36710292049908
122    59.24731273591859
124    59.127602055900965
126    59.01442164677147
128    58.915847498260305
130    58.84082953978391
132    58.79798469618378
134    58.79379610015991
136    58.83034413390985
138    58.904550505610786
140    59.00930653865019
142    59.13480726691038
144    59.27003097719684
146    59.4042726956299
148    59.528318567057454
150    59.63513899615943
152    59.72020364366303
154    59.78168758248705
156    59.82031519382721
158    59.83904688880015
160    59.84255879212054
162    59.83652831497618
164    59.82681780807949
166    59.8185341813103
168    59.815465025822796
170    59.819827594905504
173    59.840966776426804
176    59.87562124170861
179    59.91610336919883
182    59.954202800578216
185    59.98357247966538
188    60.00073152326965
191    60.004829118041094
194    59.99670792886525
197    59.977468774279416
200    59.94779978587901
203    59.908440301696686
206    59.860462798588244
209    59.80521315420137
212    59.744164702645904
215    59.67888740850756
218    59.61103594534026
221    59.5423482824765
224    59.474724215758215
227    59.41024078878933
230    59.351026729995
233    59.299008466096765
236    59.255689229943215
239    59.221877733729045
243    59.19111815285963
247    59.17384057056158
251    59.164892758637095
255    59.1582138854928
259    59.148154830393665
263    59.13052424666134
267    59.103131898897054
271    59.06559071448976
275    59.018689763075336
279    58.96388582647438
283    58.902878509287234
287    58.83726005635546
291    58.76829065430995
295    58.69684691279333
299    58.62348617009741
303    58.54858300010528
307    58.472501876146254
312    58.3762595300934
317    58.279225487221424
322    58.181878493766746
327    58.08473536404585
332    57.9882487793697
337    57.892631328496805
342    57.79782322694652
347    57.70357954736566
352    57.60954890520685
357    57.51542763345827
362    57.42100609813485
367    57.32611841535225
372    57.23085086515306
377    57.13588927778012
383    57.02453643626795
389    56.920004688072474
395    56.82782155433061
401    56.7544931491214
407    56.70658819657892
413    56.69014589115881
419    56.70976466271472
425    56.76754449983004
431    56.8623150160936
437    56.98920531562394
443    57.14024650044192
449    57.30582782152707
456    57.50469403103144
463    57.69739199888808
470    57.87448535264393
477    58.03057999016467
484    58.16379948544639
491    58.274877251247034
498    58.3662364238871
505    58.4410705806879
512    58.5029933216554
519    58.55570088144518
527    58.609211414287714
535    58.660034299801296
543    58.71165083540369
551    58.76574762351922
559    58.82216792678814
567    58.87953105145626
575    58.93605124562136
583    58.99006932747734
592    59.046260933513274
601    59.096577693637045
610    59.140882679198754
619    59.18000018402901
628    59.215415567165444
637    59.24893939557891
646    59.28237109913069
655    59.31712582418561
665    59.358426992748406
675    59.40317092535746
685    59.45133355766984
695    59.502362950561036
705    59.55550402826678
715    59.61007075799091
725    59.66555871128165
736    59.72733291682434
747    59.78986373090054
758    59.853439941443284
769    59.91843290882327
780    59.98505241833759
791    60.0532146018443
803    60.12894915892377
815    60.205649686886076
827    60.28298176258069
839    60.36090106759163
851    60.439719767939394
863    60.52003177065782
876    60.60943863599108
889    60.70209044463499
902    60.7985762927088
915    60.899288395000696
928    61.00436804357145
942    61.12239373443788
956    61.24527888263523
970    61.37265781789954
984    61.5039749268377
998    61.638559378266024
1010    61.75594109576126
1020    61.854777538819704
1030    61.95420658346299
1050    62.153752948488034
1070    62.35277852885457
1090    62.54996401152283
1110    62.74443990912215
1130    62.93590206414178
1150    63.124419790751745
1170    63.31041686740422
1190    63.49471335118676
1210    63.67810960479541
1230    63.86095310061668
1250    64.042734365631
1270    64.22221435423099
1290    64.39798676461928
1310    64.56861287846759
1330    64.73237200542985
1350    64.88763529537943
1370    65.03301103255572
1390    65.16731222255106
1410    65.28949859439771
1430    65.3985810861141
1450    65.49342672369738
1470    65.57429565744043
1490    65.64312832216746
1510    65.70317424258283
1530    65.75874898785617
1550    65.81502182856804
1570    65.87739714963848
1590    65.95034235409561
1610    66.0367429725048
1630    66.13791976178568
1650    66.2538286376265
1670    66.38309461311871
1690    66.52306849881938
1710    66.6708545250541
1730    66.82392705873488
1760    67.05917570642109
1790    67.29698579601744
1820    67.5346016251628
1850    67.77090153503943
1880    68.00572969243578
1910    68.23966075060696
1940    68.47308651754625
1970    68.70616147394762
2000    68.93911257645081
2030    69.17218580781606
2060    69.40558080455428
2090    69.63973961117377
2120    69.87512592999205
2150    70.11235987179884
2180    70.35195481235583
2210    70.59437471068922
2240    70.84008656441219
2270    71.08950714925999
2300    71.3429391321273
2330    71.60053747088078
2360    71.8620589054982
2390    72.1271384697148
2420    72.39545237134561
2460    72.75815305213769
2500    73.12627039078399
2540    73.49911681948106
2580    73.87544873561862
2620    74.25360348955418
2660    74.63119016625268
2700    75.00558048620704
2740    75.37412268646912
2780    75.73468359794539
2820    76.08514929762629
2860    76.42283904828433
2900    76.74331620052064
2940    77.04144771479247
2980    77.31398855664344
3020    77.55790214038373
3060    77.76943086459158
3100    77.94605333377048
3150    78.1159412552623
3200    78.22664078843577
3250    78.27986681043188
3300    78.28064129350429
3350    78.23475404025304
3400    78.14871247727169
3450    78.02954101219194
3500    77.88454758644369
3550    77.72051277155515
3600    77.54354178426567
3650    77.35918056296666
3700    77.17233299876943
3750    76.9868939620518
3800    76.80538118254047
3860    76.5948876862186
3920    76.39519113503101
3980    76.20767304793107
4040    76.03436846081321
4100    75.8749687435758
4160    75.72913342388591
4220    75.59706843093758
4280    75.47821322952787
4340    75.37230662941059
4400    75.27949553788096
4460    75.20068375404836
4520    75.13676091658874
4590    75.07907016882069
4660    75.03663353999494
4730    75.00912640411093
4800    74.99764429304179
4870    75.00202777002848
4940    75.01831155027551
5010    75.03987662474269
5080    75.06111358921018
5150    75.07835483873296
5220    75.09032243523932
5300    75.09770795541971
5380    75.099534163091
5460    75.09497812703447
5540    75.08134384986352
5620    75.06316310839881
5700    75.04832638109221
5780    75.03615808809016
5860    75.01943812933786
5950    74.98704686561044
6040    74.93537552559883
6130    74.86520276215154
6220    74.78206338951603
6310    74.68770056797823
6400    74.58243867113569
6490    74.46872441152021
6580    74.35248457948651
6680    74.22338137465013
6780    74.0941910872686
6880    73.96383369353157
6980    73.83187171580484
7080    73.69692550770023
7180    73.55713189531608
7280    73.40860283346045
7390    73.22987790648313
7500    73.02872919658328
7610    72.79600369387069
7720    72.52618301842583
7830    72.21694757991528
7940    71.86570168533825
8060    71.429908246791
8180    70.93958281957885
8300    70.40120518101713
8420    69.82246950353144
8540    69.2132560858067
8660    68.58570816143973
8790    67.89790117886409
8920    67.21474382870117
9050    66.54669252223898
9180    65.90651371908206
9310    65.30079195116241
9450    64.69097239207508
9590    64.12799081486223
9730    63.61315582728249
9870    63.14789750102642
10010    62.73438217194654
10160    62.34932757541621
10310    62.02706872171517
10460    61.766487613942104
10610    61.563901637139374
10760    61.434723695070616
10920    61.37679735405837
11080    61.39077406172827
11240    61.47883820198838
11400    61.635866028298445
11570    61.891646106551235
11740    62.21744101783403
11910    62.64371940216391
12080    63.12446193207964
12260    63.72381521969258
12440    64.37563558611731
12620    65.05113088168228
12800    65.65595680833248
12990    66.04376211724727
13180    66.30910979651412
13370    66.13402356088221
13560    65.68254620813119
13760    65.00187323084515
13960    64.21895584736544
14160    63.46664269480752
14370    62.74802844101414
14580    62.17520219737226
14790    61.73002481201412
15010    61.40569129892671
15230    61.22365982613313
15450    61.147872246088255
15670    61.12897070152569
15900    61.101322838303986
16130    60.98260087253175
16360    60.83746077860569
16600    60.82007765050227
16840    60.87654675314169
17080    60.829862921314145
17330    60.69926985869274
17580    60.36826617176429
17840    59.75501184614886
18100    59.0813232953313
18360    58.64857852657347
18630    58.28021203140678
18900    56.82292826254786
19170    53.35368371298232
19450    48.98803156476272
19730    47.76260711361585
20000    47.751440609827895
