
Frequency	dB	Unweighted
21.2	60.4
20.9	60.35
20.6	60.35
20.3	60.35
20	60.35
21.5	60.4
21.8	60.45
22.1	60.45
22.4	60.45
22.7	60.45
23	60.5
23.3	60.5
23.6	60.55
23.9	60.55
24.2	60.55
24.6	60.55
25	60.65
25.4	60.65
25.8	60.65
26.2	60.65
26.6	60.65
27	60.65
27.4	60.7
27.8	60.75
28.2	60.75
28.6	60.75
29	60.75
29.4	60.75
29.8	60.8
30.2	60.8
30.6	60.85
31	60.85
31.5	60.85
32	60.85
32.5	60.85
33	60.900000000000006
33.5	60.900000000000006
34	60.900000000000006
34.5	60.900000000000006
35	60.95
35.5	60.95
36	60.95
36.5	61.0
37	61.0
37.5	61.0
38	61.0
38.6	61.0
39.2	61.0
39.8	61.0
40.4	61.0
41	61.05
41.6	61.099999999999994
42.2	61.099999999999994
42.8	61.099999999999994
43.4	61.099999999999994
44	61.099999999999994
44.6	61.099999999999994
45.2	61.099999999999994
45.9	61.099999999999994
46.6	61.099999999999994
47.3	61.099999999999994
48	61.15
48.7	61.15
49.4	61.15
50.1	61.15
50.8	61.15
51.5	61.15
52.2	61.15
53	61.15
53.8	61.15
54.6	61.15
55.4	61.15
56.2	61.15
57	61.15
57.8	61.15
58.6	61.15
59.5	61.15
60.4	61.099999999999994
61.3	61.099999999999994
62.2	61.099999999999994
63.1	61.099999999999994
64	61.099999999999994
64.9	61.05
65.8	61.05
66.8	61.05
67.8	61.05
68.8	61.0
69.8	61.0
70.8	61.0
71.8	61.0
72.8	60.95
73.9	60.9
75	60.9
76.1	60.95
77.2	60.95
78.3	60.95
79.4	61.0
80.6	61.05
81.8	61.05
83	61.1
84.2	61.1
85.4	61.150000000000006
86.6	61.2
87.9	61.2
89.2	61.2
90.5	61.25
91.8	61.25
93.1	61.2
94.5	61.2
95.9	61.2
97.3	61.15
98.7	61.099999999999994
100	61.099999999999994
102	61.0
104	61.0
106	60.900000000000006
108	60.900000000000006
110	60.8
112	60.75
114	60.7
116	60.65
118	60.65
120	60.55
122	60.55
124	60.5
126	60.45
128	60.45
130	60.4
132	60.45
134	60.4
136	60.45
138	60.45
140	60.45
142	60.5
144	60.45
148	60.45
150	60.45
152	60.4
154	60.3
156	60.3
158	60.25
160	60.15
162	60.15
164	60.05
166	60.05
170	59.85
173	59.75
176	59.65
179	59.55
182	59.45
185	59.35
188	59.3
191	59.2
194	59.1
197	59.0
200	58.95
203	58.8
212	58.6
215	58.5
221	58.35
230	58.05
233	57.95
236	57.85
243	57.55
247	57.45
251	57.400000000000006
255	57.400000000000006
259	57.45
267	57.75
271	58.05
275	58.35
287	59.3
291	59.6
299	59.95
307	60.05
312	60.0
317	59.900000000000006
322	59.8
327	59.599999999999994
332	59.45
337	59.3
342	59.099999999999994
347	58.900000000000006
357	58.65
362	58.45
372	58.2
377	58.1
383	57.95
389	57.8
395	57.7
401	57.6
407	57.5
413	57.4
419	57.349999999999994
425	57.3
431	57.3
437	57.3
443	57.4
449	57.4
456	57.5
463	57.55
470	57.650000000000006
477	57.7
491	57.849999999999994
498	57.9
505	58.0
512	58.05
519	58.1
527	58.2
535	58.3
543	58.35
559	58.45
575	58.55
583	58.6
601	58.7
619	58.7
628	58.75
637	58.75
646	58.75
655	58.75
665	58.7
675	58.7
685	58.7
695	58.7
705	58.7
715	58.650000000000006
725	58.650000000000006
736	58.650000000000006
747	58.650000000000006
758	58.7
769	58.7
780	58.7
791	58.75
803	58.75
815	58.8
827	58.85
839	58.85
851	58.9
863	58.95
876	59.0
889	59.05
902	59.1
915	59.2
928	59.25
942	59.3
956	59.4
970	59.45
984	59.55
998	59.650000000000006
1010	59.75
1020	59.849999999999994
1030	59.9
1050	60.05
1070	60.2
1090	60.349999999999994
1110	60.45
1150	60.75
1170	60.9
1190	61.0
1210	61.1
1230	61.3
1250	61.45
1270	61.55
1290	61.75
1310	61.85
1330	62.05
1350	62.15
1370	62.25
1390	62.45
1410	62.55
1430	62.7
1450	62.85
1470	62.95
1490	63.05
1510	63.2
1530	63.35
1550	63.45
1570	63.599999999999994
1590	63.75
1610	63.85
1630	64.05000000000001
1650	64.1
1670	64.19999999999999
1690	64.35
1710	64.45
1730	64.6
1760	64.75
1790	64.95
1820	65.15
1850	65.35
1880	65.55000000000001
1910	65.75
1940	66.0
1970	66.2
2000	66.5
2030	66.75
2060	67.0
2090	67.25
2120	67.55
2150	67.85
2180	68.1
2210	68.35
2240	68.65
2270	68.95
2300	69.25
2330	69.6
2360	69.9
2390	70.2
2420	70.55
2460	70.95
2540	71.85
2580	72.25
2620	72.7
2660	73.1
2700	73.5
2740	73.9
2780	74.25
2820	74.5
2860	74.75
2900	74.85
2980	74.80000000000001
3020	74.6
3060	74.35
3100	74.05
3150	73.65
3200	73.25
3250	72.85
3300	72.5
3350	72.1
3400	71.80000000000001
3450	71.4
3500	71.15
3550	70.85
3600	70.6
3650	70.35
3700	70.1
3750	69.9
3800	69.75
3860	69.5
3920	69.3
3980	69.15
4040	69.05
4100	68.95
4160	68.80000000000001
4220	68.80000000000001
4280	68.69999999999999
4340	68.69999999999999
4400	68.65
4460	68.69999999999999
4520	68.69999999999999
4590	68.69999999999999
4660	68.80000000000001
4730	68.85
4800	68.9
4870	68.95
4940	69.0
5010	69.05000000000001
5150	69.05
5220	69.1
5300	69.1
5380	69.1
5460	69.1
5540	69.1
5620	69.15
5700	69.1
5780	69.1
5860	69.05
5950	68.95
6040	68.85
6130	68.7
6220	68.55
6310	68.35
6400	68.15
6490	68.0
6580	67.8
6680	67.55
6780	67.35
6880	67.1
6980	66.94999999999999
7080	66.8
7180	66.6
7280	66.45
7390	66.3
7500	66.1
7610	65.94999999999999
7720	65.75
7830	65.6
7940	65.4
8060	65.15
8180	64.9
8300	64.55
8420	64.25
8540	63.85
8660	63.4
8790	62.8
8920	62.3
9050	61.7
9180	61.15
9310	60.599999999999994
9450	60.0
9590	59.5
9730	59.0
10010	58.1
10160	57.65
10310	57.35
10460	57.05
10610	56.85
10760	56.7
10920	56.6
11080	56.6
11240	56.650000000000006
11570	56.849999999999994
11740	57.1
11910	57.25
12080	57.45
12260	57.6
12620	57.849999999999994
12800	57.85
12990	57.8
13180	57.6
13370	57.35
13560	57.1
13760	56.8
14580	56.35
15010	56.45
15230	56.25
15450	55.900000000000006
15670	55.25
15900	54.25
16130	53.05
16360	51.85
16600	50.8
16840	49.85
17080	48.75
17330	47.849999999999994
17580	47.099999999999994
17840	46.6
18100	46.5
18360	46.9
18630	47.849999999999994
18900	48.849999999999994
19170	48.150000000000006
19450	43.900000000000006
19730	37.25
20000	32.7
