
Frequency	dB	Unweighted
20	61.3
20.3	61.35
20.6	61.400000000000006
20.9	61.5
21.2	61.5
21.5	61.599999999999994
21.8	61.599999999999994
22.1	61.7
22.4	61.7
22.7	61.8
23	61.8
23.3	61.900000000000006
23.6	61.900000000000006
23.9	62.0
24.2	62.0
24.6	62.05
25	62.099999999999994
25.4	62.15
25.8	62.2
26.2	62.25
26.6	62.3
27	62.35
27.4	62.35
27.8	62.400000000000006
28.2	62.45
28.6	62.45
29	62.55
29.4	62.55
29.8	62.55
30.2	62.599999999999994
31	62.65
31.5	62.65
32	62.75
32.5	62.75
33	62.75
33.5	62.8
34	62.8
34.5	62.8
35	62.85
35.5	62.9
36	62.9
36.5	62.9
37	62.9
37.5	62.9
38.6	62.95
39.2	63.0
39.8	63.0
41	63.0
41.6	63.0
42.2	63.0
42.8	63.0
43.4	63.0
44	63.0
44.6	63.0
45.2	63.0
45.9	63.0
46.6	63.0
48	63.0
48.7	63.0
49.4	63.0
50.1	63.0
50.8	63.0
51.5	62.95
52.2	62.95
53	62.95
53.8	62.95
54.6	62.95
55.4	62.95
56.2	62.95
57	62.9
57.8	62.9
58.6	62.95
59.5	62.9
60.4	62.9
61.3	62.849999999999994
62.2	62.849999999999994
63.1	62.849999999999994
64	62.8
64.9	62.8
65.8	62.75
66.8	62.7
67.8	62.7
68.8	62.65
69.8	62.6
70.8	62.6
71.8	62.55
72.8	62.5
73.9	62.5
75	62.45
76.1	62.4
77.2	62.4
78.3	62.4
79.4	62.349999999999994
80.6	62.349999999999994
81.8	62.25
83	62.25
84.2	62.2
85.4	62.150000000000006
86.6	62.1
87.9	62.05
89.2	62.0
90.5	61.9
91.8	61.9
93.1	61.849999999999994
94.5	61.75
95.9	61.75
97.3	61.650000000000006
98.7	61.6
100	61.5
102	61.4
104	61.25
106	61.099999999999994
108	60.95
110	60.8
112	60.65
114	60.5
116	60.349999999999994
118	60.25
120	60.2
122	60.099999999999994
124	60.099999999999994
126	60.2
128	60.2
130	60.3
132	60.3
134	60.3
136	60.349999999999994
138	60.3
140	60.25
142	60.2
144	60.15
146	60.1
148	60.05
150	60.0
152	60.05
154	60.05
156	60.05
158	60.1
160	60.15
162	60.2
164	60.25
166	60.3
168	60.35
170	60.4
173	60.349999999999994
176	60.35
179	60.3
182	60.25
185	60.15
188	60.099999999999994
191	60.0
194	59.95
197	59.85
200	59.75
203	59.7
206	59.599999999999994
209	59.55
212	59.45
215	59.4
218	59.3
221	59.2
224	59.2
227	59.1
230	59.05
233	58.95
236	58.849999999999994
239	58.8
243	58.7
247	58.6
251	58.5
255	58.4
259	58.3
263	58.2
267	58.1
271	58.0
275	57.9
279	57.8
283	57.65
287	57.55
291	57.45
295	57.35
303	57.15
307	57.05
312	56.95
317	56.8
327	56.5
337	56.3
342	56.15
347	56.0
352	55.900000000000006
357	55.75
362	55.65
367	55.5
372	55.400000000000006
383	55.15
389	55.05
395	55.05
407	55.099999999999994
413	55.15
419	55.3
425	55.4
431	55.55
437	55.7
443	55.8
449	55.95
456	56.0
463	56.15
470	56.2
477	56.3
484	56.3
491	56.35
505	56.45
512	56.5
519	56.5
527	56.55
535	56.55
543	56.599999999999994
551	56.65
559	56.65
567	56.7
575	56.7
583	56.75
592	56.75
601	56.75
610	56.75
619	56.75
628	56.75
637	56.75
646	56.75
655	56.75
665	56.75
675	56.75
685	56.8
695	56.75
705	56.75
715	56.8
725	56.8
736	56.849999999999994
747	56.849999999999994
758	56.95
769	56.95
780	57.0
791	57.0
803	57.1
815	57.1
827	57.1
839	57.2
851	57.2
863	57.3
889	57.4
928	57.55
942	57.650000000000006
956	57.75
970	57.85
984	57.95
998	58.05
1010	58.15
1030	58.3
1070	58.599999999999994
1130	59.099999999999994
1150	59.3
1170	59.45
1190	59.599999999999994
1210	59.8
1230	60.0
1250	60.2
1270	60.45
1290	60.65
1310	60.900000000000006
1330	61.099999999999994
1350	61.3
1370	61.45
1390	61.65
1410	61.75
1430	61.95
1450	62.05
1470	62.2
1510	62.45
1550	62.7
1590	63.0
1630	63.2
1670	63.5
1690	63.599999999999994
1710	63.7
1730	63.9
1760	64.1
1790	64.25
1820	64.45
1850	64.65
1880	64.9
1910	65.1
1940	65.35
1970	65.55
2000	65.75
2030	65.95
2060	66.25
2120	66.7
2180	67.2
2210	67.4
2240	67.7
2270	67.9
2300	68.2
2360	68.75
2390	69.0
2420	69.25
2460	69.65
2500	70.0
2540	70.4
2580	70.69999999999999
2620	71.1
2660	71.4
2700	71.75
2740	72.1
2780	72.35
2860	72.9
2900	73.15
2940	73.35
2980	73.5
3020	73.7
3060	73.85
3150	74.05000000000001
3200	74.1
3250	74.1
3300	74.1
3350	74.1
3400	74.0
3450	73.95
3500	73.8
3550	73.75
3600	73.6
3650	73.5
3700	73.4
3750	73.25
3800	73.1
3860	72.9
3920	72.75
3980	72.65
4040	72.44999999999999
4100	72.3
4160	72.15
4220	72.0
4280	71.9
4340	71.7
4400	71.6
4520	71.35
4590	71.25
4660	71.05000000000001
4730	70.9
4800	70.80000000000001
4870	70.65
4940	70.5
5010	70.4
5080	70.25
5150	70.1
5220	70.0
5300	69.85
5380	69.7
5460	69.55
5540	69.4
5620	69.2
5700	69.1
5780	69.0
5860	68.9
5950	68.80000000000001
6040	68.69999999999999
6130	68.65
6220	68.65
6310	68.6
6400	68.6
6580	68.6
6680	68.6
6780	68.6
6880	68.6
6980	68.5
7080	68.5
7180	68.35
7280	68.2
7390	67.95
7500	67.69999999999999
7610	67.35
7720	66.94999999999999
7830	66.55
8060	65.5
8180	64.95
8420	63.9
8540	63.35
8660	62.900000000000006
8790	62.35
8920	61.85
9050	61.35
9180	60.900000000000006
9310	60.5
9450	60.099999999999994
9590	59.75
9730	59.45
9870	59.2
10010	59.0
10160	58.900000000000006
10310	58.900000000000006
10610	59.05
10920	59.6
11240	60.3
11400	60.650000000000006
11570	61.05
11740	61.4
11910	61.65
12080	61.8
12260	61.8
12440	61.55
12620	61.25
12800	60.85
12990	60.35
13180	59.849999999999994
13370	59.45
13560	59.1
13760	58.95
13960	58.9
14160	59.0
14370	59.349999999999994
14580	59.8
14790	60.35
15010	60.85
15230	61.0
15450	60.6
15670	59.7
15900	58.2
16130	56.55
16360	54.95
16600	53.55
16840	52.25
17080	51.2
17330	50.400000000000006
17580	49.849999999999994
17840	49.75
18100	50.05
18360	50.95
18630	51.6
18900	50.1
19170	45.150000000000006
19450	38.0
19730	32.2
20000	30.049999999999997
