20    68.50588302923329
20.3    68.48349023833867
20.6    68.46146452259782
20.9    68.43983742829194
21.2    68.41860720866259
21.5    68.39769679027265
21.8    68.37694395555474
22.1    68.35612598078788
22.4    68.33499343041055
22.7    68.31331674441213
23    68.29092969172079
23.3    68.26775668673858
23.6    68.24381347437912
23.9    68.21918870170497
24.2    68.19400387411233
24.6    68.15971161391653
25    68.1246532440053
25.4    68.0887051342957
25.8    68.05164862861609
26.2    68.01333192887402
26.6    67.97379169089805
27    67.93325332515262
27.4    67.89201480941438
27.8    67.8503016476599
28.2    67.80817932472422
28.6    67.76556820447016
29    67.7223324192903
29.4    67.67837930624168
29.8    67.63372310146886
30.2    67.5884957746329
30.6    67.54292476761873
31    67.49728319321497
31.5    67.4404833659834
32    67.38412722131471
32.5    67.32798494433754
33    67.27153224426287
33.5    67.21430982945445
34    67.15623574208973
34.5    67.09765752027391
35    67.03920334998665
35.5    66.9816138934317
36    66.92562276480359
36.5    66.87172688781214
37    66.81986900739608
37.5    66.76932036380815
38    66.718997366665
38.6    66.65769289055505
39.2    66.5948488348659
39.8    66.53073834031164
40.4    66.46604744248522
41    66.40147727740879
41.6    66.33753454089711
42.2    66.27450591095163
42.8    66.21265159019933
43.4    66.15239166229311
44    66.09424062168185
44.6    66.03856604714514
45.2    65.98546944308174
45.9    65.92653889454458
46.6    65.87014624741181
47.3    65.81531810905182
48    65.76136794082102
48.7    65.70797581106497
49.4    65.65456850299964
50.1    65.59996401811179
50.8    65.5428614715224
51.5    65.48230771735567
52.2    65.41785365660851
53    65.33968692464676
53.8    65.25792085962787
54.6    65.17449021254819
55.4    65.09187215214479
56.2    65.01270509269172
57    64.9394846616722
57.8    64.87446724833933
58.6    64.81894850396512
59.5    64.76683300776905
60.4    64.72245587079738
61.3    64.68194812479447
62.2    64.64160224150152
63.1    64.59803288349246
64    64.54856994921936
64.9    64.4915611914874
65.8    64.42647727885004
66.8    64.34527445527286
67.8    64.25629431987053
68.8    64.16146322557722
69.8    64.0623605137119
70.8    63.96005326876066
71.8    63.855353671231285
72.8    63.7490801551611
73.9    63.631493249210564
75    63.51452388445716
76.1    63.39966934339708
77.2    63.288640411356134
78.3    63.18329887522755
79.4    63.085247087846966
80.6    62.988028649384376
81.8    62.90190174415237
83    62.82664162844887
84.2    62.76008980949385
85.4    62.69808189945517
86.6    62.63554049006771
87.9    62.5620650505403
89.2    62.47948288340065
90.5    62.387158001030265
91.8    62.28644205439009
93.1    62.1805767612525
94.5    62.066394656822965
95.9    61.95994922650045
97.3    61.871379359488685
98.7    61.81048375941264
100    61.78508977162829
102    61.81277747972372
104    61.925850175581175
106    62.116604972054944
108    62.35909682299379
110    62.61966503373683
112    62.86546415026539
114    63.071051451867845
116    63.222867183036634
118    63.31703567651273
120    63.356009312486094
122    63.34672846895549
124    63.29825693821104
126    63.220296410880636
128    63.12192996354615
130    63.010841033730514
132    62.893064886341634
134    62.77307966558201
136    62.653924544953085
138    62.53723866151904
140    62.423664160016486
142    62.31326950405006
144    62.20590547066328
146    62.10135672986867
148    61.99932619903352
150    61.89947530830648
152    61.801564636813694
154    61.705523429441755
156    61.61136803535258
158    61.51916331333523
160    61.429074212774125
162    61.34143197183204
164    61.256717470750274
166    61.175523621479925
168    61.09858830426728
170    61.026830418890185
173    60.93129049904779
176    60.85359261014939
179    60.79657619905909
182    60.76109988294378
185    60.74557852180842
188    60.74608410715632
191    60.756631548073166
194    60.77059975654329
197    60.782333574243744
200    60.78786719953828
203    60.78485447325236
206    60.77239029781256
209    60.75092262824505
212    60.721848260734426
215    60.687001958096545
218    60.648228268102486
221    60.6071561918925
224    60.565145252970595
227    60.523217659859085
230    60.48211568512278
233    60.442393738085606
236    60.40440544941193
239    60.36823047607794
243    60.3226626088847
247    60.27980691428388
251    60.2392351991234
255    60.20047544037192
259    60.16310366367583
263    60.126801240997736
267    60.091358024024196
271    60.05663300205849
275    60.02250178788375
279    59.98887701125133
283    59.95575747350986
287    59.92326011152633
291    59.89169353385609
295    59.86152322742275
299    59.83321959601598
303    59.80713723817044
307    59.78346771544413
312    59.7572251911861
317    59.73418591077696
322    59.71350519361155
327    59.694250752395604
332    59.6754874908483
337    59.65647299657057
342    59.63698911018173
347    59.61763139235441
352    59.59994250028272
357    59.58626182053835
362    59.579391446738036
367    59.58215019291144
372    59.59692555527823
377    59.625376441960086
383    59.67862898997741
389    59.75245723727775
395    59.844698401159
401    59.951333283162
407    60.066724335809184
413    60.18477688895773
419    60.29999860337995
425    60.40803484348743
431    60.50596188034625
437    60.592504937594505
443    60.66792254640948
449    60.733570315384384
456    60.8007788600022
463    60.86193513997637
470    60.920954989588395
477    60.98088467867165
484    61.04369947383396
491    61.11032325147856
498    61.18071177007411
505    61.25427658650925
512    61.330265010221225
519    61.40795514845372
527    61.49806947623305
535    61.58912598646985
543    61.680907000050006
551    61.77298481670951
559    61.864589475641466
567    61.954682024245926
575    62.04203177129894
583    62.12543133828253
592    62.21335352180354
601    62.29433617101627
610    62.368446278261416
619    62.436496328461445
628    62.499752536694
637    62.55945423031401
646    62.61643442018515
655    62.67112616619201
665    62.72936469712636
675    62.78492008256995
685    62.83778033726306
695    62.88797136544835
705    62.935603572266615
715    62.98097914643299
725    63.02459006583393
736    63.0711657903792
747    63.11691364451528
758    63.16242562033888
769    63.20817538754507
780    63.25446167269222
791    63.30137759605661
803    63.35315732449046
815    63.405244427238
827    63.457178276760416
839    63.50856818156537
851    63.55935798450773
863    63.6099448398785
876    63.665535730801956
889    63.722956745652155
902    63.78180819880459
915    63.839755958587915
928    63.89475505689953
942    63.95335499486192
956    64.01701462851875
970    64.0875476007169
984    64.16189329864446
998    64.23781943861151
1010    64.30299767946352
1020    64.35564467082074
1030    64.40511409715046
1050    64.49178071644597
1070    64.56367433609674
1090    64.62523447388287
1110    64.6801112182353
1130    64.73134079529669
1150    64.78091565012153
1170    64.83062809326546
1190    64.8829615920653
1210    64.93996066808603
1230    65.00374830033712
1250    65.0764119839113
1270    65.15940789062435
1290    65.25310092505774
1310    65.35738813453918
1330    65.47231063485309
1350    65.59739707787949
1370    65.7318263145157
1390    65.87433404482127
1410    66.02313137854237
1430    66.1765230632665
1450    66.33342150526607
1470    66.49282380402877
1490    66.65329934920388
1510    66.81329251742903
1530    66.9722009874126
1550    67.13018357824902
1570    67.28700712672905
1590    67.44198223852372
1610    67.59425722618434
1630    67.74370617557699
1650    67.89093289569668
1670    68.03644855573259
1690    68.1804091131562
1710    68.32247620455952
1730    68.4623507935449
1760    68.66902806929251
1790    68.87464271189866
1820    69.08038896936418
1850    69.28515203720146
1880    69.48733644421127
1910    69.6879698772903
1940    69.88685326134285
1970    70.08267113236732
2000    70.27322508138053
2030    70.45691004065453
2060    70.63572120255816
2090    70.81134498134543
2120    70.98457678337508
2150    71.15646133513017
2180    71.32732295875996
2210    71.49672262023682
2240    71.66541368489132
2270    71.83361741461945
2300    71.99963440765336
2330    72.16103741712992
2360    72.31586487467007
2390    72.4627988730809
2420    72.60118599665647
2460    72.77426408407149
2500    72.93757768946483
2540    73.09079658100583
2580    73.23093452593554
2620    73.3549877460126
2660    73.45936913471294
2700    73.5409440489988
2740    73.60150101386884
2780    73.64488883827639
2820    73.6728146096518
2860    73.68680039011313
2900    73.68830231722366
2940    73.67920609819609
2980    73.66170333509763
3020    73.63569415487697
3060    73.60199715502199
3100    73.56282988527016
3150    73.5073424185606
3200    73.44426504425584
3250    73.37429461692241
3300    73.30123192142881
3350    73.22843100453403
3400    73.15695248796305
3450    73.08315588249525
3500    73.00624201503668
3550    72.93341325630064
3600    72.86678791812813
3650    72.80586892970354
3700    72.75022995489948
3750    72.69947988384635
3800    72.6553465636858
3860    72.61185708577088
3920    72.58015308390671
3980    72.55878449981819
4040    72.5457817995827
4100    72.54296474746421
4160    72.55307887228093
4220    72.57626363307335
4280    72.61101348153021
4340    72.65663824315845
4400    72.71202038521739
4460    72.77672570779335
4520    72.85175974822508
4590    72.95140861528404
4660    73.06162653531783
4730    73.1806722949559
4800    73.3041793776101
4870    73.42615650774368
4940    73.5470946437886
5010    73.6639889762023
5080    73.7723533014991
5150    73.86818396387818
5220    73.94827059864787
5300    74.01546674147474
5380    74.05131686166803
5460    74.05716665589821
5540    74.03588740733807
5620    73.98680779146432
5700    73.9116607728167
5780    73.81377754164971
5860    73.70277410435499
5950    73.56804449727639
6040    73.4218326270052
6130    73.2692076692463
6220    73.1208676140887
6310    72.9769472286132
6400    72.83314986182191
6490    72.68979362070499
6580    72.55033425524516
6680    72.40178536626557
6780    72.26003576663058
6880    72.12108273222475
6980    71.97725541462768
7080    71.823446740978
7180    71.65070179027592
7280    71.44663058240238
7390    71.1715386032858
7500    70.82202538071272
7610    70.36208363730523
7720    69.74970558515935
7830    68.95062094951936
7940    67.94864122414228
8060    66.63293428977698
8180    65.18120131587816
8300    63.742736216847604
8420    62.44608809372726
8540    61.380848152691854
8660    60.562780029569595
8790    59.90467018778306
8920    59.41341364632825
9050    58.99951070074464
9180    58.62384160389806
9310    58.27490561461963
9450    57.95930616292331
9590    57.78345852962842
9730    57.84433683651955
9870    58.19104559791384
10010    58.759984446644154
10160    59.42016472044707
10310    59.927383349806036
10460    60.18360985547308
10610    60.24953167282025
10760    60.21765276805708
10920    60.19811381204235
11080    60.30984641691754
11240    60.66645645396632
11400    61.30188495311799
11570    62.28132355754002
11740    63.333951689685364
11910    64.23323958497174
12080    64.99726323583651
12260    65.5562494995605
12440    65.96850434595842
12620    66.19772796365638
12800    66.14501032101064
12990    65.61088241335025
13180    64.96534787396891
13370    64.12342057560434
13560    63.306124770960224
13760    62.58036530135445
13960    62.02799881639653
14160    61.67079616518126
14370    61.42975782002351
14580    61.39881904265718
14790    61.5431723319356
15010    61.89489154099637
15230    62.44513338128186
15450    63.1174828365789
15670    63.77354141182881
15900    64.21746046745012
16130    64.22640716216974
16360    63.94645990355325
16600    63.44889881518694
16840    62.66658306750769
17080    61.77350783259877
17330    60.91606518656404
17580    60.15488628151164
17840    59.4296218210421
18100    58.75358894068257
18360    58.06015638974552
18630    57.15715814948364
18900    55.916197704106494
19170    54.37837149061884
19450    52.62087927441871
19730    51.003698958167774
20000    50.8429266564041
