
Frequency	dB	Unweighted
20.3	66.4
20.6	66.3
20.9	66.3
21.2	66.3
21.8	66.3
22.1	66.3
22.7	66.3
23	66.2
23.3	66.2
23.6	66.2
23.9	66.2
24.2	66.2
24.6	66.2
26.2	66.1
26.6	66.1
27	66.0
27.4	66.0
27.8	66.0
28.2	66.0
28.6	65.9
29	65.9
29.4	65.9
29.8	65.9
30.6	65.8
31	65.8
32	65.7
33.5	65.6
34.5	65.6
36	65.5
36.5	65.4
38	65.3
38.6	65.3
40.4	65.1
41	65.1
41.6	65.1
42.2	65.0
42.8	65.0
43.4	64.9
44	64.9
44.6	64.9
45.2	64.8
45.9	64.8
46.6	64.8
48	64.7
48.7	64.7
49.4	64.6
52.2	64.4
53	64.4
55.4	64.2
56.2	64.2
57	64.1
57.8	64.0
59.5	63.9
61.3	63.8
63.1	63.7
64	63.7
64.9	63.6
65.8	63.6
68.8	63.4
70.8	63.3
71.8	63.3
72.8	63.2
73.9	63.1
75	63.1
76.1	63.0
77.2	62.9
78.3	62.8
79.4	62.8
80.6	62.7
83	62.5
85.4	62.4
86.6	62.3
87.9	62.2
89.2	62.1
91.8	62.0
93.1	61.9
94.5	61.8
95.9	61.7
97.3	61.6
98.7	61.5
100	61.4
102	61.3
104	61.2
106	61.1
108	61.0
110	60.9
112	60.7
114	60.6
118	60.4
120	60.3
124	60.1
126	60.0
128	59.9
130	59.9
134	59.7
138	59.7
140	59.7
144	59.7
150	59.8
156	60.0
158	60.0
162	60.1
166	60.2
170	60.3
173	60.3
176	60.2
179	60.2
182	60.1
185	60.1
191	59.9
194	59.9
197	59.8
200	59.7
203	59.7
206	59.6
209	59.6
215	59.5
218	59.4
221	59.4
227	59.2
230	59.2
233	59.1
236	59.1
239	59.0
243	58.9
251	58.8
255	58.7
259	58.7
267	58.6
271	58.5
275	58.5
283	58.4
287	58.3
291	58.3
295	58.2
299	58.2
303	58.1
307	58.1
312	58.0
322	57.9
327	57.8
332	57.8
337	57.7
342	57.7
357	57.5
362	57.4
367	57.3
372	57.3
377	57.2
383	57.2
401	57.0
407	57.0
413	57.0
419	57.0
431	57.1
443	57.2
449	57.3
456	57.4
463	57.5
470	57.6
484	57.8
498	57.9
505	58.0
512	58.1
527	58.3
535	58.4
551	58.7
567	59.0
575	59.2
583	59.4
592	59.6
601	59.8
628	60.1
637	60.2
646	60.3
655	60.3
675	60.4
685	60.4
695	60.5
715	60.5
725	60.5
736	60.6
747	60.6
758	60.6
769	60.7
780	60.7
791	60.8
815	60.9
827	60.9
851	61.1
863	61.1
889	61.3
902	61.4
928	61.5
942	61.7
956	61.8
970	61.9
984	62.0
998	62.1
1020	62.2
1050	62.4
1070	62.6
1090	62.7
1110	62.8
1150	63.1
1170	63.2
1190	63.3
1210	63.5
1230	63.6
1250	63.7
1270	63.8
1290	64.0
1310	64.1
1330	64.2
1350	64.3
1370	64.4
1410	64.6
1430	64.7
1450	64.8
1470	64.9
1490	64.9
1510	65.0
1530	65.1
1550	65.2
1570	65.2
1590	65.3
1610	65.4
1630	65.5
1650	65.5
1670	65.6
1690	65.7
1710	65.8
1730	65.9
1790	66.1
1820	66.3
1850	66.4
2000	67.1
2030	67.2
2090	67.5
2120	67.7
2150	67.8
2180	67.9
2240	68.2
2270	68.4
2300	68.5
2330	68.7
2360	68.8
2390	69.0
2420	69.1
2460	69.3
2500	69.5
2540	69.7
2580	69.8
2620	70.0
2660	70.1
2700	70.3
2780	70.5
2820	70.6
2860	70.6
2900	70.7
2980	70.8
3020	70.8
3060	70.7
3100	70.7
3150	70.6
3200	70.5
3250	70.4
3300	70.3
3350	70.1
3400	70.0
3450	69.9
3500	69.7
3550	69.6
3600	69.4
3650	69.3
3700	69.2
3750	69.0
3800	68.9
3860	68.7
3920	68.6
3980	68.4
4040	68.3
4100	68.2
4160	68.1
4220	68.0
4280	67.9
4340	67.9
4400	67.8
4460	67.7
4520	67.7
4590	67.7
4660	67.7
4730	67.7
4800	67.7
4940	67.8
5010	67.9
5080	68.0
5150	68.1
5220	68.2
5300	68.4
5380	68.7
5460	69.0
5540	69.3
5620	69.7
5700	70.1
5780	70.4
5860	70.4
5950	70.2
6040	69.8
6130	69.2
6220	68.6
6310	68.1
6400	67.7
6490	67.5
6680	67.3
6780	67.4
6880	67.5
6980	67.6
7080	67.8
7180	67.9
7390	68.0
7500	67.8
7610	67.6
7720	67.2
7830	66.7
7940	66.2
8060	65.5
8300	64.2
8420	63.5
8540	63.0
8660	62.5
8790	62.0
8920	61.5
9050	61.2
9180	60.9
9310	60.7
9450	60.5
9590	60.3
9730	60.2
9870	60.1
10010	60.0
10160	59.9
10460	59.5
10760	59.0
10920	58.8
11240	58.4
11400	58.3
11570	58.3
11910	58.5
12260	58.9
12440	59.3
12620	59.6
12800	59.9
13180	60.1
13370	59.9
13560	59.5
13760	58.8
13960	58.1
14160	57.3
14370	56.5
14580	55.8
14790	55.2
15010	54.8
15230	54.6
15450	54.7
15670	54.9
15900	55.4
16130	55.9
16360	56.5
16600	56.8
17080	56.2
17330	55.4
17580	54.5
17840	53.7
18100	53.7
18360	54.9
18630	56.9
18900	58.5
19170	59.5
19450	60.3
19730	61.2
20000	61.7
16840	56.8
12990	60.0
12080	58.7
11740	58.4
11080	58.6
10610	59.3
10310	59.7
8180	64.8
7280	68.0
6580	67.3
2210	68.1
1970	66.9
1940	66.8
1880	66.5
1760	66.0
1390	64.5
1030	62.3
1010	62.2
915	61.5
803	60.8
610	59.9
543	58.5
519	58.2
477	57.7
395	57.1
389	57.1
317	58.0
247	58.9
224	59.3
212	59.5
188	60.0
164	60.2
160	60.1
152	59.9
148	59.8
136	59.7
116	60.5
90.5	62.1
84.2	62.5
69.8	63.4
66.8	63.5
60.4	63.9
58.6	64.0
54.6	64.3
50.8	64.5
47.3	64.7
39.8	65.2
39.2	65.2
37.5	65.4
37	65.4
35.5	65.5
35	65.5
34	65.6
33	65.7
32.5	65.7
31.5	65.8
25	66.1
21.5	66.3
20	66.4
25.8	66.1
30.2	65.8
50.1	64.6
53.8	64.3
122	60.2
142	59.7
347	57.6
352	57.5
425	57.0
559	58.8
619	60.0
665	60.4
705	60.5
839	61.0
876	61.2
