
Frequency	dB	Unweighted
20.3	66.8
20.6	66.8
20.9	66.8
21.2	66.8
21.8	66.7
22.1	66.7
22.7	66.7
23	66.7
23.3	66.6
23.6	66.6
23.9	66.6
24.2	66.6
24.6	66.6
26.2	66.4
26.6	66.4
27	66.4
27.4	66.4
27.8	66.3
28.2	66.3
28.6	66.3
29	66.2
29.4	66.2
29.8	66.2
30.6	66.1
31	66.1
32	66.0
33.5	65.9
34.5	65.8
36	65.7
36.5	65.6
38	65.5
38.6	65.4
40.4	65.3
41	65.2
41.6	65.2
42.2	65.1
42.8	65.1
43.4	65.0
44	65.0
44.6	64.9
45.2	64.9
45.9	64.8
46.6	64.8
48	64.7
48.7	64.6
49.4	64.6
52.2	64.4
53	64.3
55.4	64.2
56.2	64.1
57	64.1
57.8	64.0
59.5	63.9
61.3	63.8
63.1	63.6
64	63.6
64.9	63.5
65.8	63.5
68.8	63.3
70.8	63.1
71.8	63.1
72.8	63.0
73.9	62.9
75	62.9
76.1	62.8
77.2	62.7
78.3	62.6
79.4	62.6
80.6	62.5
83	62.4
85.4	62.2
86.6	62.1
87.9	62.1
89.2	62.0
91.8	61.8
93.1	61.8
94.5	61.7
95.9	61.6
97.3	61.5
98.7	61.4
100	61.3
102	61.2
104	61.1
106	61.0
108	60.9
110	60.7
112	60.6
114	60.5
118	60.2
120	60.1
124	59.8
126	59.6
128	59.5
130	59.4
134	59.1
138	59.0
140	59.0
144	59.0
150	59.1
156	59.4
158	59.6
162	59.8
166	59.9
170	60.0
173	60.0
176	60.0
179	60.0
182	59.9
185	59.9
191	59.7
194	59.6
197	59.5
200	59.5
203	59.4
206	59.3
209	59.2
215	59.1
218	59.0
221	58.9
227	58.8
230	58.7
233	58.7
236	58.6
239	58.5
243	58.5
251	58.4
255	58.3
259	58.3
267	58.2
271	58.2
275	58.1
283	58.1
287	58.0
291	58.0
295	57.9
299	57.9
303	57.8
307	57.7
312	57.7
322	57.6
327	57.5
332	57.4
337	57.4
342	57.3
357	57.1
362	57.1
367	57.0
372	56.9
377	56.9
383	56.9
401	56.8
407	56.9
413	56.9
419	57.0
431	57.2
443	57.4
449	57.5
456	57.7
463	57.8
470	57.9
484	58.1
498	58.3
505	58.4
512	58.4
527	58.6
535	58.7
551	58.9
567	59.1
575	59.2
583	59.3
592	59.4
601	59.5
628	59.8
637	59.9
646	59.9
655	60.0
675	60.1
685	60.2
695	60.2
715	60.3
725	60.4
736	60.4
747	60.5
758	60.6
769	60.6
780	60.7
791	60.8
815	60.9
827	60.9
851	61.0
863	61.1
889	61.2
902	61.3
928	61.5
942	61.5
956	61.6
970	61.7
984	61.8
998	61.9
1020	62.1
1050	62.3
1070	62.4
1090	62.6
1110	62.7
1150	63.0
1170	63.1
1190	63.2
1210	63.3
1230	63.4
1250	63.5
1270	63.6
1290	63.7
1310	63.8
1330	63.9
1350	64.0
1370	64.0
1410	64.2
1430	64.3
1450	64.3
1470	64.4
1490	64.5
1510	64.5
1530	64.6
1550	64.6
1570	64.7
1590	64.7
1610	64.8
1630	64.9
1650	64.9
1670	65.0
1690	65.0
1710	65.1
1730	65.2
1790	65.4
1820	65.5
1850	65.6
2000	66.2
2030	66.4
2090	66.6
2120	66.7
2150	66.9
2180	67.0
2240	67.3
2270	67.4
2300	67.6
2330	67.7
2360	67.9
2390	68.0
2420	68.1
2460	68.3
2500	68.5
2540	68.7
2580	68.8
2620	69.0
2660	69.1
2700	69.3
2780	69.5
2820	69.6
2860	69.7
2900	69.8
2980	69.9
3020	70.0
3060	70.0
3100	70.0
3150	70.0
3200	70.0
3250	69.9
3300	69.8
3350	69.7
3400	69.6
3450	69.5
3500	69.4
3550	69.3
3600	69.1
3650	69.0
3700	68.9
3750	68.7
3800	68.6
3860	68.4
3920	68.3
3980	68.2
4040	68.0
4100	67.9
4160	67.8
4220	67.7
4280	67.6
4340	67.5
4400	67.5
4460	67.4
4520	67.4
4590	67.3
4660	67.3
4730	67.3
4800	67.3
4940	67.4
5010	67.4
5080	67.5
5150	67.6
5220	67.8
5300	68.0
5380	68.2
5460	68.5
5540	68.9
5620	69.2
5700	69.6
5780	69.8
5860	69.8
5950	69.5
6040	69.0
6130	68.4
6220	67.8
6310	67.4
6400	67.1
6490	66.9
6680	66.8
6780	66.9
6880	67.1
6980	67.3
7080	67.5
7180	67.7
7390	68.0
7500	68.0
7610	67.8
7720	67.6
7830	67.2
7940	66.7
8060	66.1
8300	64.9
8420	64.3
8540	63.8
8660	63.3
8790	62.8
8920	62.4
9050	62.1
9180	61.8
9310	61.6
9450	61.5
9590	61.4
9730	61.3
9870	61.2
10010	61.1
10160	61.0
10460	60.6
10760	59.9
10920	59.5
11240	58.9
11400	58.7
11570	58.5
11910	58.4
12260	58.6
12440	58.8
12620	58.9
12800	58.9
13180	58.7
13370	58.3
13560	57.9
13760	57.3
13960	56.7
14160	56.0
14370	55.4
14580	54.8
14790	54.3
15010	53.9
15230	53.7
15450	53.6
15670	53.7
15900	54.1
16130	54.8
16360	55.5
16600	56.2
17080	56.7
17330	56.6
17580	56.3
17840	56.1
18100	56.0
18360	56.2
18630	56.6
18900	57.2
19170	57.7
19450	58.2
19730	58.4
20000	58.3
16840	56.7
12990	58.9
12080	58.5
11740	58.4
11080	59.2
10610	60.3
10310	60.8
8180	65.5
7280	67.9
6580	66.8
2210	67.2
1970	66.1
1940	66.0
1880	65.8
1760	65.3
1390	64.1
1030	62.1
1010	62.0
915	61.4
803	60.8
610	59.6
543	58.8
519	58.5
477	58.0
395	56.8
389	56.8
317	57.6
247	58.4
224	58.8
212	59.2
188	59.8
164	59.8
160	59.7
152	59.2
148	59.1
136	59.1
116	60.3
90.5	61.9
84.2	62.3
69.8	63.2
66.8	63.4
60.4	63.8
58.6	63.9
54.6	64.2
50.8	64.5
47.3	64.7
39.8	65.3
39.2	65.4
37.5	65.5
37	65.6
35.5	65.7
35	65.7
34	65.8
33	65.9
32.5	65.9
31.5	66.0
25	66.5
21.5	66.7
20	66.8
25.8	66.5
30.2	66.1
50.1	64.5
53.8	64.3
122	59.9
142	59.0
347	57.2
352	57.2
425	57.1
559	59.0
619	59.7
665	60.1
705	60.2
839	61.0
876	61.2
