20    66.125214510897
20.3    66.14784021063234
20.6    66.17004789846396
20.9    66.19169936248144
21.2    66.21261301119884
21.5    66.23261596132912
21.8    66.25158315529339
22.1    66.2694501149177
22.4    66.28621510583338
22.7    66.30192369426902
23    66.31664874387312
23.3    66.33047155856289
23.6    66.343466643539
23.9    66.35569696375437
24.2    66.36722109764742
24.6    66.38158780265877
25    66.39492503073035
25.4    66.4072975352271
25.8    66.41867901745321
26.2    66.42897272443085
26.6    66.43809747353399
27    66.4461057549577
27.4    66.45322530957057
27.8    66.45979748188681
28.2    66.46613686475567
28.6    66.47240718731317
29    66.47858612812814
29.4    66.48452257066188
29.8    66.490046570987
30.2    66.49505383075532
30.6    66.49952335073444
31    66.50349340898224
31.5    66.50783308466441
32    66.51154131913731
32.5    66.51461702515194
33    66.51700861424126
33.5    66.51866066093098
34    66.51953635014607
34.5    66.51960513605547
35    66.5188033879664
35.5    66.5170543173756
36    66.51434815505039
36.5    66.51078237307127
37    66.50649083335537
37.5    66.50151266379137
38    66.49575195271973
38.6    66.48765696917454
39.2    66.47835380905985
39.8    66.46828519177512
40.4    66.45804603989086
41    66.44812609144856
41.6    66.4388129400057
42.2    66.4302373202816
42.8    66.42244932498721
43.4    66.41546217242112
44    66.40926540457298
44.6    66.40382599499875
45.2    66.39907704224512
45.9    66.39424334838961
46.6    66.3898868093172
47.3    66.38562255150663
48    66.38101924786955
48.7    66.37570875251103
49.4    66.3695042750309
50.1    66.36239377376374
50.8    66.35441264682657
51.5    66.34563895802256
52.2    66.3362851484163
53    66.32532163461431
53.8    66.3146599896128
54.6    66.30505145988445
55.4    66.29718652834964
56.2    66.29135938832873
57    66.28742094534462
57.8    66.28489604953072
58.6    66.28309135896886
59.5    66.28110929116465
60.4    66.27852854133332
61.3    66.27494928506749
62.2    66.27028483290623
63.1    66.26474247014373
64    66.25862125901276
64.9    66.2521776497058
65.8    66.24550091552872
66.8    66.23761882513794
67.8    66.22888576463559
68.8    66.21878757804375
69.8    66.20682877064965
70.8    66.1928295331378
71.8    66.17681676427364
72.8    66.15884920560188
73.9    66.13709752756776
75    66.11388439988792
76.1    66.08985209112714
77.2    66.06525785512406
78.3    66.03997397583234
79.4    66.01373207105858
80.6    65.98376058946738
81.8    65.95231408672007
83    65.91954510422985
84.2    65.88574080818623
85.4    65.85120176296192
86.6    65.81618159261154
87.9    65.77789087506883
89.2    65.73929299612715
90.5    65.70029347968497
91.8    65.66063397224926
93.1    65.61988740424397
94.5    65.57416960482145
95.9    65.52580700166047
97.3    65.47402022463018
98.7    65.41813955018468
100    65.36218886592432
102    65.26828467782713
104    65.16569095508319
106    65.05663768125675
108    64.9449079087222
110    64.83597280215665
112    64.73676883019522
114    64.65488669699815
116    64.59700436902132
118    64.56750091547462
120    64.5676599832614
122    64.59543055382517
124    64.64636259348438
126    64.71443224311925
128    64.79309746767146
130    64.8761828911413
132    64.95838925420207
134    65.03554768985805
136    65.10471252081386
138    65.16400183943539
140    65.21243987567968
142    65.24975990287655
144    65.27618943479624
146    65.29232903592131
148    65.2991005300278
150    65.2976061158751
152    65.28906506532579
154    65.2748265610967
156    65.25625808977568
158    65.23463851704841
160    65.21107629912913
162    65.1864508463286
164    65.16139045322126
166    65.13626190583338
168    65.11118529726355
170    65.08607610916167
173    65.04782943220216
176    65.00802009435142
179    64.96591183428245
182    64.92111300680583
185    64.87344804608728
188    64.82299827949018
191    64.77001176002545
194    64.71483906307344
197    64.6579128361937
200    64.59967459058876
203    64.54039016760393
206    64.48030389140686
209    64.41964689796139
212    64.35869411078238
215    64.29772290918356
218    64.23697097589256
221    64.17670987427545
224    64.11725544941967
227    64.0589425991903
230    64.0021678794183
233    63.94756732986251
236    63.89605990457965
239    63.84860067631826
243    63.79281033765014
247    63.74629518240086
251    63.70866088176108
255    63.67827796730161
259    63.652613617296666
263    63.62873658097118
267    63.603814936558564
271    63.575488941865586
275    63.54214067727548
279    63.50307263391473
283    63.458429705305264
287    63.40889054781259
291    63.355371375865325
295    63.29884737206416
299    63.24022795138281
303    63.180248073872825
307    63.11942666866986
312    63.042680587041296
317    62.965415900138325
322    62.88767695825622
327    62.809232003289125
332    62.72960241256421
337    62.648294269477134
342    62.565118251934706
347    62.48026970248935
352    62.39409464027233
357    62.306931411611274
362    62.219215916647464
367    62.1315304899196
372    62.044566457776185
377    61.95913226398915
383    61.860178799955435
389    61.76759771693318
395    61.684403043887215
401    61.61353120073463
407    61.55734242841772
413    61.517496864838556
419    61.49470451567855
425    61.48836345116323
431    61.496543946827344
437    61.51624204031836
443    61.543959233760866
449    61.5762747383673
456    61.61588947247572
463    61.65415305443746
470    61.68874656163757
477    61.71855241737324
484    61.74333183360059
491    61.76346886956988
498    61.7798291182811
505    61.79366315155167
512    61.80653060918351
519    61.82020247166284
527    61.839033081213316
535    61.86331300940593
543    61.89433209181071
551    61.932233875473585
559    61.97596344449316
567    62.02360164961137
575    62.07301871811086
583    62.12228777103043
592    62.17567884872696
601    62.225753912874964
610    62.27244021667103
619    62.31658726436656
628    62.35962240382388
637    62.402878496299664
646    62.44653759570198
655    62.48925792625114
665    62.53314946998229
675    62.571514868952434
685    62.60473232639478
695    62.635133088082995
705    62.66585898967715
715    62.69969322114888
725    62.738138303508876
736    62.785483349943455
747    62.83599538427117
758    62.88696409655951
769    62.93672789863746
780    62.98524092331135
791    63.03353910345939
803    63.0874180977592
815    63.143465046014086
827    63.201809229046575
839    63.26210894051735
851    63.32387948343504
863    63.38662216364315
876    63.455449317509
889    63.525325331728475
902    63.59661718877199
915    63.66985991223876
928    63.7456427212078
942    63.830512088271185
956    63.91881599883109
970    64.0102826311385
984    64.10458463777468
998    64.20146801779988
1010    64.2864004859106
1020    64.35830636137865
1030    64.43099284118853
1050    64.5778236891647
1070    64.72561046589064
1090    64.87363535676562
1110    65.02144229876032
1130    65.16900333830543
1150    65.31679884183364
1170    65.46526726832764
1190    65.61426396405261
1210    65.76344440067683
1230    65.9125312592053
1250    66.0611904630334
1270    66.20939470509612
1290    66.35783220641832
1310    66.50705564502603
1330    66.65732777355768
1350    66.80866257605247
1370    66.96096616177914
1390    67.11400085907769
1410    67.26729829642895
1430    67.42039586175888
1450    67.57297593315805
1470    67.72482105224415
1490    67.87582025172263
1510    68.02618671969594
1530    68.17640383411927
1550    68.32698548197548
1570    68.4782373222144
1590    68.63019219256178
1610    68.78278424625816
1630    68.9359931320844
1650    69.0898568062144
1670    69.24443789386082
1690    69.39980723732796
1710    69.5558740847076
1730    69.71254000135785
1760    69.94881762982293
1790    70.18704509479318
1820    70.42689015559468
1850    70.66690896570498
1880    70.90633049174161
1910    71.14474628477578
1940    71.3818194343709
1970    71.61734176772842
2000    71.85079534889874
2030    72.0811536947603
2060    72.30751351272839
2090    72.5289494142877
2120    72.74470269423293
2150    72.954553248584
2180    73.15797114195524
2210    73.35347688351646
2240    73.53990624913057
2270    73.71635500697889
2300    73.88252702418359
2330    74.03851370168655
2360    74.1845195973693
2390    74.31967944525073
2420    74.44319993841793
2460    74.58832328718893
2500    74.7097790671029
2540    74.80576081473221
2580    74.87604683068709
2620    74.92208003310992
2660    74.9456340612654
2700    74.94889147256688
2740    74.93373582927654
2780    74.90282905827229
2820    74.85823095633174
2860    74.80187707975097
2900    74.73547161160654
2940    74.66093654877696
2980    74.58069136343573
3020    74.49633628158128
3060    74.4090836522126
3100    74.32023057344338
3150    74.20865192188857
3200    74.09865110928962
3250    73.99315230571236
3300    73.89454133812842
3350    73.80446637474145
3400    73.72392206118766
3450    73.6532914617563
3500    73.59539475065966
3550    73.55310277242322
3600    73.52548200337421
3650    73.50973935477941
3700    73.50458111395992
3750    73.51106699088623
3800    73.531488010319
3860    73.5776589558198
3920    73.64970458025618
3980    73.74397150032497
4040    73.86077707259446
4100    73.99971995420523
4160    74.15887605773497
4220    74.33353938489523
4280    74.51738443413136
4340    74.7040012773881
4400    74.88799320883061
4460    75.0646028450215
4520    75.22573003772484
4590    75.37531674816243
4660    75.45355785748905
4730    75.43072940141604
4800    75.31883981120005
4870    75.15872042586938
4940    74.95516915269832
5010    74.67167770956036
5080    74.28712932963518
5150    73.80820427228755
5220    73.26832166922068
5300    72.6281941969363
5380    72.00467195627982
5460    71.41253116075721
5540    70.8521749059315
5620    70.33063826861326
5700    69.857535796636
5780    69.44284286907549
5860    69.0749961025205
5950    68.7058614053109
6040    68.38150761665636
6130    68.105324914872
6220    67.87917501210109
6310    67.70138608506235
6400    67.56661759656347
6490    67.47487417407297
6580    67.42363744482199
6680    67.41245368313236
6780    67.44830373637188
6880    67.52587807401224
6980    67.643147456907
7080    67.79999820985249
7180    67.99414933915972
7280    68.21817229012734
7390    68.48409639940849
7500    68.74915409470145
7610    68.97910303300884
7720    69.13442310354098
7830    69.18981295191436
7940    69.13480016045273
8060    68.94724754424858
8180    68.64623636810518
8300    68.26471653137884
8420    67.83071208739943
8540    67.36176306110295
8660    66.86428857919888
8790    66.28477623653494
8920    65.65807990204445
9050    65.0188515674084
9180    64.41192383779133
9310    63.87671517007776
9450    63.40449500079825
9590    63.04256182486365
9730    62.78696623598819
9870    62.6330343749877
10010    62.57671271324708
10160    62.60768745493361
10310    62.69891672886132
10460    62.797204385419086
10610    62.82773972832868
10760    62.66473384900616
10920    62.13684331874644
11080    61.25352818243578
11240    60.13005986411203
11400    58.95494549253773
11570    57.853746520828025
11740    56.93910576572127
11910    56.30706654019259
12080    55.818141669985536
12260    55.54059326632847
12440    55.437030017547116
12620    55.490959139971324
12800    55.59764949686347
12990    55.64735672937014
13180    55.66153677096463
13370    55.57490304585819
13560    55.488203722931814
13760    55.48628077368926
13960    55.64179699872196
14160    55.999604893203575
14370    56.520497773904054
14580    57.25303005741473
14790    58.089791805948224
15010    58.86770631391215
15230    59.04925635585766
15450    58.302991857545656
15670    56.83772219349047
15900    54.892083342399275
16130    52.885906281062894
16360    51.201639787298916
16600    49.82317957489224
16840    48.63037990964203
17080    47.692753595764216
17330    47.01167421846369
17580    46.541729794719664
17840    46.134132029776126
18100    45.6935851092136
18360    45.207628869822436
18630    44.721500668906025
18900    44.300211901553226
19170    43.884258396163645
19450    43.26495001255844
19730    42.36361886995636
20000    42.26272199544489
