20    71.70150000000001
20.3    71.64949982666725
20.6    71.5975
20.9    71.548
21.2    71.50150015499949
21.5    71.46024996562491
21.8    71.41899986250068
22.1    71.37625
22.4    71.3305
22.7    71.27800017499942
23    71.22200000000001
23.3    71.1644998200006
23.6    71.1105
23.9    71.062875
24.2    71.01899990666635
24.6    70.96337506937465
25    70.904
25.4    70.8365
25.8    70.7669998400008
26.2    70.7030001599992
26.6    70.648
27    70.59500004666651
27.4    70.53325008437521
27.8    70.46025
28.2    70.3812
28.6    70.3058
29    70.243
29.4    70.19579999999999
29.8    70.14439999999999
30.2    70.08275
30.6    70.00583347222175
31    69.92200005250014
31.5    69.8315
32    69.78200000000001
32.5    69.7705
33    69.7715
33.5    69.7575
34    69.71000000000001
34.5    69.628
35    69.5335
35.5    69.45249999999999
36    69.394
36.5    69.34649999999999
37    69.29249999999999
37.5    69.2295
38    69.16842865867335
38.6    69.10040010899999
39.2    69.02793754617193
39.8    68.9511
40.4    68.87616650555502
41    68.80766666666668
41.6    68.73783329361098
42.2    68.66628566316334
42.8    68.60124990249967
43.4    68.54274995125024
44    68.47728588673445
44.6    68.4071668122227
45.2    68.3469
45.9    68.28600005142849
46.6    68.20999995916654
47.3    68.12978568244903
48    68.06892862653054
48.7    68.004500098
49.4    67.9080002757139
50.1    67.83081249164061
50.8    67.7839999014287
51.5    67.715
52.2    67.60900015142835
53    67.505
53.8    67.42999991785726
54.6    67.36714286479591
55.4    67.32375004218756
56.2    67.2645
57    67.1625
57.8    67.0869
58.6    67.0341
59.5    66.9525
60.4    66.85974995781245
61.3    66.8024285579592
62.2    66.73950007642846
63.1    66.6342
64    66.5325
64.9    66.44655
65.8    66.3698
66.8    66.2974
67.8    66.2259
68.8    66.1475
69.8    66.06909999999999
70.8    65.99109999999999
71.8    65.91109999999999
72.8    65.8262
73.9    65.7217
75    65.6235
76.1    65.50433303541593
77.2    65.38926915860964
78.3    65.26876943668591
79.4    65.14125017937545
80.6    65.00224983187458
81.8    64.85884594881705
83    64.72653856183408
84.2    64.61883352416714
85.4    64.51716660333318
86.6    64.45296146816584
87.9    64.4131
89.2    64.43166666666667
90.5    64.5373335041671
91.8    64.74861569588685
93.1    65.01757661366935
94.5    65.35308301354087
95.9    65.69887554468886
97.3    65.98134624189328
98.7    66.20596110816668
100    66.339
102    66.48883333333333
104    66.5376428469388
106    66.523
108    66.45633333333333
110    66.35699993124992
112    66.244
114    66.14041679895867
116    66.03522720144618
118    65.9335
120    65.82926915059166
122    65.7335
124    65.65302373287975
126    65.58983333333333
128    65.53649999999999
130    65.49421428571429
132    65.453
134    65.41300000000001
136    65.374
138    65.3355
140    65.2965
142    65.2635
144    65.22975
146    65.19630000000001
148    65.1644
150    65.134
152    65.11
154    65.0863
156    65.0615
158    65.0341
160    65.0025
162    64.97409999999999
164    64.9439
166    64.9135
168    64.88300000000001
170    64.851
173    64.7974
176    64.745
179    64.6934
182    64.64500000000001
185    64.594
188    64.54849999999999
191    64.5031
194    64.4572
197    64.4148
200    64.36850000000001
203    64.323
206    64.28
209    64.2365
212    64.1935
215    64.152
218    64.11
221    64.068375
224    64.029
227    63.989000000000004
230    63.95
233    63.913
236    63.876000000000005
239    63.837374999999994
243    63.787499999999994
247    63.7405
251    63.692750000000004
255    63.644499999999994
259    63.598124999999996
263    63.551
267    63.504999999999995
271    63.459666666666664
275    63.414
279    63.369125
283    63.3256
287    63.283
291    63.241
295    63.199
299    63.1546
303    63.110875
307    63.0675
312    63.01225
317    62.9565
322    62.9015
327    62.8463
332    62.7924
337    62.7401
342    62.688599999999994
347    62.640299999999996
352    62.5921
357    62.5446
362    62.50020000000001
367    62.458600000000004
372    62.4224
377    62.394285714285715
383    62.364999999999995
389    62.356375
395    62.3605
401    62.38766666666666
407    62.437083333333334
413    62.489916666666666
419    62.55
425    62.613
431    62.674
437    62.736000000000004
443    62.786571428571435
449    62.83125
456    62.87985714285714
463    62.923249999999996
470    62.96221428571428
477    63.00628571428571
484    63.049
491    63.09157142857143
498    63.137
505    63.186125
512    63.2395
519    63.2975
527    63.3701875
535    63.450375
543    63.53757142857143
551    63.63585714285715
559    63.7416875
567    63.84845
575    63.951499999999996
583    64.0475
592    64.1431
601    64.22425
610    64.2825
619    64.33
628    64.370125
637    64.40405
646    64.4357
655    64.46525
665    64.49875
675    64.53525
685    64.57375
695    64.6125
705    64.64800000000001
715    64.68225000000001
725    64.719
736    64.759
747    64.79679999999999
758    64.83333333333333
769    64.87369230769231
780    64.91796153846153
791    64.96375
803    65.0135
815    65.06553846153847
827    65.11730769230769
839    65.16741666666667
851    65.22079166666667
863    65.27811538461538
876    65.33815000000001
889    65.39933333333333
902    65.46258333333333
915    65.52857692307693
928    65.59676923076924
942    65.67333333333333
956    65.75125
970    65.83219230769231
984    65.91426923076924
998    65.99958333333333
1010    66.07433333333333
1020    66.13683333333333
1030    66.1995
1050    66.3284375
1070    66.45716666666667
1090    66.5835
1110    66.70985714285715
1130    66.83616666666667
1150    66.9585
1170    67.07622727272727
1190    67.19396153846154
1210    67.30864285714286
1230    67.41626190476191
1250    67.5355
1270    67.65066666666667
1290    67.76071428571427
1310    67.87014285714284
1330    67.98275
1350    68.09299999999999
1370    68.19874999999999
1390    68.30275
1410    68.40299999999999
1430    68.502
1450    68.5985
1470    68.6937
1490    68.788
1510    68.8816
1530    68.97470000000001
1550    69.0675
1570    69.1583
1590    69.25
1610    69.3436
1630    69.4385
1650    69.5325
1670    69.6269
1690    69.7225
1710    69.8187
1730    69.9154
1760    70.06299999999999
1790    70.2148
1820    70.3716
1850    70.531
1880    70.6927
1910    70.86009999999999
1940    71.0308
1970    71.20400000000001
2000    71.38050000000001
2030    71.56049999999999
2060    71.7425
2090    71.92699999999999
2120    72.11250000000001
2150    72.300875
2180    72.491
2210    72.68237500000001
2240    72.874
2270    73.0635
2300    73.256
2330    73.4445
2360    73.633
2390    73.81937500000001
2420    74.00283333333334
2460    74.24125000000001
2500    74.473
2540    74.69149999999999
2580    74.898
2620    75.09700000000001
2660    75.27587500000001
2700    75.43866666666666
2740    75.578
2780    75.69874999999999
2820    75.79910000000001
2860    75.8805
2900    75.9385
2940    75.9673
2980    75.9793
3020    75.971
3060    75.9405
3100    75.893125
3150    75.81649999999999
3200    75.713
3250    75.5975
3300    75.4655
3350    75.3245
3400    75.1785
3450    75.033
3500    74.8885
3550    74.7475
3600    74.612
3650    74.48249999999999
3700    74.361
3750    74.2465
3800    74.14471428571429
3860    74.0328
3920    73.94125
3980    73.8628
4040    73.80566666666667
4100    73.76683333333332
4160    73.74733333333333
4220    73.749
4280    73.768
4340    73.8075
4400    73.86592857142857
4460    73.93683333333334
4520    74.0171
4590    74.11935714285714
4660    74.22
4730    74.30000000000001
4800    74.35207142857143
4870    74.3905
4940    74.386
5010    74.3554375
5080    74.3025
5150    74.22999999999999
5220    74.144
5300    74.0355
5380    73.9205
5460    73.80221428571429
5540    73.687625
5620    73.574
5700    73.466
5780    73.3688
5860    73.2827
5950    73.2025
6040    73.14099999999999
6130    73.10242857142856
6220    73.0915
6310    73.1121
6400    73.15350000000001
6490    73.2165
6580    73.28630000000001
6680    73.3652
6780    73.4218
6880    73.4428
6980    73.38669999999999
7080    73.2444
7180    73.0021
7280    72.67349999999999
7390    72.22649999999999
7500    71.695
7610    71.12437499999999
7720    70.52519230769231
7830    69.93146153846153
7940    69.35775000000001
8060    68.76525
8180    68.20776923076923
8300    67.68038461538461
8420    67.17883333333333
8540    66.70183333333333
8660    66.26234615384615
8790    65.84649999999999
8920    65.50143333333334
9050    65.20395833333333
9180    64.985
9310    64.85634615384615
9450    64.83079166666667
9590    64.93025
9730    65.15673076923076
9870    65.48603846153847
10010    65.89736666666667
10160    66.40016666666666
10310    66.93539285714286
10460    67.46868749999999
10610    67.9659
10760    68.418
10920    68.82862499999999
11080    69.12785714285715
11240    69.26277777777777
11400    69.26033333333334
11570    69.07604545454545
11740    68.809875
11910    68.43823076923077
12080    68.03671428571428
12260    67.50714285714287
12440    66.88316666666667
12620    66.0731
12800    65.104
12990    63.88935714285714
13180    62.6676
13370    61.438925
13560    60.299099999999996
13760    59.2077
13960    58.2508
14160    57.46633333333333
14370    56.743700000000004
14580    56.214020000000005
14790    55.82772
15010    55.5877
15230    55.5371
15450    55.6857
15670    56.033739999999995
15900    56.602199999999996
16130    57.263859999999994
16360    57.925799999999995
16600    58.6704
16840    59.22126
17080    59.028459999999995
17330    58.08288
17580    56.66364
17840    55.03272
18100    53.5154
18360    52.23874000000001
18630    51.1652
18900    50.1404
19170    48.967060000000004
19450    47.718500000000006
19730    46.64332
20000    46.569
