20    68.57610233774672
20.3    68.59615540011455
20.6    68.61570427570052
20.9    68.63451145139032
21.2    68.6523623356371
21.5    68.66911253998441
21.8    68.68469625937061
22.1    68.69910455735062
22.4    68.71236261611466
22.7    68.72450730263807
23    68.73556848359884
23.3    68.74556584442249
23.6    68.7545157286063
23.9    68.7624332161061
24.2    68.76933154572532
24.6    68.7769559809891
25    68.78279304807572
25.4    68.78686485669502
25.8    68.78922152174071
26.2    68.789949323678
26.6    68.78915546613058
27    68.78694430005993
27.4    68.78340323806763
27.8    68.77859033735658
28.2    68.77253033014406
28.6    68.76523365890206
29    68.75673073982342
29.4    68.74710782504839
29.8    68.73652909597357
30.2    68.72519354157352
30.6    68.71325043043595
31    68.70071908697051
31.5    68.68400190801691
32    68.66567143287148
32.5    68.64529751510935
33    68.62264336678925
33.5    68.59764284489688
34    68.57026036202198
34.5    68.54039775538206
35    68.50790657595905
35.5    68.47266292421884
36    68.43466890883252
36.5    68.39416363004244
37    68.35168350695596
37.5    68.30800091205836
38    68.264019278739
38.6    68.21228583128354
39.2    68.16362906608045
39.8    68.12032371625196
40.4    68.0845198127826
41    68.0578510362457
41.6    68.04125170777277
42.2    68.03482435959388
42.8    68.03773417584163
43.4    68.04835037876066
44    68.06454816789793
44.6    68.08390151198691
45.2    68.10373155203652
45.9    68.12383231995463
46.6    68.1371066480286
47.3    68.14079925519891
48    68.13332470799216
48.7    68.11464462303778
49.4    68.08640137264307
50.1    68.05120712045951
50.8    68.01149817964958
51.5    67.96903526306679
52.2    67.92500812893785
53    67.87399338913855
53.8    67.82356897054495
54.6    67.77489301991017
55.4    67.72851061171298
56.2    67.68444717237024
57    67.64245917487344
57.8    67.6021106878697
58.6    67.56280721741177
59.5    67.5191546348241
60.4    67.47552087593184
61.3    67.43130898031241
62.2    67.3858445656925
63.1    67.33855987789244
64    67.28898041717288
64.9    67.23676535006999
65.8    67.18184423431825
66.8    67.11766111302356
67.8    67.04997947747447
68.8    66.97847772915571
69.8    66.9033980654697
70.8    66.82606551635025
71.8    66.74838826754007
72.8    66.67200349286641
73.9    66.59048560006556
75    66.5115226497476
76.1    66.43431019791159
77.2    66.3577505864368
78.3    66.28049809000555
79.4    66.2012824688389
80.6    66.11145440535944
81.8    66.0172606164773
83    65.91826883294152
84.2    65.81431629125257
85.4    65.70558268530291
86.6    65.592753401749
87.9    65.46741841304453
89.2    65.3412861127057
90.5    65.2176867448839
91.8    65.10079634817785
93.1    64.9956152763284
94.5    64.90193122281974
95.9    64.83529333030161
97.3    64.8013026380101
98.7    64.80365999080409
100    64.83910961395377
102    64.9484225929016
104    65.1017010589259
106    65.26684253019386
108    65.41445695268783
110    65.52599356138121
112    65.5950912523534
114    65.62448695270992
116    65.62164128226516
118    65.59496690085962
120    65.5520434560618
122    65.49928835817425
124    65.44188649835885
126    65.38389340815456
128    65.3283548877298
130    65.27720727945075
132    65.23114253145536
134    65.18960354816149
136    65.15081103209695
138    65.1122246399456
140    65.07137320319215
142    65.02644080427602
144    64.97638638209648
146    64.92079825453686
148    64.8597175993073
150    64.79343097364921
152    64.72236194492712
154    64.64709244320537
156    64.56839337721787
158    64.48727676785005
160    64.40498112208478
162    64.32284042437468
164    64.24211003192845
166    64.16393734339074
168    64.08934411500124
170    64.01913378670892
173    63.922800790165724
176    63.836726215911334
179    63.75915721823547
182    63.688218100610655
185    63.62294318939131
188    63.56340741120564
191    63.51017792173954
194    63.46376531089228
197    63.424266669243266
200    63.39119604769686
203    63.363623151123335
206    63.3402992877195
209    63.31952837830606
212    63.29928865604653
215    63.27753035100689
218    63.25246028797064
221    63.22278227406562
224    63.18785447682035
227    63.14762535637837
230    63.10252606772693
233    63.053332938018215
236    63.00091496954231
239    62.946082729968474
243    62.87043515108402
247    62.793081443066725
251    62.714930092826975
255    62.63655381442679
259    62.55833798692213
263    62.480648108165155
267    62.40392270200029
271    62.3286073194995
275    62.25495882056015
279    62.18291355377923
283    62.11217919561815
287    62.04241480802246
291    61.97334475838974
295    61.90487691049037
299    61.83719485959617
303    61.770664834582675
307    61.705589513412164
312    61.62635377620778
317    61.54916081603029
322    61.473679078765976
327    61.39956378960917
332    61.32631268712157
337    61.25335744504872
342    61.18026949560756
347    61.106837297598645
352    61.03307572686062
357    60.959261159660954
362    60.88591290400156
367    60.81364954637807
372    60.74303442019857
377    60.67454635312017
383    60.595928588009215
389    60.522432101207215
395    60.455789904270404
401    60.39799031965818
407    60.35098831429255
413    60.316248764307524
419    60.2943513266474
425    60.285028360902466
431    60.2874311431485
437    60.300227085394
443    60.3218324722708
449    60.35070201774043
456    60.39197302064707
463    60.44018456867093
470    60.49439764963672
477    60.55350131617121
484    60.615922187004
491    60.67961230753274
498    60.74208155129949
505    60.80112665663164
512    60.855498468471666
519    60.90504782611254
527    60.95698920180685
535    61.006356626653
543    61.055958785411775
551    61.10806581525856
559    61.16390559885923
567    61.223577539239606
575    61.28632363265602
583    61.350909345028256
592    61.424130072897825
601    61.49638393710907
610    61.56639494443954
619    61.633366204175346
628    61.69700964828553
637    61.75750082541949
646    61.81535938410428
655    61.87121878228011
665    61.93173414102758
675    61.9914814712257
685    62.05125951463425
695    62.1115701144567
705    62.17242535682837
715    62.233474789883466
725    62.29445298388741
736    62.36156178884477
747    62.429149783525745
758    62.497736886814025
769    62.567757298161794
780    62.63945073731563
791    62.71287468630066
803    62.79485064936138
815    62.87850766856393
827    62.96342307237006
839    63.04916218900834
851    63.13544112882755
863    63.22219754986938
876    63.316984752053486
889    63.41322901968216
902    63.511691466923956
915    63.61306419487939
928    63.71761370304701
942    63.833364954108845
956    63.95177750245661
970    64.07280913371224
984    64.19761709158311
998    64.32798763808606
1010    64.44412232846437
1020    64.54225431605474
1030    64.6394943178428
1050    64.8270921817526
1070    65.00788687238898
1090    65.1872079234254
1110    65.36218162188908
1130    65.52779358520331
1150    65.68555484397046
1170    65.84066584412503
1190    65.99566053808783
1210    66.14976924505939
1230    66.30116699989247
1250    66.44887494439482
1270    66.59318978595633
1290    66.73546875114118
1310    66.87696544157157
1330    67.01828153143266
1350    67.15943083784971
1370    67.30031288711427
1390    67.4408585711702
1410    67.580968888127
1430    67.72045699388696
1450    67.85894233793103
1470    67.99583615039717
1490    68.1307049967993
1510    68.26375528559791
1530    68.39559450742692
1550    68.52671748391035
1570    68.65724779823753
1590    68.78714245726295
1610    68.91636720738869
1630    69.04492272685337
1650    69.17283673475735
1670    69.30018535692537
1690    69.42711232048624
1710    69.5537716700158
1730    69.68029677463332
1760    69.86997675784323
1790    70.0593361228751
1820    70.24751662704868
1850    70.43338064887806
1880    70.61607717956724
1910    70.79502953141187
1940    70.96979590284849
1970    71.14003603780637
2000    71.30532942684596
2030    71.46517978671585
2060    71.61935795186508
2090    71.76805243419365
2120    71.9116440777064
2150    72.05043873016729
2180    72.1844463288507
2210    72.3131471078797
2240    72.43581704154198
2270    72.55127692092691
2300    72.65892322132314
2330    72.75845334364934
2360    72.84929515825988
2390    72.93102778927931
2420    73.00377844905518
2460    73.08672115467942
2500    73.15341320052336
2540    73.20404397186522
2580    73.24048410152741
2620    73.26376296908178
2660    73.2740868543277
2700    73.27267279301861
2740    73.26108765048937
2780    73.2416858877516
2820    73.21628250737572
2860    73.18605189389794
2900    73.15170329098703
2940    73.1138595884631
2980    73.07342837573086
3020    73.03096238848883
3060    72.98685176637906
3100    72.9415571997726
3150    72.88423013018758
3200    72.82729297067155
3250    72.7727184593605
3300    72.72287592145057
3350    72.67924453123842
3400    72.64191993416182
3450    72.61050145554725
3500    72.585884263
3550    72.56929369114852
3600    72.56194196079724
3650    72.56434519435498
3700    72.57644037203883
3750    72.59658666937236
3800    72.62399855294652
3860    72.66595735036667
3920    72.71761481129187
3980    72.77609710890452
4040    72.83826117815391
4100    72.89969487393755
4160    72.95630484673106
4220    73.00549532936296
4280    73.047388127911
4340    73.08216060849793
4400    73.10711006752376
4460    73.11569623837488
4520    73.099767755897
4590    73.04528322493852
4660    72.95264898294442
4730    72.81891382261207
4800    72.64230910454891
4870    72.42343854251456
4940    72.16390374776417
5010    71.86791677959272
5080    71.54042479344385
5150    71.18716247797292
5220    70.81744962014415
5300    70.38359792330004
5380    69.94589100732665
5460    69.51182038626239
5540    69.08995725277418
5620    68.6926390230777
5700    68.32987633913163
5780    68.0024096077591
5860    67.69722125168033
5950    67.370588100406
6040    67.05964903894895
6130    66.76957903664471
6220    66.50892141460568
6310    66.28310823889785
6400    66.09131752716591
6490    65.93629111589661
6580    65.81652676495968
6680    65.72453689752987
6780    65.67702683920592
6880    65.67229635767158
6980    65.70863292885636
7080    65.78454150583042
7180    65.8976895490971
7280    66.04277355699045
7390    66.23044069436745
7500    66.44077591987323
7610    66.6616667184346
7720    66.87060129230821
7830    67.04150909630849
7940    67.14977174487902
8060    67.16474517350599
8180    67.04658353198533
8300    66.78882928490341
8420    66.39795742850356
8540    65.8913501311954
8660    65.2982527121083
8790    64.59748291870557
8920    63.87489269027539
9050    63.16324316303192
9180    62.487736242862105
9310    61.86103702512314
9450    61.24777717436067
9590    60.7031807027757
9730    60.232111423003055
9870    59.838679467649
10010    59.527186889727034
10160    59.283475213573624
10310    59.13491845889092
10460    59.088604878589734
10610    59.15307213047517
10760    59.33866170091452
10920    59.67295175231613
11080    60.180264106731016
11240    60.91103249576312
11400    61.90604069458993
11570    63.39550318326426
11740    65.13421105780583
11910    66.7699481987169
12080    68.00260578808596
12260    68.07803621643995
12440    67.3003131889683
12620    65.91830296073647
12800    64.38885532901395
12990    62.929272731144906
13180    61.556759518487695
13370    60.511465013116066
13560    59.73378531230007
13760    59.1750840228157
13960    58.901870359980435
14160    59.00669276852176
14370    59.390529212788195
14580    60.13928810688286
14790    61.08316353632446
15010    62.12316736304289
15230    62.56122990521159
15450    61.74166724954534
15670    59.81537455055363
15900    57.24876560170003
16130    54.70034953006346
16360    52.49843035626134
16600    50.61171846146334
16840    49.038143658593185
17080    47.7199744578914
17330    46.58176870031264
17580    45.62946762384925
17840    44.77988525370909
18100    44.00690204188152
18360    43.227602981720075
18630    42.293625494379114
18900    41.0651611937189
19170    39.28541281682049
19450    36.82069178881598
19730    35.47213257526567
20000    35.37907294222422
