
Frequency	dB	Unweighted
20	65.75
20.3	65.75
20.6	65.75
20.9	65.7
21.2	65.65
21.5	65.65
21.8	65.65
22.1	65.6
22.4	65.55
22.7	65.55
23	65.5
23.3	65.45
23.6	65.45
23.9	65.4
24.2	65.4
24.6	65.35
25	65.3
25.4	65.25
25.8	65.25
26.2	65.2
26.6	65.15
27	65.1
27.4	65.05
27.8	65.05
28.2	64.95
28.6	64.95
29	64.9
29.4	64.85
29.8	64.8
30.2	64.75
30.6	64.7
31	64.7
31.5	64.6
32	64.6
32.5	64.5
33	64.5
33.5	64.4
34	64.4
34.5	64.3
35	64.25
35.5	64.2
36	64.15
36.5	64.1
37	64.0
37.5	64.0
38	63.900000000000006
38.6	63.900000000000006
39.2	63.8
39.8	63.75
40.4	63.7
41	63.599999999999994
41.6	63.599999999999994
42.2	63.5
42.8	63.5
43.4	63.400000000000006
44	63.35
44.6	63.35
45.2	63.25
45.9	63.25
46.6	63.15
47.3	63.1
48	63.05
48.7	62.95
49.4	62.95
50.1	62.85
50.8	62.8
51.5	62.75
52.2	62.65
53	62.6
53.8	62.55
54.6	62.45
55.4	62.4
56.2	62.3
57	62.3
57.8	62.2
58.6	62.150000000000006
59.5	62.05
60.4	62.05
61.3	61.95
62.2	61.9
63.1	61.849999999999994
64	61.75
65.8	61.650000000000006
66.8	61.6
67.8	61.55
68.8	61.5
69.8	61.4
70.8	61.35
71.8	61.25
72.8	61.2
73.9	61.15
75	61.05
76.1	61.0
77.2	60.900000000000006
78.3	60.8
79.4	60.7
80.6	60.599999999999994
81.8	60.5
83	60.400000000000006
84.2	60.3
85.4	60.15
86.6	60.05
87.9	60.0
89.2	59.85
90.5	59.75
91.8	59.6
93.1	59.5
94.5	59.4
95.9	59.35
97.3	59.25
98.7	59.15
100	59.099999999999994
102	59.05
104	58.95
106	58.95
108	59.0
110	59.099999999999994
112	59.3
114	59.55
116	59.849999999999994
118	60.150000000000006
120	60.4
122	60.599999999999994
124	60.7
126	60.75
128	60.7
130	60.7
132	60.6
134	60.5
136	60.4
138	60.3
140	60.2
142	60.1
144	60.0
146	59.9
148	59.8
150	59.7
152	59.6
154	59.5
156	59.45
158	59.349999999999994
160	59.3
162	59.2
166	59.15
168	59.099999999999994
170	59.05
173	59.05
176	59.0
179	59.0
182	58.900000000000006
185	58.900000000000006
188	58.900000000000006
191	58.900000000000006
194	58.900000000000006
197	58.85
200	58.85
203	58.85
206	58.8
209	58.8
212	58.8
215	58.75
218	58.7
221	58.65
224	58.65
227	58.599999999999994
233	58.5
239	58.400000000000006
243	58.35
247	58.25
251	58.2
255	58.15
259	58.05
263	58.05
267	57.95
271	57.900000000000006
275	57.85
279	57.75
283	57.75
287	57.65
295	57.55
303	57.45
307	57.45
312	57.35
317	57.3
322	57.25
327	57.2
332	57.1
337	57.1
342	57.0
347	56.95
352	56.849999999999994
362	56.75
367	56.650000000000006
372	56.650000000000006
377	56.55
383	56.55
389	56.45
401	56.5
407	56.5
413	56.55
419	56.599999999999994
425	56.7
431	56.75
437	56.8
443	56.900000000000006
449	57.0
456	57.05
463	57.15
470	57.25
477	57.3
484	57.35
491	57.45
498	57.55
505	57.6
512	57.65
519	57.75
527	57.8
535	57.900000000000006
543	58.0
551	58.099999999999994
559	58.2
567	58.3
575	58.400000000000006
583	58.45
592	58.6
601	58.65
610	58.7
619	58.8
628	58.85
637	58.9
646	58.95
655	59.05
665	59.099999999999994
675	59.15
685	59.25
695	59.3
705	59.35
715	59.400000000000006
725	59.45
736	59.55
747	59.55
758	59.65
769	59.7
780	59.75
791	59.8
803	59.85
815	59.95
827	60.0
839	60.1
851	60.15
863	60.25
876	60.35
889	60.45
902	60.55
915	60.65
928	60.7
942	60.8
956	60.900000000000006
970	61.0
984	61.15
1030	61.55
1070	61.85
1090	62.05
1110	62.2
1130	62.35
1150	62.55
1170	62.65
1190	62.85
1210	62.95
1230	63.15
1250	63.25
1270	63.45
1290	63.599999999999994
1310	63.7
1330	63.900000000000006
1350	64.0
1370	64.2
1390	64.3
1410	64.44999999999999
1430	64.6
1490	64.94999999999999
1510	65.1
1530	65.25
1550	65.4
1570	65.5
1590	65.6
1650	66.05
1670	66.15
1690	66.25
1710	66.4
1730	66.5
1760	66.7
1790	66.9
1820	67.1
1850	67.25
1880	67.45
1910	67.65
1940	67.80000000000001
1970	68.0
2000	68.19999999999999
2030	68.35
2060	68.5
2090	68.69999999999999
2120	68.85
2150	69.0
2180	69.15
2210	69.30000000000001
2240	69.44999999999999
2270	69.6
2300	69.69999999999999
2330	69.80000000000001
2360	69.9
2390	70.05
2420	70.15
2460	70.25
2500	70.35
2540	70.45
2580	70.5
2620	70.55
2660	70.6
2700	70.6
2740	70.65
2780	70.65
2820	70.6
2860	70.6
2900	70.6
2940	70.55000000000001
2980	70.55000000000001
3020	70.44999999999999
3060	70.4
3100	70.4
3150	70.3
3200	70.2
3250	70.15
3300	70.1
3350	70.05
3400	69.95
3450	69.95
3500	69.85
3550	69.85
3600	69.75
3650	69.75
3750	69.7
3860	69.7
3920	69.7
3980	69.7
4040	69.8
4100	69.8
4160	69.9
4220	69.94999999999999
4280	70.0
4340	70.1
4400	70.2
4520	70.3
4590	70.35
4660	70.35
4730	70.4
4800	70.35
4870	70.30000000000001
4940	70.15
5010	70.05
5080	69.85
5150	69.65
5220	69.4
5300	69.15
5380	68.9
5460	68.55000000000001
5540	68.30000000000001
5620	68.0
5700	67.69999999999999
5780	67.45
5860	67.2
5950	66.95
6040	66.7
6130	66.5
6220	66.3
6310	66.1
6490	65.9
6580	65.85
6680	65.8
6780	65.8
6880	65.85
6980	65.95
7080	66.05
7180	66.1
7280	66.19999999999999
7390	66.35
7500	66.4
7610	66.4
7720	66.30000000000001
7830	66.05
7940	65.65
8060	65.0
8180	64.15
8300	63.25
8420	62.25
8540	61.3
8660	60.45
8790	59.5
8920	58.650000000000006
9050	57.8
9310	56.35
9590	55.45
9730	55.7
9870	56.75
10010	58.25
10160	60.0
10310	61.45
10460	62.5
10610	63.1
10760	63.6
10920	64.1
11080	64.7
11240	65.5
11400	66.3
11570	67.0
11740	67.25
11910	66.85
12080	65.85
12260	64.35
12440	62.849999999999994
12620	61.45
12800	60.25
12990	59.25
13180	58.45
13370	57.9
13560	57.6
13760	57.5
13960	57.650000000000006
14160	57.95
14370	58.400000000000006
14580	58.95
14790	59.3
15010	59.2
15230	58.6
15450	57.6
15670	56.5
15900	55.2
16130	54.05
16360	53.05
16600	52.2
16840	51.45
17080	50.7
17330	50.05
17580	49.5
17840	48.85
18100	48.1
18360	47.35
18630	46.650000000000006
18900	46.150000000000006
19170	45.75
19450	45.400000000000006
19730	45.25
20000	45.25
