
Frequency	dB	Unweighted
20	69.3
20.3	69.2
20.6	69.2
20.9	69.2
21.2	69.2
21.5	69.15
21.8	69.15
22.1	69.1
22.4	69.05
22.7	69.05
23	69.05
23.3	69.0
23.6	68.95
23.9	68.95
24.2	68.9
24.6	68.9
25	68.8
25.4	68.8
25.8	68.75
26.2	68.75
26.6	68.65
27	68.65
27.4	68.6
27.8	68.55000000000001
28.2	68.5
28.6	68.5
29	68.44999999999999
29.4	68.4
29.8	68.4
30.2	68.30000000000001
30.6	68.30000000000001
31	68.25
31.5	68.15
32	68.15
32.5	68.05
33	68.05
33.5	67.95
34	67.9
34.5	67.85
35.5	67.8
36	67.7
36.5	67.7
37	67.6
37.5	67.55
38	67.5
38.6	67.45
39.2	67.35
39.8	67.35
40.4	67.25
41	67.19999999999999
41.6	67.1
42.2	67.1
42.8	67.0
43.4	66.94999999999999
44	66.9
44.6	66.85
45.2	66.75
45.9	66.69999999999999
46.6	66.65
47.3	66.55000000000001
48	66.44999999999999
48.7	66.44999999999999
49.4	66.35
50.1	66.25
50.8	66.15
51.5	66.1
52.2	66.05000000000001
53	66.0
53.8	65.9
54.6	65.8
55.4	65.75
56.2	65.65
57	65.6
57.8	65.5
58.6	65.44999999999999
59.5	65.4
60.4	65.25
61.3	65.2
62.2	65.2
63.1	65.1
64	65.05
64.9	65.05
65.8	64.95
66.8	64.95
67.8	64.9
68.8	64.85
69.8	64.8
70.8	64.8
71.8	64.75
72.8	64.69999999999999
73.9	64.69999999999999
75	64.65
76.1	64.6
77.2	64.55000000000001
78.3	64.44999999999999
79.4	64.35
80.6	64.30000000000001
81.8	64.19999999999999
83	64.1
84.2	64.05
85.4	63.95
86.6	63.8
87.9	63.75
89.2	63.650000000000006
90.5	63.55
91.8	63.45
93.1	63.349999999999994
94.5	63.25
95.9	63.150000000000006
97.3	63.05
98.7	62.95
100	62.849999999999994
102	62.650000000000006
104	62.5
106	62.349999999999994
108	62.2
110	62.05
112	61.9
114	61.8
116	61.650000000000006
118	61.55
120	61.45
122	61.4
124	61.349999999999994
126	61.45
128	61.5
130	61.6
132	61.75
134	61.8
136	61.900000000000006
138	62.0
140	62.05
142	62.05
144	62.05
148	62.0
150	62.0
152	62.0
154	61.95
156	62.0
158	62.0
162	62.0
166	62.05
173	61.95
176	61.849999999999994
179	61.75
185	61.55
188	61.45
194	61.2
197	61.1
200	61.0
203	60.9
206	60.8
209	60.7
212	60.6
215	60.5
218	60.4
221	60.3
224	60.25
227	60.2
233	60.0
236	60.0
243	59.85
247	59.8
251	59.7
255	59.65
259	59.55
263	59.5
267	59.400000000000006
271	59.35
275	59.25
283	59.15
287	59.05
291	58.95
295	58.85
299	58.8
303	58.7
307	58.6
312	58.55
317	58.45
322	58.349999999999994
327	58.25
332	58.150000000000006
337	58.1
342	57.95
347	57.9
352	57.8
357	57.7
362	57.650000000000006
367	57.55
372	57.5
377	57.45
383	57.4
389	57.349999999999994
395	57.35
401	57.400000000000006
407	57.400000000000006
413	57.5
425	57.6
431	57.7
437	57.75
443	57.75
449	57.8
456	57.8
463	57.85
477	57.85
484	57.900000000000006
491	57.900000000000006
512	58.0
519	58.0
527	58.05
535	58.099999999999994
543	58.2
551	58.2
559	58.3
575	58.400000000000006
583	58.5
601	58.599999999999994
610	58.65
619	58.65
628	58.7
637	58.75
646	58.8
655	58.8
675	58.85
695	58.9
736	59.1
747	59.2
769	59.25
780	59.349999999999994
791	59.4
803	59.5
815	59.55
827	59.65
839	59.65
851	59.75
863	59.85
876	59.900000000000006
889	60.0
902	60.05
915	60.15
928	60.25
942	60.3
956	60.45
984	60.65
998	60.75
1010	60.85
1020	60.95
1030	60.95
1050	61.15
1070	61.25
1090	61.45
1110	61.55
1130	61.65
1150	61.85
1170	61.95
1190	62.099999999999994
1210	62.25
1230	62.35
1250	62.5
1270	62.599999999999994
1290	62.75
1350	63.099999999999994
1390	63.400000000000006
1430	63.65
1450	63.75
1470	63.849999999999994
1490	64.0
1510	64.15
1530	64.25
1570	64.5
1590	64.6
1650	64.9
1670	65.05000000000001
1710	65.3
1730	65.4
1820	65.9
1880	66.3
1910	66.44999999999999
1940	66.6
1970	66.8
2000	67.0
2030	67.15
2090	67.5
2120	67.7
2150	67.85
2240	68.4
2300	68.75
2360	69.05000000000001
2390	69.25
2420	69.4
2460	69.65
2500	69.85
2540	70.05000000000001
2580	70.19999999999999
2620	70.4
2660	70.55000000000001
2700	70.75
2740	70.9
2780	71.05000000000001
2820	71.15
2860	71.25
2900	71.35
2940	71.44999999999999
2980	71.55000000000001
3020	71.55000000000001
3060	71.65
3100	71.65
3150	71.65
3200	71.65
3250	71.65
3300	71.65
3400	71.55000000000001
3500	71.4
3600	71.25
3750	70.94999999999999
3800	70.85
3860	70.75
3920	70.65
3980	70.55000000000001
4040	70.35
4100	70.25
4160	70.15
4220	70.05000000000001
4280	69.94999999999999
4340	69.80000000000001
4400	69.65
4460	69.55000000000001
4590	69.25
4730	68.9
4800	68.75
4870	68.6
5010	68.2
5080	68.0
5150	67.8
5220	67.65
5300	67.4
5380	67.25
5460	67.0
5620	66.69999999999999
5700	66.5
5780	66.35
5860	66.25
5950	66.1
6130	65.9
6220	65.8
6310	65.80000000000001
6400	65.75
6490	65.8
6580	65.85
6780	66.05
6880	66.15
6980	66.3
7080	66.4
7180	66.55
7280	66.7
7390	66.85
7610	66.95
7720	66.95
7940	66.7
8060	66.45
8180	66.15
8300	65.69999999999999
8420	65.25
8540	64.75
8660	64.2
8790	63.599999999999994
9050	62.5
9180	62.0
9310	61.599999999999994
9450	61.2
9590	60.9
9730	60.650000000000006
9870	60.5
10010	60.45
10310	60.65
10460	60.85
10610	61.2
10760	61.7
10920	62.45
11240	64.35
11400	65.65
11570	67.30000000000001
11740	68.9
11910	69.9
12080	70.19999999999999
12260	69.35
12440	67.9
12620	66.35
12800	65.0
12990	63.9
13180	62.900000000000006
13370	61.65
13560	59.95
14160	58.35
14580	59.85
14790	59.95
15010	59.65
15230	59.25
15450	58.7
15670	58.25
15900	57.8
16130	57.4
16360	57.05
16600	56.8
16840	56.35
17080	55.4
17330	53.9
17580	51.95
17840	49.85
18100	47.7
18900	42.849999999999994
19170	41.6
19450	39.45
19730	36.0
