
Frequency	dB	Unweighted
20	65.4
20.3	65.4
20.6	65.4
20.9	65.35
21.2	65.35
21.5	65.30000000000001
21.8	65.30000000000001
22.1	65.30000000000001
22.4	65.25
22.7	65.25
23	65.19999999999999
23.3	65.15
23.6	65.15
23.9	65.15
24.2	65.05
24.6	65.05
25	65.0
25.4	64.95
25.8	64.95
26.2	64.95
26.6	64.9
27	64.9
27.4	64.9
27.8	64.85
28.6	64.85
29	64.75
29.4	64.75
29.8	64.75
30.2	64.75
30.6	64.75
31	64.69999999999999
31.5	64.69999999999999
32	64.65
32.5	64.65
33	64.6
33.5	64.55
34	64.5
34.5	64.45
35	64.4
35.5	64.4
36	64.3
36.5	64.3
37	64.2
37.5	64.2
38	64.15
38.6	64.1
39.2	64.0
39.8	64.0
40.4	63.9
41	63.849999999999994
41.6	63.8
42.2	63.75
42.8	63.7
43.4	63.650000000000006
44	63.6
44.6	63.55
45.2	63.55
45.9	63.45
46.6	63.45
47.3	63.349999999999994
48	63.3
48.7	63.25
49.4	63.150000000000006
50.1	63.1
50.8	63.05
51.5	63.0
52.2	62.95
53	62.849999999999994
53.8	62.8
54.6	62.75
55.4	62.650000000000006
56.2	62.650000000000006
57	62.55
57.8	62.55
58.6	62.45
59.5	62.349999999999994
60.4	62.349999999999994
61.3	62.25
62.2	62.2
63.1	62.1
64	62.05
64.9	62.0
65.8	61.9
66.8	61.849999999999994
67.8	61.75
68.8	61.650000000000006
69.8	61.55
70.8	61.55
71.8	61.45
72.8	61.349999999999994
73.9	61.25
75	61.2
76.1	61.1
77.2	61.0
78.3	60.9
79.4	60.8
80.6	60.7
81.8	60.650000000000006
84.2	60.45
85.4	60.4
86.6	60.4
87.9	60.35
89.2	60.3
90.5	60.3
91.8	60.3
93.1	60.2
94.5	60.15
95.9	60.15
97.3	60.05
98.7	60.0
100	60.0
102	59.95
104	59.95
106	60.0
108	60.15
110	60.3
112	60.45
114	60.650000000000006
116	60.8
118	60.9
120	61.05
122	61.099999999999994
124	61.05
126	61.05
128	60.95
130	60.9
132	60.8
134	60.75
136	60.650000000000006
138	60.55
140	60.45
142	60.349999999999994
144	60.25
146	60.2
148	60.150000000000006
150	60.05
152	59.95
154	59.9
156	59.849999999999994
158	59.75
162	59.650000000000006
164	59.55
166	59.5
168	59.45
170	59.4
173	59.3
176	59.2
179	59.1
182	59.05
185	59.0
188	58.9
191	58.849999999999994
194	58.75
197	58.7
200	58.650000000000006
203	58.55
206	58.55
209	58.45
212	58.45
215	58.349999999999994
221	58.25
224	58.25
227	58.2
230	58.150000000000006
233	58.150000000000006
236	58.1
239	58.05
243	58.05
251	57.95
255	57.9
259	57.849999999999994
263	57.8
267	57.75
271	57.7
279	57.650000000000006
283	57.55
287	57.55
291	57.45
295	57.45
303	57.349999999999994
307	57.3
312	57.25
317	57.2
322	57.15
327	57.1
332	57.05
337	57.0
342	56.95
347	56.95
352	56.85
357	56.85
362	56.8
367	56.75
372	56.7
377	56.7
383	56.599999999999994
389	56.599999999999994
407	56.5
413	56.5
419	56.5
425	56.45
431	56.55
437	56.55
443	56.6
449	56.650000000000006
456	56.650000000000006
470	56.8
477	56.9
484	56.95
491	57.05
498	57.1
505	57.150000000000006
512	57.2
519	57.2
527	57.3
543	57.4
551	57.45
559	57.5
567	57.5
583	57.7
592	57.75
601	57.849999999999994
610	57.95
619	58.05
628	58.1
637	58.2
646	58.3
655	58.4
665	58.5
675	58.55
685	58.650000000000006
695	58.7
715	58.849999999999994
725	58.95
736	59.1
758	59.25
769	59.35
780	59.400000000000006
791	59.5
803	59.599999999999994
815	59.7
827	59.8
839	59.900000000000006
851	60.0
863	60.099999999999994
876	60.2
928	60.65
942	60.75
956	60.95
970	61.05
984	61.15
998	61.25
1010	61.4
1020	61.45
1030	61.55
1050	61.75
1070	61.95
1110	62.3
1130	62.45
1150	62.6
1170	62.8
1190	63.0
1210	63.1
1230	63.3
1250	63.5
1270	63.650000000000006
1290	63.8
1310	64.0
1330	64.19999999999999
1350	64.35
1370	64.55
1390	64.69999999999999
1410	64.9
1430	65.1
1450	65.30000000000001
1470	65.45
1490	65.65
1510	65.85
1530	66.05
1610	66.85
1650	67.35
1690	67.75
1710	67.95
1730	68.2
1760	68.55
1790	68.9
1820	69.25
1850	69.55
1880	69.9
1910	70.2
1940	70.55
1970	70.85
2000	71.1
2030	71.35
2090	71.75
2120	71.9
2150	72.05000000000001
2180	72.1
2240	72.15
2330	71.9
2360	71.8
2390	71.65
2420	71.5
2460	71.30000000000001
2540	70.75
2660	70.0
2780	69.3
2820	69.05
2860	68.85
2980	68.25
3020	68.05
3060	67.95
3100	67.75
3150	67.55
3200	67.45
3250	67.25
3350	66.95
3450	66.75
3500	66.65
3550	66.55
3600	66.45
3650	66.4
3700	66.30000000000001
3750	66.25
3800	66.19999999999999
3860	66.15
3920	66.1
3980	66.05
4040	66.05
4100	66.0
4160	66.0
4280	66.1
4400	66.44999999999999
4520	67.1
4590	67.65
4660	68.2
4730	68.65
4800	69.1
4870	69.4
4940	69.6
5010	69.7
5220	69.4
5380	68.65
5460	68.2
5700	66.7
5780	66.3
5860	66.0
5950	65.80000000000001
6040	65.8
6130	65.95
6220	66.0
6310	65.94999999999999
6400	65.80000000000001
6490	65.65
6580	65.55000000000001
6680	65.5
6780	65.55000000000001
6880	65.75
6980	66.0
7080	66.4
7180	66.80000000000001
7280	67.19999999999999
7390	67.5
7500	67.65
7610	67.6
7720	67.35
7830	66.8
7940	66.05000000000001
8060	65.1
8180	64.2
8300	63.349999999999994
8540	61.95
8660	61.5
8790	61.0
8920	60.45
9050	59.9
9310	61.1
9590	64.5
10160	68.05
10610	66.6
10920	65.85
11080	65.75
11240	65.75
11400	66.0
11570	66.35
11740	66.75
12080	66.9
12800	63.7
13370	65.15
13760	66.85
14160	69.0
14370	70.1
14580	70.85
14790	70.9
15450	66.1
15670	63.55
15900	59.7
16130	56.95
16360	56.75
16600	56.75
16840	56.15
17080	55.45
17580	54.2
18360	48.5
18630	46.8
18900	44.8
19170	42.8
19450	42.75
19730	43.55
20000	43.55
18100	51.150000000000006
17840	53.35
17330	54.8
15010	69.9
13960	67.9
13560	65.85
13180	64.45
12990	63.95
12620	63.7
12440	64.25
11910	67.05
10760	66.2
10460	67.2
10310	67.7
10010	67.9
9870	67.19999999999999
9450	62.8
9180	60.0
8420	62.55
9730	65.94999999999999
