20    67.6
20.3    67.60349999500002
20.6    67.602
20.9    67.5955
21.2    67.58600003166656
21.5    67.57824999437499
21.8    67.57149998750006
22.1    67.56825
22.4    67.566
22.7    67.56050001833327
23    67.549
23.3    67.52899991166696
23.6    67.5025
23.9    67.47512499999999
24.2    67.45166661888874
24.6    67.43475001624992
25    67.43
25.4    67.428
25.8    67.41449992250038
26.2    67.3835000774996
26.6    67.34474999999999
27    67.31300001833327
27.4    67.29725001187504
27.8    67.29075
28.2    67.2828
28.6    67.2667
29    67.23949999999999
29.4    67.20830000000001
29.8    67.1822
30.2    67.159
30.6    67.13466671111095
31    67.10250002125005
31.5    67.053
32    67.0065
32.5    66.98150000000001
33    66.97149999999999
33.5    66.95949999999999
34    66.9295
34.5    66.8835
35    66.83500000000001
35.5    66.7935
36    66.755
36.5    66.7115
37    66.6655
37.5    66.6275
38    66.60500003214281
38.6    66.580400039
39.2    66.54212502578127
39.8    66.4957
40.4    66.44849989999966
41    66.40516666666667
41.6    66.35699997166657
42.2    66.30342853224495
42.8    66.2544999283331
43.4    66.2167499729168
44    66.18571435612236
44.6    66.15633339777798
45.2    66.12440000000001
45.9    66.06207149061215
46.6    65.96983328361094
47.3    65.88464282551024
48    65.84928573316324
48.7    65.835500017
49.4    65.7880001357141
50.1    65.72843749304687
50.8    65.68949995571435
51.5    65.6585
52.2    65.60600007499988
53    65.5325
53.8    65.47099994214294
54.6    65.42328572459182
55.4    65.36225006656258
56.2    65.3025
57    65.2765
57.8    65.2089
58.6    65.0942
59.5    65.02475
60.4    65.01149998874999
61.3    64.94142853653067
62.2    64.8355001164284
63.1    64.76814999999999
64    64.69749999999999
64.9    64.6363
65.8    64.59029999999998
66.8    64.5269
67.8    64.4631
68.8    64.3997
69.8    64.3298
70.8    64.2727
71.8    64.20840000000001
72.8    64.14500000000001
73.9    64.0767
75    63.998999999999995
76.1    63.925208148853706
77.2    63.86426919322494
78.3    63.79569242840209
79.4    63.72975008312521
80.6    63.655749898124746
81.8    63.57369219647954
83    63.497807756212865
84.2    63.419833501667085
85.4    63.323833261666486
86.6    63.2381921607104
87.9    63.1691
89.2    63.135333333333335
90.5    63.055791541145524
91.8    62.92319213994122
93.1    62.781500159230404
94.5    62.61058349479207
95.9    62.496874877187196
97.3    62.42423074562136
98.7    62.36184627420091
100    62.3315
102    62.235
104    62.07757154489779
106    61.944
108    61.74333333333333
110    61.59056241445302
112    61.444500000000005
114    61.28050021250053
116    61.130954457437895
118    60.992000000000004
120    60.83699988076914
122    60.6905
124    60.55288082131507
126    60.44133333333333
128    60.3485
130    60.282785714285716
132    60.2235
134    60.213499999999996
136    60.2625
138    60.376000000000005
140    60.542500000000004
142    60.76016666666666
144    60.984
146    61.212
148    61.4263
150    61.6055
152    61.6971
154    61.7584
156    61.7858
158    61.7794
160    61.742999999999995
162    61.6922
164    61.6303
166    61.5567
168    61.474900000000005
170    61.3925
173    61.2751
176    61.1525
179    61.019000000000005
182    60.885000000000005
185    60.7565
188    60.6298
191    60.5028
194    60.377399999999994
197    60.2576
200    60.1425
203    60.039500000000004
206    59.933
209    59.831500000000005
212    59.7405
215    59.660250000000005
218    59.592
221    59.526875000000004
224    59.468
227    59.4045
230    59.346000000000004
233    59.2855
236    59.21
239    59.141375
243    59.049499999999995
247    58.951
251    58.852125
255    58.759125
259    58.6725
263    58.58316666666667
267    58.501000000000005
271    58.42183333333334
275    58.33775
279    58.258375
283    58.1862
287    58.113600000000005
291    58.0393
295    57.966499999999996
299    57.8737
303    57.80437500000001
307    57.74
312    57.638374999999996
317    57.535
322    57.4365
327    57.3437
332    57.2422
337    57.1498
342    57.0605
347    56.9775
352    56.9095
357    56.8318
362    56.738299999999995
367    56.647800000000004
372    56.5818
377    56.51857142857143
383    56.4456
389    56.385625
395    56.3185
401    56.29683333333334
407    56.29533333333333
413    56.31075
419    56.35442857142857
425    56.429
431    56.546
437    56.681
443    56.82157142857143
449    56.97625000000001
456    57.15678571428572
463    57.34291666666667
470    57.52957142857143
477    57.68057142857143
484    57.8223
491    57.95907142857143
498    58.06516666666667
505    58.141625000000005
512    58.18685714285714
519    58.22714285714286
527    58.2793125
535    58.321875
543    58.36007142857143
551    58.39521428571429
559    58.4345
567    58.46925
575    58.499750000000006
583    58.52725
592    58.5535
601    58.5696875
610    58.591142857142856
619    58.61564285714286
628    58.633375
637    58.6524
646    58.6716
655    58.68925
665    58.70625
675    58.725
685    58.7485
695    58.77225
705    58.793
715    58.814
725    58.838
736    58.8718
747    58.917500000000004
758    58.964
769    59.00688461538462
780    59.05161538461539
791    59.106
803    59.18925
815    59.298692307692306
827    59.42030769230769
839    59.53516666666667
851    59.63854166666667
863    59.73553846153846
876    59.8467
889    59.958333333333336
902    60.06641666666667
915    60.172384615384615
928    60.275653846153844
942    60.38733333333333
956    60.502250000000004
970    60.61673076923077
984    60.73607692307692
998    60.86225
1010    60.96983333333334
1020    61.05983333333333
1030    61.150499999999994
1050    61.3368125
1070    61.519999999999996
1090    61.707499999999996
1110    61.895428571428575
1130    62.084
1150    62.2745
1170    62.468590909090906
1190    62.661346153846154
1210    62.85521428571428
1230    63.052595238095236
1250    63.2475
1270    63.44566666666667
1290    63.64485714285714
1310    63.84257142857143
1330    64.04125
1350    64.24025
1370    64.43975
1390    64.6385
1410    64.8375
1430    65.0385
1450    65.244
1470    65.4528
1490    65.6583
1510    65.86869999999999
1530    66.0855
1550    66.3035
1570    66.5291
1590    66.7517
1610    66.97729999999999
1630    67.208
1650    67.44200000000001
1670    67.684
1690    67.93169999999999
1710    68.1791
1730    68.4271
1760    68.8127
1790    69.2033
1820    69.60810000000001
1850    70.0145
1880    70.4169
1910    70.8303
1940    71.2419
1970    71.6521
2000    72.0625
2030    72.45150000000001
2060    72.8275
2090    73.1845
2120    73.515
2150    73.806375
2180    74.0745
2210    74.28675
2240    74.4555
2270    74.5735
2300    74.644
2330    74.668
2360    74.6465
2390    74.583125
2420    74.50133333333333
2460    74.35024999999999
2500    74.164
2540    73.96700000000001
2580    73.768
2620    73.56899999999999
2660    73.38012499999999
2700    73.20416666666667
2740    73.048
2780    72.90549999999999
2820    72.78290000000001
2860    72.682
2900    72.6
2940    72.5428
2980    72.5024
3020    72.478
3060    72.471
3100    72.481125
3150    72.5175
3200    72.54249999999999
3250    72.575
3300    72.59299999999999
3350    72.584
3400    72.5565
3450    72.53399999999999
3500    72.5625
3550    72.6685
3600    72.8565
3650    73.122
3700    73.435
3750    73.77799999999999
3800    74.16300000000001
3860    74.6438
3920    75.14487500000001
3980    75.6512
4040    76.13433333333333
4100    76.56166666666667
4160    76.88666666666666
4220    77.05121428571428
4280    77.04599999999999
4340    76.82900000000001
4400    76.42242857142857
4460    75.89599999999999
4520    75.30439999999999
4590    74.64771428571427
4660    74.08616666666667
4730    73.68692857142858
4800    73.45121428571429
4870    73.3565
4940    73.38399999999999
5010    73.4624375
5080    73.54249999999999
5150    73.561
5220    73.479
5300    73.2475
5380    72.912
5460    72.55642857142857
5540    72.243
5620    71.9691
5700    71.7495
5780    71.5343
5860    71.3638
5950    71.23275
6040    71.15725
6130    71.12678571428572
6220    71.14150000000001
6310    71.21345
6400    71.3255
6490    71.5001
6580    71.7295
6680    72.038
6780    72.40039999999999
6880    72.7926
6980    73.182
7080    73.52029999999999
7180    73.7511
7280    73.8365
7390    73.7314
7500    73.405
7610    72.8935
7720    72.23969230769231
7830    71.50365384615384
7940    70.72575
8060    69.872
8180    69.05307692307693
8300    68.2875
8420    67.58633333333333
8540    66.95949999999999
8660    66.40834615384615
8790    65.8911
8920    65.46296666666666
9050    65.10220833333332
9180    64.83276923076923
9310    64.63546153846153
9450    64.49891666666667
9590    64.444
9730    64.47007692307693
9870    64.56692307692308
10010    64.74566666666666
10160    65.03306666666666
10310    65.43217857142857
10460    65.9640625
10610    66.63093333333333
10760    67.44933333333333
10920    68.47675
11080    69.603
11240    70.71000000000001
11400    71.72483333333332
11570    72.40156818181818
11740    72.76
11910    72.36546153846155
12080    71.72942857142857
12260    70.53628571428571
12440    69.099
12620    67.04140000000001
12800    64.2565
12990    59.75051428571429
13180    55.6911
13370    55.32325
13560    58.548700000000004
13760    62.9047
13960    65.2328
14160    65.48070000000001
14370    65.11635
14580    64.39771999999999
14790    63.886359999999996
15010    63.718379999999996
15230    63.792739999999995
15450    63.622299999999996
15670    63.32096
15900    62.296099999999996
16130    60.21722
16360    57.54286
16600    54.8085
16840    52.40514
17080    50.43666
17330    48.974320000000006
17580    48.19994
17840    48.16576
18100    48.7282
18360    49.326719999999995
18630    49.33996
18900    49.1458
19170    49.71346
19450    48.2565
19730    43.753879999999995
20000    43.4
