20.484770486920567    -3.201255363101861
21.050583722685367    -3.019466073414911
21.632025379474985    -2.8319958684252384
22.229527132493015    -2.678611155251872
22.843532580315234    -2.5025027808676334
23.474497574227147    -2.343437152391548
24.122890556658025    -2.184371523915466
24.789192908962992    -2.036667726044815
25.473899308811294    -1.8946448434768826
26.177518097445898    -1.7526219609089466
26.90057165708742    -1.6105990783410178
27.643596798762186    -1.496980772286669
28.407145160842777    -1.3720006356268897
29.191783618596524    -1.2527014142698256
29.98447537129939    -1.1402192912760256
30.826677043456144    -1.014102971555701
31.678145791762148    -0.8891228348959181
32.55313309927972    -0.775504528841573
33.452288576025026    -0.6732480533926619
34.376279775000086    -0.6107579850627687
35.32579268779879    -0.5312251708247295
36.30153225390238    -0.4403305259812491
37.30422288404222    -0.3835213729540783
38.33460899801836    -0.36647862704592526
39.39345557737332    -0.32671221992690747
40.53673551007086    -0.31535038932146975
41.59969629042514    -0.31535038932146975
42.748728386242234    -0.31535038932146975
43.92949808773797    -0.31535038932146975
45.14288202457126    -0.28694581280788256
46.389781039933915    -0.24717940568886476
47.671120859356584    -0.17900842205625622
48.98785277798798    -0.1278801843318007
50.36381987476374    -0.06425393294136938
51.73143019864629    0.002780867630701067
53.160312593502766    -0.01047460140897627
54.62866238546176    -0.11935881137772242
56.13756971003035    -0.18468933735897153
57.688154813528826    -0.3380740505323381
59.339283396380296    -0.5685568999568709
61.09709414967584    -0.8704569703298475
62.743950124983705    -1.2271372954075979
63.6045782324919    -1.4288097886540605
65.21317290946278    -1.604918163038299
67.01443675090789    -1.701493723184491
68.86545359901933    -1.6958128078817758
70.86407215131248    -1.5696964881614512
72.72228121736634    -1.3322342285078683
74.73095538211071    -1.0709121245828719
76.7951114683868    -0.877761004290484
78.91628195153139    -0.6959717146035302
81.46514407206898    -0.5425870014301601
83.71530629863105    -0.4460114412839715
86.02762062844566    -0.377840457651363
88.40380377504262    -0.32103130462418505
90.96946584628752    -0.25399650405212526
93.35488177057567    -0.24717940568886476
95.93345240981111    -0.24717940568886476
98.58324617541572    -0.26990306689972954
101.7673178990491    -0.3380740505323381
104.57824982881274    -0.3835213729540783
107.4668229746061    -0.45737327188940213
110.43518187730655    -0.5198633402192954
113.4855303125096    -0.6164389003654875
116.62013292666155    -0.6732480533926619
119.841316918383    -0.7698236135388576
123.15147376623243    -0.8209518512633132
126.5530610041937    -0.9175274114095053
130.04860404620356    -0.9856983950421103
133.6406980610747    -1.0595502939774377
137.3320098992074    -1.1277212776100463
141.12528007251834    -1.15612585412363
145.0233247890568    -1.2413395836643915
149.02903804382117    -1.2697441601779786
153.14539376732455    -1.3492769744160213
157.3754480335068    -1.394724296837758
161.7223413286321    -1.434490703956783
166.1893008828549    -1.4401716192594982
170.77964306618836    -1.4515334498649324
175.4967758506507    -1.4742571110758007
180.3442013404186    -1.4742571110758007
185.32551837186847    -1.5083426028921032
190.44442518543175    -1.5310662641029715
195.70472217125038    -1.5481090100111246
201.20166157807984    -1.5833306848879758
206.66521597567595    -1.6333227395518826
212.37355010838607    -1.6674082313681886
218.23955508288213    -1.6787700619736228
224.2675859515783    -1.6787700619736228
230.4621180585131    -1.6787700619736228
236.82775036194352    -1.6787700619736228
243.36920884871276    -1.6617273160654733
250.09135004292963    -1.6276418242491673
256.9991646115591    -1.6105990783410178
264.09778106960334    -1.5935563324328648
271.39246958762715    -1.5481090100111246
278.8886459044487    -1.5424280947084092
286.5918753479033    -1.536747179405694
294.50787696666845    -1.5083426028921032
303.05510748560636    -1.5219767996186242
311.00186712201605    -1.5083426028921032
319.59210116332787    -1.5083426028921032
328.419607480743    -1.5310662641029715
337.49093981106756    -1.5424280947084092
346.8128329129567    -1.582194501827427
356.3922075669479    -1.639003654854605
366.23617571360415    -1.6787700619736228
376.35204573357606    -1.7071746384872135
386.74732787350416    -1.7128555537899288
396.88867833657275    -1.6855871603368868
408.4072124384071    -1.6560464007627544
419.6878956428881    -1.5651517559192776
431.2801644650669    -1.4628952804703665
443.19262526285655    -1.3549578897187367
455.4341221118044    -1.2129350071508078
468.0137433711356    -1.082273955188306
480.94082843114603    -0.9345701573176548
493.1040858263048    -0.7993643731129865
507.876044463911    -0.6448434768790747
521.9041727394524    -0.5028205943111423
536.3197742676904    -0.3551167964404911
551.1335515114632    -0.21877482917527402
566.3565025481053    -0.1278801843318007
581.9999292346663    -0.018049155145934748
597.8039153838399    0.11299062450341424
614.5949864605761    0.24137931034482563
631.5708162945549    0.34363578579373666
649.015538333809    0.45725409184808186
666.942103927538    0.5651914825997117
685.3638221563059    0.6731288733513416
705.2545043263223    0.7753853488002527
723.7478010566626    0.883322739551879
743.7385588469442    1.0367074527252456
764.2814846665389    1.1503257587795943
785.3918300399665    1.2866677260448078
808.1855328372676    1.3889242014937224
829.3779035066399    1.5025425075480676
852.2862878380405    1.627522644207847
875.8274284443032    1.729779119656758
899.6101882917173    1.879755283648496
924.8783710925322    1.9740584776736014
950.4245896440597    2.0763149531225125
976.6764245259914    2.1785714285714235
1004.1092379304658    2.2819640870808833
1031.37544139784    2.3376370570475125
1059.8632331530978    2.4114889559828363
1089.1378909190419    2.462617193707292
1119.2211488519736    2.5421500079453345
1150.135341430927    2.6103209915779395
1181.9034200392766    2.695534721118701
1214.5489700043534    2.7182583823295694
1248.0962281077202    2.7353011282377224
1282.570100579095    2.7580247894485908
1317.996181587285    2.7750675353567438
1354.4007722418735    2.888685841411089
1391.8109001197445    2.9398140791355445
1430.2543393309497    3.0647942157953274
1469.7596311388425    3.1954552677578256
1510.3561051497234    3.377244557444776
1552.073901087809    3.5022246941045587
1594.9439911716263    3.661290322580644
1638.9982031084712    3.8033132051485765
1684.2692437240153    3.968059748927379
1730.7907232445746    4.13280629270618
1778.5971802500837    4.325957412998568
1827.7241073163148    4.524789448593673
1878.2079773653493    4.740664230096931
1930.0862707438798    4.966764659145081
1980.69730250768    5.226950580009532
2038.1812537253525    5.456459558239311
2094.478195445142    5.672334339742569
2152.3301243090914    5.842761798824089
2211.7799908744487    5.9961465119974555
2272.8719320429127    6.126807563959954
2335.6513038288617    6.30291593834419
2400.164715032639    6.490386143333861
2466.460061843976    6.740346416653422
2534.586563401202    7.007349435881135
2609.1985303347296    7.266777901371894
2673.7758005996066    7.604878436357856
2738.0039906871552    8.028778007309707
2800.8828477941474    8.441212458286984
2881.0486589933485    8.868254977185535
2956.40418254148    9.20813602415382
3030.8291644251094    9.635056809153026
3092.815863480189    10.022400550876634
3180.6494045569216    10.410217702208802
3268.5026481446253    10.688582552041948
3358.782500712823    10.944223740664228
3451.555988029753    11.160098522167488
3546.8919871934886    11.273716828221833
3644.86127776785    11.336206896551722
3745.5365943306824    11.319164150643571
3848.992680473641    11.228269505800094
3946.3358169201806    11.041935483870965
4063.2383330621396    10.684524755397153
4137.18215719187    10.36704274590815
4209.193606755911    10.166620054028284
4258.218519092412    9.804632130939137
4351.066973979889    9.419466073414904
4447.622717978042    9.027861645214257
4536.010224573833    8.615048466550133
4631.409190445432    8.269932861910057
4764.740328035963    7.916295884315904
4896.348009181645    7.666335610996343
5038.450202054922    7.592483712061018
5170.569251385425    7.529993643731128
5313.386400385965    7.450460829493085
5460.1483254946925    7.280033370411566
5610.963986025356    6.995987605275701
5765.94535087491    6.683537263626249
5900.275066796191    6.360536650700322
5979.266483169249    6.1523716828221815
6102.7093972798075    6.054849303458868
6342.875167219397    6.037806557550715
6524.418545056791    6.277757599146442
6667.761730690335    6.62786429365962
6820.88832893986    7.108469728269505
6966.224381276785    7.4999659485596215
7170.2590654886235    7.9049340537104715
7368.309977784965    8.109447004608294
7571.831287106472    8.171937072938183
7780.974092194691    8.11512791991101
7999.525502893282    8.035595105672968
8216.749567531804    7.933338630224057
8443.705767174984    7.825401239472427
8676.930761568812    7.586802796758301
8876.198363566362    7.285714285714285
9080.042189380503    6.8426028921023345
9175.375894380319    6.494930875576035
9274.517873365694    6.132488479262671
9421.320446665222    5.58570038137613
9530.690866440633    5.111059907834099
9632.213965114837    4.6497695852534555
9690.711976024266    4.229381852852374
9786.529921913425    3.8362625139043374
9840.005392044299    3.420419513745429
9909.510570246102    3.0233235340854883
9993.111338197561    2.6023677101541374
10119.836768168077    2.0578519783886833
10217.964182838612    1.5991180676942598
10311.188418947879    1.1844112505958968
10381.664337872455    0.7822024471635132
10476.382102597667    0.40044493882091103
10563.965671937922    -0.058573017638650526
10660.346674300894    -0.5482679167328826
10747.4344652055    -1.0737525822342313
10814.751483937645    -1.5560622914349302
10913.42054636152    -2.0707532178611174
11012.989822155467    -2.6416852057842064
11120.679482948153    -3.1834010578647494
11164.049622658455    -3.6625456856825096
11265.905528525303    -4.192575083426032
11368.69072312795    -4.8759891943429245
11460.842336520172    -5.572090682769215
11565.406049298233    -6.265162349700727
11690.28857116558    -6.879242241946837
11816.09370153982    -7.413654060066744
12005.397200380146    -7.916415064357224
12135.577421155753    -8.414915382170669
12365.043846939303    -8.711743206737651
12696.96743810516    -8.488293871497437
12939.497028261268    -7.933457810265377
13186.6592680944    -7.465729117008323
13556.019128901384    -7.047235023041477
13914.646266183794    -6.780232003813762
14298.985013518997    -6.8370411568409395
14689.17423163311    -7.21522780413612
14895.4892357315    -7.609645638010491
15065.557439718075    -7.998220244716354
15203.008996480905    -8.456913577444329
15353.330365744687    -8.973065310662644
15458.268809512247    -9.450262196090897
15611.11408734056    -9.885420308279048
15785.938924373599    -10.346223695262314
15945.471794781293    -10.722787223899577
16237.758107175227    -11.184361592245356
16530.039513455566    -11.59764818051804
16724.193928782144    -12.040759574129986
16986.618470510493    -12.420569340083091
17461.471626270948    -12.461147306531068
17943.777823862183    -12.232490465596698
18266.76776999411    -11.82650791128465
18439.405880756745    -11.444263467344673
18777.406914340794    -11.014786270459243
19252.297836489754    -11.004560622914354
19472.109597208084    -11.4698275862069
19605.19947603729    -11.924868901954557
19623.013387480623    -12.388431590656289
19694.431043292785    -12.824725885904975
19694.431043292785    -13.222389957095189
19761.62114103486    -13.779119656761488
19829.040466482238    -14.08588908310822
