20    65.15742255887987
20.3    65.15801359581295
20.6    65.15945685098674
20.9    65.16267577374657
21.2    65.16813768041678
21.5    65.1754129465134
21.8    65.18318015470989
22.1    65.18971029858011
22.4    65.19356405311373
22.7    65.1941896201414
23    65.19219748192754
23.3    65.18922479510749
23.6    65.18744998709019
23.9    65.18893511173061
24.2    65.19502271824778
24.6    65.21064000526415
25    65.2331573204741
25.4    65.25961063084819
25.8    65.28700707918017
26.2    65.31308612080625
26.6    65.33643814145293
27    65.35630061046587
27.4    65.3723940193446
27.8    65.38489082377906
28.2    65.39437570859327
28.6    65.4016528806164
29    65.40742157738252
29.4    65.41201548648775
29.8    65.4153788127422
30.2    65.41724208708838
30.6    65.41735889661939
31    65.4156477308374
31.5    65.41106036989927
32    65.40402339690111
32.5    65.39481899636134
33    65.38370787917017
33.5    65.3709432537007
34    65.35676045185889
34.5    65.34136632896701
35    65.32495778445286
35.5    65.30773368243686
36    65.28988383089744
36.5    65.27157582518689
37    65.25295916145976
37.5    65.23418108661951
38    65.21536561698132
38.6    65.19278637051207
39.2    65.17008934096359
39.8    65.14706178574113
40.4    65.1235215408318
41    65.09934551285349
41.6    65.07441640641441
42.2    65.0486278165687
42.8    65.02196346571137
43.4    64.99455597055601
44    64.9666489428908
44.6    64.93850723901554
45.2    64.9103650578726
45.9    64.87776215341658
46.6    64.84550842277432
47.3    64.81352337062893
48    64.78162491692954
48.7    64.74955730860617
49.4    64.7169369833715
50.1    64.68342294124756
50.8    64.64900174708214
51.5    64.61396141838671
52.2    64.57865062814345
53    64.53835978222828
53.8    64.49838248060784
54.6    64.4586230928944
55.4    64.4188960359433
56.2    64.37919910000247
57    64.339579509308
57.8    64.30006320293836
58.6    64.26073386257828
59.5    64.21681702841718
60.4    64.17326429441127
61.3    64.12997212000693
62.2    64.0867528732074
63.1    64.04339745750566
64    63.99971653992559
64.9    63.95562200833249
65.8    63.911057830603575
66.8    63.86099425253062
67.8    63.81068968804796
68.8    63.760634273717066
69.8    63.711066742588805
70.8    63.66196412136419
71.8    63.613254007019705
72.8    63.56493853388995
73.9    63.51226821003772
75    63.46003180451682
76.1    63.40812068974654
77.2    63.35641048922311
78.3    63.304728633490534
79.4    63.25289977112828
80.6    63.19605890595217
81.8    63.13889212241659
83    63.08148045712774
84.2    63.02383558691774
85.4    62.96588224107734
86.6    62.90754779948739
87.9    62.843960280598274
89.2    62.78002715167659
90.5    62.71589389422788
91.8    62.651989139640094
93.1    62.58873988356509
94.5    62.521523535311005
95.9    62.45513078367846
97.3    62.389383407634476
98.7    62.32404799188387
100    62.26349071192149
102    62.16999777362237
104    62.07575162304833
106    61.980870365107805
108    61.88585281422466
110    61.79095704587694
112    61.69615835609321
114    61.60141102132414
116    61.50660924500563
118    61.41186661147886
120    61.317306325143704
122    61.22305220436415
124    61.129324594013
126    61.03636433270456
128    60.94437700452116
130    60.853532029849376
132    60.76391429448944
134    60.67554228203259
136    60.58858126481515
138    60.503620877763396
140    60.42177593912946
142    60.344564735408866
144    60.27352025629234
146    60.209917279913626
148    60.15469117275288
150    60.10835850202701
152    60.07111151672653
154    60.0428782856622
156    60.02339113205996
158    60.012094666011535
160    60.008220082364446
162    60.01075552272731
164    60.01826275601289
166    60.02894119372462
168    60.04096454826281
170    60.05273003426389
173    60.06684223681724
176    60.07275598691722
179    60.06626880929811
182    60.04439581601437
185    60.0068593032838
188    59.95703692831103
191    59.90137194716078
194    59.84771426319128
197    59.803477854356295
200    59.77357135745575
203    59.75915209099087
206    59.75798211609644
209    59.765748448538915
212    59.77740169564065
215    59.788007446837725
218    59.79288227641631
221    59.78827937045426
224    59.772242544231375
227    59.744465629392835
230    59.70575704952259
233    59.65754474730699
236    59.60142159460042
239    59.53896119508235
243    59.44860763433344
247    59.35328687114617
251    59.255412068286915
255    59.15665589914005
259    59.0583325958828
263    58.96116690768392
267    58.86503285742642
271    58.76928455285441
275    58.67314677350737
279    58.57609744715873
283    58.47800160606677
287    58.379180036801856
291    58.28030776774989
295    58.181966598919516
299    58.08441214135571
303    57.987825303892734
307    57.892327259504874
312    57.774393563473105
317    57.65790736486318
322    57.5429056603752
327    57.429357348534865
332    57.31729282060912
337    57.20698962297401
342    57.09878963995824
347    56.99293893842119
352    56.88997358812357
357    56.79169976043943
362    56.70140591753986
367    56.624093713227936
372    56.566769309297975
377    56.537268709732714
383    56.548100026541235
389    56.61657840999343
395    56.74425287892284
401    56.925386691299195
407    57.14769138395179
413    57.39346929125
419    57.64243574957456
425    57.87628575820182
431    58.081709197894654
437    58.25190550180636
443    58.38581101486879
449    58.48676363870766
456    58.571148973461035
463    58.630046329849215
470    58.67307812009321
477    58.70705722778541
484    58.73648821185614
491    58.76449932615439
498    58.79338772360288
505    58.82497562176864
512    58.86093437596523
519    58.902230893128774
527    58.95578099442608
535    59.0149385625487
543    59.077465260239904
551    59.14052662006006
559    59.201494189091875
567    59.25870468231673
575    59.31159180187065
583    59.360418771076596
592    59.4107460179399
601    59.45599656250728
610    59.49550601344653
619    59.5293038879601
628    59.55833344864149
637    59.58415354638457
646    59.6090522032561
655    59.635115808759
665    59.667741053054286
675    59.70607387024114
685    59.75038138289152
695    59.799435747962946
705    59.85170311806705
715    59.90605060761429
725    59.9618056322506
736    60.02431150597518
747    60.08793447532199
758    60.15256181101691
769    60.21758947253011
780    60.28264204300756
791    60.34708662885575
803    60.416653540691556
815    60.48638134197801
827    60.558292257776664
839    60.63340657732708
851    60.71168032679883
863    60.79291877049024
876    60.884786144906776
889    60.98051515241801
902    61.07938545675701
915    61.181887111657886
928    61.28858530771578
942    61.408462036178406
956    61.533382566973486
970    61.66293980384014
984    61.79572292828396
998    61.92941195856238
1010    62.04450155131956
1020    62.141595261314365
1030    62.240362142689484
1050    62.441900772847035
1070    62.64461556904412
1090    62.846025983848875
1110    63.04671412050102
1130    63.24169087220611
1150    63.43101054281294
1170    63.623633486956834
1190    63.829133200001905
1210    64.04481794492257
1230    64.26223862119366
1250    64.47717079755591
1270    64.68849866441617
1290    64.89485335413974
1310    65.09355786732067
1330    65.28116483659296
1350    65.45864493475437
1370    65.62867945224144
1390    65.79073511858945
1410    65.94204663400161
1430    66.0854088043574
1450    66.22731834837943
1470    66.37250001684379
1490    66.52219300320894
1510    66.67555161112023
1530    66.83193779660249
1550    66.99142732196975
1570    67.15416069670164
1590    67.31983757968851
1610    67.48781968251126
1630    67.65779047767992
1650    67.83001087004278
1670    68.00495932881884
1690    68.18275302400863
1710    68.36314592243743
1730    68.54560345783797
1760    68.82301463433447
1790    69.10554874384628
1820    69.39308500013186
1850    69.68623453833516
1880    69.98536420292125
1910    70.28962856401814
1940    70.59812161456233
1970    70.91022462008866
2000    71.22519378260014
2030    71.54207317383253
2060    71.85963408502681
2090    72.17645301365224
2120    72.49093175493313
2150    72.80116923997713
2180    73.10426835026115
2210    73.39675237727252
2240    73.67571100072524
2270    73.93933558593932
2300    74.1860065970306
2330    74.41297972571373
2360    74.6173035255232
2390    74.79759120273195
2420    74.95282383596135
2460    75.11850125243083
2500    75.23369979832006
2540    75.29854384025734
2580    75.31409994487177
2620    75.28284410702429
2660    75.21216199631657
2700    75.10771002121425
2740    74.97829552597224
2780    74.8368065223768
2820    74.68224452500793
2860    74.51322203237251
2900    74.33553856966857
2940    74.15745720446378
2980    73.98118086220697
3020    73.80601125053201
3060    73.63264652232621
3100    73.46396506191064
3150    73.26321679294283
3200    73.0793600402721
3250    72.9151855443686
3300    72.76564046925972
3350    72.63177847270846
3400    72.51362754530923
3450    72.41418790144061
3500    72.33375301922385
3550    72.2710086216392
3600    72.22428269368393
3650    72.19451963596751
3700    72.18120987752584
3750    72.18519284182766
3800    72.20792690170393
3860    72.25952393660023
3920    72.33584251262704
3980    72.43626508054246
4040    72.55921308237586
4100    72.70185255192827
4160    72.85939667382127
4220    73.02619479669367
4280    73.19868272712648
4340    73.37111939917386
4400    73.5348052371701
4460    73.6814963750117
4520    73.80456098542874
4590    73.90872808902095
4660    73.96278330935408
4730    73.96245302997787
4800    73.9048667392521
4870    73.78223674281625
4940    73.59726108533334
5010    73.3540800347611
5080    73.06363790055909
5150    72.73305522279449
5220    72.37837219892916
5300    71.95449675755853
5380    71.52650605625631
5460    71.10289161991543
5540    70.69982962943939
5620    70.33504894155118
5700    70.01119719554423
5780    69.7279893762916
5860    69.48535978129499
5950    69.26339162605501
6040    69.09607614862233
6130    68.97941891714908
6220    68.90934313878219
6310    68.88201255139612
6400    68.89491590576417
6490    68.9460613958886
6580    69.0340692657157
6680    69.17132390273176
6780    69.33984589895651
6880    69.53092995508423
6980    69.73803002457537
7080    69.94428693020797
7180    70.12538017570478
7280    70.25615276384994
7390    70.30425686110533
7500    70.22691841797192
7610    70.00713093867083
7720    69.65136920307907
7830    69.1859725824618
7940    68.6420403123719
8060    68.00001414868255
8180    67.3440269904221
8300    66.70231120714226
8420    66.09075828932463
8540    65.53692338103411
8660    65.07270156621706
8790    64.66095803391458
8920    64.32295931378246
9050    64.06515412877167
9180    63.88322863279528
9310    63.782862309424964
9450    63.77363176396183
9590    63.8608870265696
9730    64.03933373751946
9870    64.29790864739554
10010    64.62339192801083
10160    65.00937543937614
10310    65.36660354011089
10460    65.59851385479848
10610    65.62672509483335
10760    65.40694268232113
10920    64.84902112835128
11080    64.0279220987164
11240    63.07143716452463
11400    62.09485865667534
11570    61.09539573309506
11740    60.18460331474802
11910    59.400064011949596
12080    58.75181925626633
12260    58.2209645989719
12440    57.856860553876956
12620    57.656478412247
12800    57.62545078411926
12990    57.808029501487454
13180    58.19938475346635
13370    58.81170743309897
13560    59.673117591055245
13760    60.79604815886849
13960    61.966482448532446
14160    62.84529770650856
14370    63.01746697698668
14580    62.219109249948986
14790    60.6807188020693
15010    58.79402212429084
15230    57.03418560972847
15450    55.569039978525126
15670    54.39608629512854
15900    53.435594822725356
16130    52.757787573698906
16360    52.607614792775266
16600    52.71070470001825
16840    52.874157388122484
17080    53.2765786365361
17330    53.97408532857183
17580    54.9018415174407
17840    56.043671947174616
18100    57.235451008716375
18360    58.27980202644129
18630    58.88276579847496
18900    58.56883027276141
19170    57.01928165814901
19450    54.03238692423064
19730    49.79707549546666
20000    45.61551567714341
