20    69.90456493883472
20.3    69.88050444720596
20.6    69.85676992363064
20.9    69.83323707627247
21.2    69.80966957098488
21.5    69.78576498908555
21.8    69.7612522202379
22.1    69.73598942488698
22.4    69.71000819182899
22.7    69.6834866332584
23    69.65667841743551
23.3    69.62982871686471
23.6    69.603109628337
23.9    69.5765995548093
24.2    69.55030460385932
24.6    69.51554277066526
25    69.48110962087706
25.4    69.44702854892154
25.8    69.41328462789059
26.2    69.37977733445797
26.6    69.34637561048748
27    69.31303740747238
27.4    69.27988413625852
27.8    69.24715846103709
28.2    69.21508391266677
28.6    69.18372532260526
29    69.15294917847976
29.4    69.12248644413233
29.8    69.09204404364816
30.2    69.0614004433555
30.6    69.03045164666162
31    68.9992114111092
31.5    68.95991828639205
32    68.9206225497181
32.5    68.8815576832441
33    68.84282212077322
33.5    68.80439445940789
34    68.76619740445972
34.5    68.72816210055117
35    68.69023574699432
35.5    68.65236664409018
36    68.61450410981897
36.5    68.57663251324563
37    68.5388000248687
37.5    68.50110535014429
38    68.46365488259767
38.6    68.41915317167522
39.2    68.37520855247868
39.8    68.33183332409453
40.4    68.28895960455819
41    68.24645550615143
41.6    68.20418009749785
42.2    68.16203915343678
42.8    68.11999816903018
43.4    68.0780693507121
44    68.03629154777923
44.6    67.99470569097016
45.2    67.95333864013284
45.9    67.90536822956193
46.6    67.85770411765344
47.3    67.81028983995719
48    67.76302899878783
48.7    67.71583235011553
49.4    67.66860727807372
50.1    67.6212260082968
50.8    67.57358716724627
51.5    67.52577942601302
52.2    67.47812101737742
53    67.42424868825246
53.8    67.37107142777793
54.6    67.31832436108525
55.4    67.26585899655726
56.2    67.21372045185223
57    67.16195692016343
57.8    67.11051541378549
58.6    67.05910747140854
59.5    67.00073717438542
60.4    66.94143653843649
61.3    66.88135574573522
62.2    66.8208698091066
63.1    66.76021477266352
64    66.6994210347491
64.9    66.63849460267932
65.8    66.57752797365907
66.8    66.50994064807614
67.8    66.4427795732606
68.8    66.37637913107432
69.8    66.31107504526696
70.8    66.24702740598711
71.8    66.18439307532594
72.8    66.12335791381436
73.9    66.05812860207564
75    65.99487103077178
76.1    65.93350303445418
77.2    65.87416676362625
78.3    65.81717979469924
79.4    65.76278646740292
80.6    65.70627403135967
81.8    65.65193793757699
83    65.59880329374549
84.2    65.54609037863759
85.4    65.49322323295917
86.6    65.4397925462026
87.9    65.38104494912702
89.2    65.3214542000392
90.5    65.2618528333549
91.8    65.20337503061484
93.1    65.14736005432877
94.5    65.09160780742036
95.9    65.04229379305008
97.3    65.00017844964302
98.7    64.96476440844977
100    64.93644433306585
102    64.89709240200966
104    64.85658632784467
106    64.809470952575
108    64.75284785228382
110    64.68562431550849
112    64.60777508781003
114    64.52061312812249
116    64.42665076986407
118    64.32855379032807
120    64.22911614386858
122    64.12923099523753
124    64.02659006303061
126    63.91863594235609
128    63.80496790469944
130    63.68707803613654
132    63.567066049810464
134    63.44617893345353
136    63.32438072625101
138    63.20096893254407
140    63.075172203042364
142    62.94657659697782
144    62.8152032265928
146    62.68087652512324
148    62.54310553607225
150    62.401574573082925
152    62.25647649564068
154    62.10864148363494
156    61.96004855020675
158    61.81425308588766
160    61.676583589199566
162    61.5541305628996
164    61.455381192524555
166    61.38957380479012
168    61.36573258444895
170    61.3915673138105
173    61.53342700147496
176    61.79954506863484
179    62.17211000151174
182    62.614077784663124
185    63.076769040587735
188    63.51207693085502
191    63.883217543852375
194    64.16978859354802
197    64.36662503639059
200    64.47914600953153
203    64.51819603312669
206    64.49708652920424
209    64.42969007745262
212    64.32903484609625
215    64.20650520703126
218    64.07174904170805
221    63.932277149781186
224    63.792836161549545
227    63.65610460755849
230    63.52355095186796
233    63.39576474441449
236    63.272783937882735
239    63.154358064245045
243    63.002874647540835
247    62.85824024409494
251    62.72032339829569
255    62.58894501998594
259    62.46413985881314
263    62.346006499553965
267    62.23403561874527
271    62.127473730779954
275    62.02555475235988
279    61.92750926669156
283    61.832791046666046
287    61.74095069698869
291    61.65186587380583
295    61.56569746685946
299    61.48243234204561
303    61.40167667781667
307    61.32311870895241
312    61.22779896840813
317    61.13504127652373
322    61.04375136433387
327    60.95294816238101
332    60.8621311798663
337    60.771288048177624
342    60.68054655776829
347    60.58996578372608
352    60.49973786358184
357    60.40999413266948
362    60.321006097780284
367    60.23333647737145
372    60.14768480830622
377    60.06458829376524
383    59.96875023462043
389    59.877765814828756
395    59.792547478914216
401    59.71394450943653
407    59.64306819151267
413    59.58145048759902
419    59.530861009132224
425    59.49320020705618
431    59.47022826720418
437    59.46327022956467
443    59.47283087372519
449    59.4984855101475
456    59.54709805310952
463    59.61272791370021
470    59.691409033570665
477    59.778829866410675
484    59.87061936019202
491    59.96252858006888
498    60.050377751286476
505    60.130629720904764
512    60.201139146331265
519    60.261417951241214
527    60.31880748658777
535    60.36637262820627
543    60.407487612388366
551    60.44597097446177
559    60.4855868708271
567    60.529496073057416
575    60.579862622422816
583    60.6375726111786
592    60.71085634404247
601    60.791462153652105
610    60.87714808096329
619    60.96489282423252
628    61.05159580201796
637    61.1350589031409
646    61.21418303111244
655    61.288407130966654
665    61.36468107249064
675    61.43418511361273
685    61.49713330626711
695    61.55435255667582
705    61.607191638959705
715    61.657177298667364
725    61.705719442138815
736    61.75865549983237
747    61.811721543497896
758    61.86505275845871
769    61.91856873495668
780    61.97216482545642
791    62.02592427147924
803    62.085026563964426
815    62.14505574557266
827    62.2065786728642
839    62.270113136909536
851    62.335940493782005
863    62.40410314701657
876    62.4805124953684
889    62.55958704837906
902    62.64133413414266
915    62.72575929778047
928    62.81297554559221
942    62.91017546980679
956    63.010875496613004
970    63.11505120821947
984    63.222483055678
998    63.33274949675405
1010    63.429140273944796
1020    63.51052896367439
1030    63.592683554783335
1050    63.75860504673935
1070    63.92574598237606
1090    64.09338755917068
1110    64.26122242737033
1130    64.4290027776807
1150    64.59622496512081
1170    64.76246181049063
1190    64.92752582464693
1210    65.09141092281271
1230    65.25393553502191
1250    65.41487844543468
1270    65.57402232440427
1290    65.73123137334503
1310    65.88643059225959
1330    66.03952962702591
1350    66.19042679345239
1370    66.33918823531806
1390    66.48585933753367
1410    66.6304689916876
1430    66.7731338425707
1450    66.91395870271882
1470    67.05314481652721
1490    67.19095227311473
1510    67.32764995304225
1530    67.46354976385982
1550    67.59905197915057
1570    67.73453320438556
1590    67.87037300132025
1610    68.00699207814078
1630    68.14475579820035
1650    68.28391111013039
1670    68.42460020496627
1690    68.56699749912178
1710    68.711227141219
1730    68.85731147155032
1760    69.07978167257673
1790    69.30620649996007
1820    69.53627039016013
1850    69.76981265095279
1880    70.00673870132405
1910    70.24682129084928
1940    70.48973028188558
1970    70.73518734383511
2000    70.98258619348961
2030    71.23091998053916
2060    71.47896434121218
2090    71.72523566670836
2120    71.96790554330636
2150    72.20488185145807
2180    72.43364507392576
2210    72.65124264477102
2240    72.8547036581979
2270    73.04247711428812
2300    73.21602674917472
2330    73.38205555544795
2360    73.55446035192142
2390    73.75331347144291
2420    73.99801410001412
2460    74.40712080711255
2500    74.885214772267
2540    75.36485964362265
2580    75.76748503810455
2620    76.05882549630599
2660    76.2575993164076
2700    76.3919548168927
2740    76.47822159180535
2780    76.52263059498891
2820    76.52740473559969
2860    76.49491891974559
2900    76.42855922531652
2940    76.33202586897377
2980    76.20888662810623
3020    76.06297835016827
3060    75.8981742311324
3100    75.71839184493109
3150    75.4785778615437
3200    75.22888849891744
3250    74.97629329427944
3300    74.7278250475735
3350    74.4896719768138
3400    74.26595476328376
3450    74.05826459421506
3500    73.86578574213002
3550    73.68573584471548
3600    73.51525003287549
3650    73.35296488532946
3700    73.19830151637883
3750    73.05130747366383
3800    72.91269113111038
3860    72.75896948413146
3920    72.62096960319496
3980    72.49953523621147
4040    72.39440731541751
4100    72.30625421665452
4160    72.23528508433864
4220    72.18106051247679
4280    72.14341759269277
4340    72.12216301427752
4400    72.11676686373774
4460    72.12315660481687
4520    72.13281704877475
4590    72.15558697271035
4660    72.23802077926972
4730    72.3777527566537
4800    72.46815151456316
4870    72.51738521589888
4940    72.55766049938524
5010    72.5914904228627
5080    72.61036668772408
5150    72.60820747197664
5220    72.58315987291886
5300    72.52748082843843
5380    72.44736376238019
5460    72.35087528416565
5540    72.24516978574874
5620    72.13142103637149
5700    72.00890972082962
5780    71.8784168060356
5860    71.74007557042846
5950    71.57534190988756
6040    71.40285713988342
6130    71.22680900958207
6220    71.04935848932016
6310    70.87134102878315
6400    70.69443467450898
6490    70.52088075087693
6580    70.3540371599423
6680    70.18066347165504
6780    70.02562911848088
6880    69.89629016163885
6980    69.79317802325218
7080    69.7128118660151
7180    69.6535505999554
7280    69.61477731170598
7390    69.58841816707184
7500    69.5670875486152
7610    69.53937274775167
7720    69.49286147295251
7830    69.4118606206481
7940    69.28303271591226
8060    69.07635246291676
8180    68.79150543248439
8300    68.42650644840708
8420    67.98569157244074
8540    67.47750549115761
8660    66.91448597632242
8790    66.2611332185032
8920    65.58395338782566
9050    64.90106336388018
9180    64.22520212628251
9310    63.57097976834211
9450    62.923856476680854
9590    62.3444423267424
9730    61.78512068556804
9870    61.26538316954237
10010    60.80595041986821
10160    60.382890385021255
10310    60.02798243055001
10460    59.74179861427545
10610    59.53638584937832
10760    59.40948065246038
10920    59.34419403390508
11080    59.357597978601106
11240    59.4549255364147
11400    59.63703288440874
11570    59.9236006526438
11740    60.30109722069001
11910    60.772865844651804
12080    61.33841669242274
12260    62.009444254060874
12440    62.69377369335656
12620    63.29758305845009
12800    63.725542011661986
12990    63.91464587240466
13180    63.8090746432364
13370    63.44809155744355
13560    62.87228711295316
13760    62.13787317862314
13960    61.42421173947129
14160    60.82963354202932
14370    60.388606588617165
14580    60.162966272747965
14790    60.17258436157732
15010    60.45463953726687
15230    61.01916056467549
15450    61.79656199848786
15670    62.54231276536913
15900    62.86019919237238
16130    62.365807421139145
16360    61.152358049411916
16600    59.504815658504334
16840    57.492052146694995
17080    55.49864528873961
17330    53.71077794164019
17580    52.25979298420174
17840    51.08048408696746
18100    50.206940526111765
18360    49.627577936565444
18630    49.33767942181725
18900    49.376935937764344
19170    49.77507204979766
19450    50.62140851555357
19730    51.85136385870249
20000    52.8128773481252
