20    73.09649999999999
20.3    73.02449975500082
20.6    72.951
20.9    72.8815
21.2    72.82000020499932
21.5    72.7663749559374
21.8    72.71349979750102
22.1    72.64737500000001
22.4    72.57050000000001
22.7    72.47300032499892
23    72.3695
23.3    72.27599977333409
23.6    72.208
23.9    72.17949999999999
24.2    72.16699998999997
24.6    72.15500001749992
25    72.10900000000001
25.4    71.9985
25.8    71.84649963500182
26.2    71.70050036499818
26.6    71.596625
27    71.52350004999983
27.4    71.4605000825002
27.8    71.3845
28.2    71.2931
28.6    71.20009999999999
29    71.11850000000001
29.4    71.05850000000001
29.8    71.0021
30.2    70.94425000000001
30.6    70.88233343888854
31    70.8215000375001
31.5    70.75450000000001
32    70.697
32.5    70.6405
33    70.5815
33.5    70.52199999999999
34    70.45750000000001
34.5    70.382
35    70.29599999999999
35.5    70.2065
36    70.122
36.5    70.041
37    69.95599999999999
37.5    69.863
38    69.76657156632633
38.6    69.659600171
39.2    69.57843754804694
39.8    69.5082
40.4    69.44033317777726
41    69.367
41.6    69.2949999608332
42.2    69.22807138204088
42.8    69.16049988333295
43.4    69.08674993541699
44    69.00750019285687
44.6    68.92566685222283
45.2    68.8402
45.9    68.7329286608162
46.6    68.62366661472205
47.3    68.52214281693884
48    68.43542865510193
48.7    68.36150010099999
49.4    68.28300022428539
50.1    68.19081248476562
50.8    68.10549993142868
51.5    68.0575
52.2    68.02800004214279
53    67.9765
53.8    67.91449995714291
54.6    67.88192857510204
55.4    67.85362504828132
56.2    67.7966
57    67.72300000000001
57.8    67.6686
58.6    67.59440000000001
59.5    67.4935
60.4    67.37974993343741
61.3    67.25757138918372
62.2    67.14650011928555
63.1    67.0412
64    66.926
64.9    66.8396
65.8    66.7368
66.8    66.59949999999999
67.8    66.493
68.8    66.36949999999999
69.8    66.2355
70.8    66.1149
71.8    66.0127
72.8    65.9202
73.9    65.767
75    65.63
76.1    65.52183306291599
77.2    65.37776913784045
78.3    65.2331925484018
79.4    65.1022501643754
80.6    64.98099986124964
81.8    64.85557673482293
83    64.7236155008873
84.2    64.60300020000051
85.4    64.48483323791643
86.6    64.36680747582889
87.9    64.2282
89.2    64.08283333333333
90.5    63.94516654583303
91.8    63.81496137008915
93.1    63.70138470911221
94.5    63.59245844322944
95.9    63.47574981812454
97.3    63.39438459142018
98.7    63.269538725679865
100    63.312
102    63.35033333333333
104    63.360571409183706
106    63.408
108    63.519666666666666
110    63.63231256914071
112    63.789500000000004
114    63.966749796874495
116    64.13822739576463
118    64.32
120    64.48961551508886
122    64.6325
124    64.68583338412704
126    64.66966666666667
128    64.60650000000001
130    64.48792857142857
132    64.36850000000001
134    64.243
136    64.11
138    63.9745
140    63.843
142    63.724333333333334
144    63.6115
146    63.5106
148    63.4157
150    63.320499999999996
152    63.223299999999995
154    63.1222
156    63.0186
158    62.914199999999994
160    62.811
162    62.706599999999995
164    62.604600000000005
166    62.5052
168    62.40989999999999
170    62.3215
173    62.201
176    62.0916
179    61.9854
182    61.8812
185    61.7735
188    61.662800000000004
191    61.5552
194    61.4535
197    61.363299999999995
200    61.289500000000004
203    61.2255
206    61.167
209    61.1125
212    61.059
215    60.998125
218    60.9295
221    60.84975
224    60.76649999999999
227    60.676
230    60.581500000000005
233    60.487
236    60.391000000000005
239    60.295375
243    60.17
247    60.0475
251    59.928
255    59.810125
259    59.696625
263    59.57966666666667
267    59.4735
271    59.367333333333335
275    59.255250000000004
279    59.144125
283    59.0346
287    58.927800000000005
291    58.824
295    58.721999999999994
299    58.6208
303    58.51675
307    58.412000000000006
312    58.286625
317    58.1627
322    58.037099999999995
327    57.9156
332    57.7963
337    57.6768
342    57.5606
347    57.4499
352    57.345
357    57.2439
362    57.149499999999996
367    57.0672
372    56.9965
377    56.941928571428576
383    56.9
389    56.89274999999999
395    56.907
401    56.971916666666665
407    57.04766666666667
413    57.12908333333334
419    57.205357142857146
425    57.2705
431    57.338499999999996
437    57.3775
443    57.42292857142857
449    57.466750000000005
456    57.507
463    57.529833333333336
470    57.53671428571428
477    57.56864285714286
484    57.5832
491    57.6325
498    57.670833333333334
505    57.704187499999996
512    57.743
519    57.78957142857143
527    57.851
535    57.92
543    57.992714285714285
551    58.06628571428571
559    58.1389375
567    58.203649999999996
575    58.26
583    58.30855
592    58.3531
601    58.384625
610    58.41092857142857
619    58.430571428571426
628    58.45275
637    58.477599999999995
646    58.5052
655    58.53475
665    58.568749999999994
675    58.603
685    58.6365
695    58.669250000000005
705    58.70025
715    58.7295
725    58.7595
736    58.794200000000004
747    58.831500000000005
758    58.87233333333333
769    58.917115384615386
780    58.96653846153846
791    59.020375
803    59.08262500000001
815    59.14738461538461
827    59.21384615384615
839    59.285291666666666
851    59.361083333333326
863    59.4403076923077
876    59.52915
889    59.622299999999996
902    59.71666666666667
915    59.81580769230769
928    59.917153846153845
942    60.027833333333334
956    60.140249999999995
970    60.255153846153846
984    60.37092307692308
998    60.487750000000005
1010    60.587500000000006
1020    60.66983333333333
1030    60.7515
1050    60.9135
1070    61.07183333333333
1090    61.225
1110    61.374857142857145
1130    61.522000000000006
1150    61.665000000000006
1170    61.805
1190    61.94334615384615
1210    62.08092857142857
1230    62.21640476190476
1250    62.3505
1270    62.48433333333333
1290    62.61614285714286
1310    62.746428571428574
1330    62.8745
1350    62.99875
1370    63.1185
1390    63.23425
1410    63.3475
1430    63.460499999999996
1450    63.572
1470    63.684
1490    63.7945
1510    63.90389999999999
1530    64.01259999999999
1550    64.12100000000001
1570    64.229
1590    64.33670000000001
1610    64.4441
1630    64.55170000000001
1650    64.6605
1670    64.7705
1690    64.88050000000001
1710    64.9909
1730    65.1018
1760    65.2684
1790    65.4352
1820    65.6022
1850    65.7695
1880    65.9369
1910    66.1041
1940    66.27029999999999
1970    66.4359
2000    66.6
2030    66.762
2060    66.922
2090    67.07900000000001
2120    67.2325
2150    67.3825
2180    67.5295
2210    67.67025000000001
2240    67.8075
2270    67.938
2300    68.0635
2330    68.1825
2360    68.2965
2390    68.4
2420    68.49783333333333
2460    68.61387500000001
2500    68.7175
2540    68.807
2580    68.881
2620    68.93950000000001
2660    68.983125
2700    69.0135
2740    69.02625
2780    69.0275
2820    69.0156
2860    68.99289999999999
2900    68.95849999999999
2940    68.9109
2980    68.8591
3020    68.806
3060    68.75483333333332
3100    68.71212499999999
3150    68.672
3200    68.6395
3250    68.6075
3300    68.5735
3350    68.5285
3400    68.477
3450    68.422
3500    68.3655
3550    68.3055
3600    68.243
3650    68.17500000000001
3700    68.09700000000001
3750    68.0005
3800    67.8555
3860    67.6643
3920    67.7175625
3980    67.86699999999999
4040    68.00033333333334
4100    68.05516666666668
4160    68.05250000000001
4220    68.02371428571429
4280    67.98775
4340    67.94675000000001
4400    67.898
4460    67.84066666666666
4520    67.773
4590    67.67835714285715
4660    67.5715
4730    67.4495
4800    67.3135
4870    67.16550000000001
4940    67.006
5010    66.8385625
5080    66.66749999999999
5150    66.493
5220    66.319
5300    66.1245
5380    65.9375
5460    65.76057142857142
5540    65.59649999999999
5620    65.4474
5700    65.313
5780    65.2022
5860    65.1115
5950    65.03325000000001
6040    64.9795
6130    64.95485714285715
6220    64.958
6310    64.9861
6400    65.0365
6490    65.10849999999999
6580    65.19290000000001
6680    65.2904
6780    65.3784
6880    65.44030000000001
6980    65.45790000000001
7080    65.4147
7180    65.29429999999999
7280    65.0786
7390    64.73044999999999
7500    64.27199999999999
7610    63.72841666666667
7720    63.14246153846154
7830    62.53411538461539
7940    61.917
8060    61.24625
8180    60.59292307692308
8300    59.96738461538462
8420    59.376333333333335
8540    58.82833333333333
8660    58.328384615384614
8790    57.8423
8920    57.4264
9050    57.064875
9180    56.77342307692308
9310    56.547961538461536
9450    56.38254166666667
9590    56.302
9730    56.31080769230769
9870    56.41142307692308
10010    56.6152
10160    56.9499
10310    57.42821428571428
10460    58.150375
10610    59.12716666666667
10760    60.36956666666667
10920    61.977562500000005
11080    63.736285714285714
11240    65.28522222222222
11400    66.30066666666667
11570    66.1483409090909
11740    65.335375
11910    63.94186538461538
12080    62.50828571428572
12260    61.167857142857144
12440    60.02
12620    59.153400000000005
12800    58.498000000000005
12990    58.140257142857145
13180    57.8177
13370    57.786925
13560    57.897999999999996
13760    58.1209
13960    58.3759
14160    58.48483333333333
14370    58.4223
14580    57.95172
14790    57.22002
15010    56.2455
15230    55.1895
15450    54.208299999999994
15670    53.36548
15900    52.656000000000006
16130    52.10838
16360    51.76974
16600    51.639500000000005
16840    51.61532
17080    51.58764
17330    51.42358
17580    50.97802
17840    50.1387
18100    48.9979
18360    47.75828
18630    46.57115999999999
18900    45.6174
19170    44.98434
19450    44.716499999999996
19730    44.8071
20000    44.817499999999995
