20    68.28158437282295
20.3    68.30112560922515
20.6    68.32097472639188
20.9    68.34189429868279
21.2    68.3646305286853
21.5    68.38968982892735
21.8    68.41721097242672
22.1    68.44698301135149
22.4    68.47859723975785
22.7    68.51164058628117
23    68.545851256015
23.3    68.58116646468022
23.6    68.61766247039907
23.9    68.65542532044888
24.2    68.69442253964368
24.6    68.74794510243784
25    68.80242644235062
25.4    68.85705424668097
25.8    68.91138495375279
26.2    68.96542351224525
26.6    69.0194295830785
27    69.07364123618402
27.4    69.12810968050024
27.8    69.18271152815217
28.2    69.23726384704614
28.6    69.29162038066261
29    69.34567554858921
29.4    69.39931193957963
29.8    69.45237142405679
30.2    69.50466731581719
30.6    69.55602195567275
31    69.60629403828709
31.5    69.66745141750485
32    69.726587263612
32.5    69.78357331251229
33    69.83832854008799
33.5    69.89081790447217
34    69.94102360629105
34.5    69.9889171554079
35    70.03446236407359
35.5    70.07764161752087
36    70.11848211953115
36.5    70.15705920698653
37    70.19348177180623
37.5    70.22787579053582
38    70.2603634129884
38.6    70.29696408983713
39.2    70.33105713363939
39.8    70.36269887471803
40.4    70.39193587268068
41    70.41881571317441
41.6    70.44337544312933
42.2    70.46564597962171
42.8    70.48568174832951
43.4    70.50356877177447
44    70.51939307309289
44.6    70.53321094821702
45.2    70.54504602880874
45.9    70.5563660765554
46.6    70.56504450465931
47.3    70.57113912096483
48    70.57470448942337
48.7    70.57578281558987
49.4    70.5744405123982
50.1    70.57081266306149
50.8    70.56509832199612
51.5    70.55752926801384
52.2    70.5483366040698
53    70.53605469310288
53.8    70.52194460083882
54.6    70.50593779499329
55.4    70.48795433446782
56.2    70.46797209304437
57    70.44601243195564
57.8    70.42213059602824
58.6    70.39642314869148
59.5    70.36548681301474
60.4    70.3326271050596
61.3    70.29805707773114
62.2    70.26194414563179
63.1    70.22439241376027
64    70.18544445104251
64.9    70.1450969819537
65.8    70.1033334774414
66.8    70.05527742825447
67.8    70.00554459791272
68.8    69.95423725183228
69.8    69.90149262103463
70.8    69.84750229579689
71.8    69.79246445094738
72.8    69.7365158869164
73.9    69.67399946917243
75    69.6104760682237
76.1    69.54590949109755
77.2    69.48025906487034
78.3    69.41349381949621
79.4    69.34560290640769
80.6    69.27031034343145
81.8    69.19387427487297
83    69.1164902562948
84.2    69.03838312138527
85.4    68.95975875562107
86.6    68.88076635844129
87.9    68.79487956542289
89.2    68.70873373952577
90.5    68.62239466930677
91.8    68.53589748333974
93.1    68.44923772686306
94.5    68.35571016304695
95.9    68.26191386687903
97.3    68.1677512355498
98.7    68.07313301202035
100    67.98477906951311
102    67.84767806243153
104    67.7088475955319
106    67.56810070732179
108    67.42551657876535
110    67.28141264812118
112    67.13618787519064
114    66.99009109982411
116    66.84346157658953
118    66.69706636745056
120    66.55218112151874
122    66.41054014281107
124    66.27415042362597
126    66.14470665842424
128    66.02341571641479
130    65.91104564610943
132    65.8077977558739
134    65.7131074825653
136    65.62549368796564
138    65.54277224098118
140    65.46251132636974
142    65.38258676746679
144    65.30164757707513
146    65.21909875244337
148    65.13499197214011
150    65.0499146726483
152    64.96478003669337
154    64.88053188487845
156    64.7978797460349
158    64.71721137449788
160    64.6386935607224
162    64.56240198505606
164    64.48839763366104
166    64.41676917138098
168    64.34759936348513
170    64.2809236778383
173    64.18548175402734
176    64.09516039106823
179    64.00946491303299
182    63.92800143712133
185    63.85059074925675
188    63.777263556776575
191    63.70829831717237
194    63.644060798350566
197    63.58491022206688
200    63.53115315351184
203    63.48298331188863
206    63.44046572387916
209    63.40352611925091
212    63.3719196755052
215    63.34527619171378
218    63.32319581257068
221    63.305283435812285
224    63.29115075130939
227    63.28041378755962
230    63.272692866642416
233    63.267640318805405
236    63.26501343830507
239    63.26473396798572
243    63.268153435717444
247    63.27638221908243
251    63.290095762219806
255    63.309677019614355
259    63.33511947823552
263    63.366013820640944
267    63.40157823691548
271    63.440747527331254
275    63.48233458854299
279    63.52525727840867
283    63.568571076376244
287    63.61143102413585
291    63.65307136795172
295    63.69277768175327
299    63.72992645933907
303    63.763939581996844
307    63.794139386946526
312    63.8255530937242
317    63.84922238809253
322    63.86475384543957
327    63.87211894886065
332    63.87154942044873
337    63.8632020652519
342    63.84723782324932
347    63.82388378492271
352    63.793371656134326
357    63.75564442801857
362    63.71018342031825
367    63.65605490377316
372    63.591929297477705
377    63.51619562154669
383    63.40845162776557
389    63.283193102185834
395    63.14382812126257
401    62.99375314263076
407    62.836091894707366
413    62.67397836026497
419    62.51024707918292
425    62.34711414596826
431    62.18581136071013
437    62.02663109521566
443    61.86939504194573
449    61.713827214008475
456    61.53429894309562
463    61.35745054913916
470    61.18495205183776
477    61.01896888299268
484    60.86169772854896
491    60.71596841029998
498    60.584952098076684
505    60.47142099251047
512    60.37761671268535
519    60.30521624324201
527    60.24970087632316
535    60.222720144294115
543    60.22202008708021
551    60.24417988365295
559    60.28531869457813
567    60.34157983828088
575    60.40953509503427
583    60.486268014309104
592    60.57973411750824
601    60.67774752185963
610    60.78032471542596
619    60.89104637044345
628    61.01388883551809
637    61.15105031977074
646    61.302794458171235
655    61.467362294851426
665    61.66114329389934
675    61.86107217284495
685    62.06125462253993
695    62.25653335610167
705    62.44340415311075
715    62.61976616106848
725    62.784598601063735
736    62.952321640185005
747    63.10605603772267
758    63.24656557511305
769    63.37481698700921
780    63.49154816176046
791    63.59725719003852
803    63.701007913869695
815    63.79414256147213
827    63.877958721573805
839    63.95400392832639
851    64.02402327395221
863    64.08970720982146
876    64.15767999351847
889    64.22384264875056
902    64.2896433129868
915    64.35636783864324
928    64.42473953806785
942    64.49959673862836
956    64.57262436067126
970    64.64009503764015
984    64.70409332275146
998    64.76877513261697
1010    64.82599425117752
1020    64.87481560256253
1030    64.9243550536805
1050    65.02435286408453
1070    65.12418229008202
1090    65.22399358480203
1110    65.32431220235598
1130    65.42589877060024
1150    65.52991111927733
1170    65.63744098868236
1190    65.74972029382307
1210    65.86766426854501
1230    65.99153684639805
1250    66.12181611812358
1270    66.25966382581268
1290    66.4056563331398
1310    66.55932974471096
1330    66.72006818048129
1350    66.88716686705854
1370    67.05940657897696
1390    67.23520311554947
1410    67.41337282003109
1430    67.59285342857319
1450    67.77192121844996
1470    67.94799728703065
1490    68.11954688552805
1510    68.2879393044187
1530    68.45608172639321
1550    68.62412020295004
1570    68.78846297048375
1590    68.94616645205463
1610    69.09705922175729
1630    69.24259909825842
1650    69.38395316524415
1670    69.52144576297556
1690    69.65442108220961
1710    69.78198765733804
1730    69.90423968486144
1760    70.07971267113798
1790    70.24704453620686
1820    70.40659378231645
1850    70.55718082606752
1880    70.69905982832621
1910    70.83477512806385
1940    70.96590725202748
1970    71.09346719090004
2000    71.21714273597118
2030    71.3357192228236
2060    71.45074767660374
2090    71.56392052165201
2120    71.67608363479698
2150    71.78795476267155
2180    71.89923432095787
2210    72.00711754799703
2240    72.10977204852978
2270    72.20916860039088
2300    72.30629313887603
2330    72.40015251329199
2360    72.4896781512924
2390    72.5748727805069
2420    72.65674632532544
2460    72.76302562023179
2500    72.86988768777192
2540    72.98330507249729
2580    73.10164176044339
2620    73.21950434543653
2660    73.33407388469165
2700    73.44509190965924
2740    73.55196741811758
2780    73.65276043018781
2820    73.74808985898505
2860    73.83899948534622
2900    73.92470557068987
2940    74.00339554417442
2980    74.07354250993515
3020    74.13460826707485
3060    74.18657433098079
3100    74.22892786255693
3150    74.2649665718447
3200    74.27818990517133
3250    74.27159673615816
3300    74.2480601213284
3350    74.20634881430945
3400    74.14476560178295
3450    74.06463956087659
3500    73.96934885226025
3550    73.86119646996696
3600    73.74247408062544
3650    73.615112306707
3700    73.47884061820713
3750    73.33664715017318
3800    73.19399382874613
3860    73.0252655153444
3920    72.86060573003604
3980    72.70386832132604
4040    72.55763338218608
4100    72.42444482253308
4160    72.3074871487089
4220    72.21095813817149
4280    72.13912394554049
4340    72.09416144921302
4400    72.07477139476899
4460    72.07855602985398
4520    72.10615252152331
4590    72.1699964209221
4660    72.26850321606832
4730    72.40671172940742
4800    72.58314701598911
4870    72.7802895812558
4940    72.97845093692777
5010    73.17657125037739
5080    73.37868298236322
5150    73.57776129028505
5220    73.76417263343042
5300    73.95143038200757
5380    74.1005543605124
5460    74.20079660686724
5540    74.22333539887086
5620    74.14148912569522
5700    73.9564253155412
5780    73.68212655522962
5860    73.34209890996712
5950    72.91881574728185
6040    72.49026523575145
6130    72.08338879485065
6220    71.7186286972225
6310    71.41093671337282
6400    71.168537703432
6490    70.99443297129665
6580    70.886990066325
6680    70.84085644336685
6780    70.86639564507902
6880    70.95806593647711
6980    71.10685520655804
7080    71.30122137063277
7180    71.52606170604105
7280    71.7582204536361
7390    71.97574701386854
7500    72.10338234404264
7610    72.10770930384504
7720    71.95802088526744
7830    71.64886450721878
7940    71.20379950244951
8060    70.60771859218059
8180    69.94297988879889
8300    69.2478540191751
8420    68.55525924327517
8540    67.89165197238393
8660    67.27397771533647
8790    66.66426712098007
8920    66.1138699447489
9050    65.62068518231526
9180    65.18523011399596
9310    64.80464043412297
9450    64.45602018252937
9590    64.16916076400115
9730    63.93685153520501
9870    63.746283623378915
10010    63.587289485615656
10160    63.44993301179182
10310    63.35349323430705
10460    63.31316051745664
10610    63.346478462018595
10760    63.46490550738764
10920    63.69101567037049
11080    64.0127680426623
11240    64.43121100062547
11400    64.97193872267616
11570    65.70574577229314
11740    66.6354802983462
11910    67.791347908261
12080    69.1591247693313
12260    70.65460474936586
12440    71.75127134289498
12620    71.95697067764506
12800    71.13141984589572
12990    69.47372308529677
13180    67.54766582423201
13370    65.74272354185048
13560    64.2116853299749
13760    62.9056865863647
13960    61.87194050871966
14160    61.08141155933997
14370    60.49564748197241
14580    60.143371867859955
14790    60.00813254861645
15010    60.10171783733777
15230    60.464716690896665
15450    61.14305034220003
15670    62.2066265616082
15900    63.78102586037866
16130    65.61964965031464
16360    67.22505185162241
16600    68.06107631285349
16840    67.54796760084555
17080    65.74577821739126
17330    63.310021961303974
17580    61.17722743078558
17840    59.65594647612551
18100    58.86218616069473
18360    58.77065510205914
18630    59.15152901216834
18900    59.1143848874261
19170    57.685081609953
19450    54.76374362822794
19730    51.45528475382042
20000    49.4822781171342
