20    74.27411987971377
20.3    74.36921363887146
20.6    74.4617186576186
20.9    74.55033964039637
21.2    74.63395613693851
21.5    74.71185834047013
21.8    74.78377768883007
22.1    74.84975858788374
22.4    74.90992372947119
22.7    74.96424363577609
23    75.01240726714279
23.3    75.05384111911387
23.6    75.08786865871551
23.9    75.11394735400603
24.2    75.13189925319816
24.6    75.14383079427972
25    75.14385186763687
25.4    75.13441695224918
25.8    75.11776577765318
26.2    75.0953796411026
26.6    75.0679102900893
27    75.0355105471919
27.4    74.99826876278415
27.8    74.95648140310948
28.2    74.91067128859324
28.6    74.86145169919945
29    74.80938496737676
29.4    74.75493141476846
29.8    74.69846846587731
30.2    74.64031034729823
30.6    74.58069627957437
31    74.519765635282
31.5    74.4417946408909
32    74.36175445207995
32.5    74.27963103656293
33    74.19559707350875
33.5    74.11004106897404
34    74.0234830870538
34.5    73.93645201423865
35    73.84940015578836
35.5    73.76266871271305
36    73.67649508645923
36.5    73.59104258704954
37    73.50642473818567
37.5    73.42271086104734
38    73.33992409738535
38.6    73.24178269291946
39.2    73.14490812259643
39.8    73.04927525135346
40.4    72.9548948158731
41    72.86180276812226
41.6    72.77005993342902
42.2    72.67974769750664
42.8    72.59095655130486
43.4    72.50377724309126
44    72.41830240516401
44.6    72.33461211390704
45.2    72.2527565701534
45.9    72.1596128024492
46.6    72.06903954945624
47.3    71.98105176043221
48    71.89559812514057
48.7    71.81257302985338
49.4    71.73185923498426
50.1    71.65334147620912
50.8    71.57691136555513
51.5    71.50248702372184
52.2    71.43000362882935
53    71.34945070040868
53.8    71.27123328511945
54.6    71.19528370930595
55.4    71.12156272698954
56.2    71.05000724249955
57    70.98052621169842
57.8    70.91302734681956
58.6    70.84741068462624
59.5    70.77568413790121
60.4    70.70599207324076
61.3    70.63817551500122
62.2    70.57208248090865
63.1    70.50756814192519
64    70.44452883498232
64.9    70.38288149386757
65.8    70.32251916367585
66.8    70.25681806276492
67.8    70.19244735414324
68.8    70.12932702795521
69.8    70.0673846865194
70.8    70.00656482867129
71.8    69.9468250928754
72.8    69.88809286950298
73.9    69.82450484107152
75    69.76180833192134
76.1    69.69985763892487
77.2    69.63855604728325
78.3    69.57785324713718
79.4    69.51771751989428
80.6    69.45269894334126
81.8    69.38819435740078
83    69.3241322975019
84.2    69.26047630054796
85.4    69.19717436233344
86.6    69.13416091161515
87.9    69.06615800886956
89.2    68.99834795046867
90.5    68.93061740171049
91.8    68.86286117089216
93.1    68.79500368743382
94.5    68.72173432299395
95.9    68.64819858249143
97.3    68.57436723124023
98.7    68.5001894792104
100    68.43091178379862
102    68.32337778845279
104    68.21438707507934
106    68.10358716525775
108    67.99083456213657
110    67.87624067820454
112    67.75998249223017
114    67.64237449846391
116    67.52376281964149
118    67.40444660392953
120    67.28450494160055
122    67.1635995921049
124    67.04137178659711
126    66.9180023339365
128    66.79444408508985
130    66.67209758441783
132    66.55227375539428
134    66.4358550452942
136    66.32337117920692
138    66.21538952522403
140    66.11249073239841
142    66.01471446132072
144    65.92130372097839
146    65.83107995012934
148    65.74285256981796
150    65.65567056372967
152    65.56898715521187
154    65.4827478743776
156    65.39736185325208
158    65.313527093621
160    65.23200454084305
162    65.15346127003974
164    65.0782816608627
166    65.00648552247236
168    64.93786260963019
170    64.87214560042783
173    64.7785455734609
176    64.69044644501051
179    64.60750713262682
182    64.5297111860045
185    64.45744067280094
188    64.3916897460029
191    64.33377254975241
194    64.28488686952636
197    64.24596847940504
200    64.21756639585072
203    64.19958234119098
206    64.19128150147779
209    64.1914581086173
212    64.19855669417207
215    64.2109277369381
218    64.22717359399411
221    64.24628792851642
224    64.2676136723229
227    64.29086737703511
230    64.31622603669958
233    64.34412271472908
236    64.37472706790072
239    64.40769641504411
243    64.45423653823158
247    64.50263169371377
251    64.55243565428779
255    64.60359089012405
259    64.65598740403448
263    64.70927567375799
267    64.76280512900792
271    64.81567669758532
275    64.8669149916779
279    64.91564087124931
283    64.96106922757272
287    65.0024600862864
291    65.03915495642025
295    65.0706135095864
299    65.09641378850338
303    65.11624846040246
307    65.1299196277312
312    65.13820519035767
317    65.13676113227169
322    65.12586394179345
327    65.10595546181534
332    65.07757687525998
337    65.04126644945487
342    64.99740562950433
347    64.94617494480084
352    64.88755932567196
357    64.82138435475407
362    64.7476309108648
367    64.66694807807819
372    64.58048227227536
377    64.48888771879697
383    64.3720205594796
389    64.24792341990042
395    64.11917531580966
401    63.99013603735756
407    63.865983356015164
413    63.75168798749647
419    63.65113444465567
425    63.566480245392434
431    63.497565052073746
437    63.441795346162806
443    63.39482210666215
449    63.351583119378496
456    63.29962272356619
463    63.240948935095204
470    63.17316068154572
477    63.09709244995015
484    63.017180418209634
491    62.94160265059316
498    62.88050851435705
505    62.84250821518428
512    62.831850382081235
519    62.847636834340754
527    62.891340834317205
535    62.95164106114195
543    63.01707917290942
551    63.077751410522026
559    63.12594499107148
567    63.156745817945456
575    63.16848122000542
583    63.16233462731648
592    63.13804501663448
601    63.10114737554929
610    63.05747523143971
619    63.01166068167343
628    62.96697994528548
637    62.9253524960959
646    62.88726959754558
655    62.85215403627051
665    62.81531247717969
675    62.77888170530878
685    62.74051312349175
695    62.698203595827835
705    62.65072314903638
715    62.597339114892144
725    62.53794058730561
736    62.466369846526206
747    62.389288476870135
758    62.307722058628826
769    62.22292181967258
780    62.13604940422252
791    62.04774530405476
803    61.95051181254168
815    61.85353428856771
827    61.75783665910612
839    61.66411947782598
851    61.5731794204882
863    61.48580051069453
876    61.395601072142185
889    61.310248057187806
902    61.22987729907001
915    61.15400335053345
928    61.08202321505591
942    61.009085854741826
956    60.94137544454615
970    60.87870801706155
984    60.82127716596764
998    60.76947545161536
1010    60.729327605447125
1020    60.69860029293797
1030    60.67027857003848
1050    60.62048462981616
1070    60.578169726723985
1090    60.54289182657935
1110    60.51551449796508
1130    60.496786409357256
1150    60.48880709515484
1170    60.49419240996219
1190    60.5157699535344
1210    60.55735646559281
1230    60.62034052273614
1250    60.69965394649257
1270    60.78576310058294
1290    60.87757986969833
1310    60.98410544248826
1330    61.10973252999011
1350    61.25337927965741
1370    61.411775326639074
1390    61.582199598064406
1410    61.76327979062185
1430    61.95377004247949
1450    62.152235838654285
1470    62.35715217056634
1490    62.56720897295298
1510    62.781758535672154
1530    63.00053410041593
1550    63.222769254833054
1570    63.4463854891052
1590    63.66856395325286
1610    63.88810336329278
1630    64.10521509160137
1650    64.31942996971405
1670    64.52952189671319
1690    64.73414877966361
1710    64.93250564230789
1730    65.12459650920883
1760    65.40168608967431
1790    65.66657099897911
1820    65.92010108191789
1850    66.1605810679433
1880    66.38889177884957
1910    66.60943477942897
1940    66.82584034487758
1970    67.04160361486615
2000    67.25372292069737
2030    67.44995783444844
2060    67.63457851980493
2090    67.82070893501856
2120    68.01193739070365
2150    68.20687175032128
2180    68.40458405677225
2210    68.60265416726827
2240    68.79934146726922
2270    68.99774285738806
2300    69.20089804192887
2330    69.40871574171524
2360    69.62023743948953
2390    69.83614117473894
2420    70.05759699890665
2460    70.3588114259999
2500    70.66112914867581
2540    70.96581864153131
2580    71.27075939198079
2620    71.57130011056017
2660    71.86802604646329
2700    72.1624400524427
2740    72.4526254746899
2780    72.73671962413556
2820    73.01526170150007
2860    73.28698644182862
2900    73.54921658474754
2940    73.80006108326751
2980    74.03686653253197
3020    74.25644661490497
3060    74.45772532899153
3100    74.64082373390198
3150    74.83985003582758
3200    74.99957810044478
3250    75.12429907784059
3300    75.2184807617982
3350    75.28108688525742
3400    75.313082108533
3450    75.31788753065575
3500    75.29813121534102
3550    75.2580991041126
3600    75.2041671735187
3650    75.1389006704722
3700    75.0605974989086
3750    74.97315084505637
3800    74.88410048518998
3860    74.77848241122811
3920    74.67551773858182
3980    74.58183161505214
4040    74.50170563384663
4100    74.43899714711064
4160    74.3998777103604
4220    74.38894586810625
4280    74.40952594763755
4340    74.46654483734156
4400    74.56208845983608
4460    74.69251455280536
4520    74.85571677712778
4590    75.08716106218026
4660    75.35295265707424
4730    75.63374245502075
4800    75.9081889117698
4870    76.15482430429364
4940    76.35185343439423
5010    76.49294562359123
5080    76.58906345161938
5150    76.64872229618194
5220    76.66825941991064
5300    76.6287541703656
5380    76.51081359044588
5460    76.29482591190325
5540    75.95002855516239
5620    75.46749460575114
5700    74.87446040483945
5780    74.21052723007904
5860    73.52038146854704
5950    72.76528501282054
6040    72.07409112569184
6130    71.47449874323182
6220    70.98321728393799
6310    70.60436057521974
6400    70.33833848141964
6490    70.19112930870787
6580    70.16648512081657
6680    70.27941036754282
6780    70.53711810965386
6880    70.93567876043798
6980    71.45245496226246
7080    72.04447144375445
7180    72.64578197170408
7280    73.16061385816235
7390    73.49085067259074
7500    73.4752548983358
7610    73.10566792916154
7720    72.42887868199017
7830    71.5327438469725
7940    70.52356383545236
8060    69.40095376608087
8180    68.33919429695756
8300    67.40874888341418
8420    66.67559457089166
8540    66.20019981816631
8660    66.02826497231447
8790    66.12539803685414
8920    66.1965829687231
9050    65.82398021393823
9180    64.94724046373287
9310    63.92084091357459
9450    63.03523231738576
9590    62.43629105780032
9730    62.051631788548534
9870    61.85965704663215
10010    61.82724132834781
10160    61.93774195282998
10310    62.181120619735324
10460    62.54788208215717
10610    63.040655877832904
10760    63.66862946633847
10920    64.49030221061727
11080    65.45818025631542
11240    66.57975964527094
11400    67.87270672264151
11570    69.40757982936866
11740    71.01056011197552
11910    72.47480799885761
12080    73.52954056389424
12260    74.02704955490273
12440    73.97420706654711
12620    73.52028573857973
12800    72.62470240704974
12990    71.14582312333874
13180    69.38236051691132
13370    67.72763058513674
13560    66.39987637715919
13760    65.43334868461515
13960    64.88810276557166
14160    64.69834432653707
14370    64.83200977339226
14580    65.26097263935088
14790    65.95569579830286
15010    66.99597462664175
15230    68.42030082274127
15450    70.18305780489729
15670    71.88577425358704
15900    72.73638487533755
16130    71.95522021317134
16360    69.98651337782816
16600    67.74476468974831
16840    65.78791957811121
17080    64.18757768931144
17330    62.57398511602949
17580    59.838955696643
17840    55.51745650847227
18100    52.68861895713023
18360    53.00185341359318
18630    54.56468581401931
18900    56.46309414112154
19170    58.51263268391534
19450    59.92689973003537
19730    59.81062231634658
20000    59.12939446847044
