20    61.610052934737524
20.3    61.66134082551123
20.6    61.7117041555414
20.9    61.76103835714501
21.2    61.80927807239702
21.5    61.85633509685937
21.8    61.90206919766173
22.1    61.94635653161164
22.4    61.989216198437795
22.7    62.03091882040488
23    62.07199432853415
23.3    62.11311446111921
23.6    62.154896751137684
23.9    62.19770855184146
24.2    62.2415440755806
24.6    62.30088138159128
25    62.359853519910615
25.4    62.417005301420886
25.8    62.47139779170017
26.2    62.52278275964687
26.6    62.571459133935036
27    62.617983594942075
27.4    62.66290679048613
27.8    62.70662810841674
28.2    62.74936683866719
28.6    62.79118924932129
29    62.83205439438832
29.4    62.871852197450906
29.8    62.9104465319358
30.2    62.94772158859643
30.6    62.9836124224805
31    63.0181163087308
31.5    63.05938502914663
32    63.09876682179632
32.5    63.136477339553466
33    63.1727021298249
33.5    63.20756754011343
34    63.24114912147601
34.5    63.273507575009575
35    63.30471562602548
35.5    63.334840829039415
36    63.363916927825386
36.5    63.39194490372773
37    63.41893589457822
37.5    63.4449388909634
38    63.47001997378031
38.6    63.498953851376186
39.2    63.526596157077705
39.8    63.55286044839983
40.4    63.57765724916279
41    63.60092314735405
41.6    63.62262000157044
42.2    63.64273712452483
42.8    63.6613084519328
43.4    63.67841419617416
44    63.694181389901004
44.6    63.708790422683144
45.2    63.72247076495779
45.9    63.737595942640255
46.6    63.752175747503614
47.3    63.766484394134366
48    63.780633290167046
48.7    63.794501539131346
49.4    63.80774390117248
50.1    63.81990978878308
50.8    63.83056271501611
51.5    63.839346386787554
52.2    63.846050657958344
53    63.85115602715601
53.8    63.853793513408974
54.6    63.8544993828198
55.4    63.854012312020274
56.2    63.852986051469884
57    63.85187525781536
57.8    63.851150025359416
58.6    63.851281625788175
59.5    63.85263192555365
60.4    63.85487543589792
61.3    63.85728767350813
62.2    63.8590626812388
63.1    63.85951889456622
64    63.85818559624208
64.9    63.85481358770809
65.8    63.849403034166386
66.8    63.84128856529219
67.8    63.8314815337681
68.8    63.820676830191076
69.8    63.80971250222403
70.8    63.799490737932885
71.8    63.79086453054055
72.8    63.78450927031459
73.9    63.78056972914101
75    63.779767454439565
76.1    63.781443268013845
77.2    63.78439636000117
78.3    63.787109794642376
79.4    63.78803984302495
80.6    63.785457373047805
81.8    63.77783981099239
83    63.76432155979346
84.2    63.744519599171625
85.4    63.71851875771459
86.6    63.68680737130295
87.9    63.6468261085141
89.2    63.60185117039366
90.5    63.55266581407051
91.8    63.49997463370967
93.1    63.44437724745002
94.5    63.38177929023571
95.9    63.31678945803374
97.3    63.24988024708367
98.7    63.18161371175108
100    63.117486742648296
102    63.01830099284149
104    62.919463332263604
106    62.82217842867099
108    62.7279523339632
110    62.6382803397988
112    62.55481869794849
114    62.48003051224974
116    62.41774277406732
118    62.372187178680036
120    62.345939532405524
122    62.338226573973465
124    62.34392872553001
126    62.356799916729784
128    62.371897736968336
130    62.38681734744708
132    62.40210790341801
134    62.42054290352357
136    62.445825806573836
138    62.48140857090104
140    62.529393182627174
142    62.5897925440382
144    62.66032077865073
146    62.73685682284136
148    62.81462943897135
150    62.88932372691974
152    62.95767077267835
154    63.01753633382948
156    63.067663853328504
158    63.10734230739054
160    63.136169732487716
162    63.153885707532226
164    63.16036142902893
166    63.155757727896635
168    63.14054630061813
170    63.11544923333926
173    63.06142154385678
176    62.99119340591183
179    62.90854580425824
182    62.8169261908281
185    62.71916143332468
188    62.61748952616161
191    62.51367164242504
194    62.409146287449204
197    62.30517420550865
200    62.20298451045542
203    62.10373614374354
206    62.00842588988557
209    61.917951996920756
212    61.833258091443156
215    61.755418038360276
218    61.68567142294472
221    61.62535849473249
224    61.575540735514075
227    61.536283701288724
230    61.50626113688794
233    61.4830886316672
236    61.46384741613079
239    61.44552651636894
243    61.41778552473472
247    61.38165711206248
251    61.33427742510328
255    61.27504217295143
259    61.20491647334941
263    61.12580490171932
267    61.039974064664605
271    60.94952028309461
275    60.85606179795457
279    60.760677595580965
283    60.664053599362234
287    60.56668625758735
291    60.46901334680828
295    60.37142931557211
299    60.27424717686366
303    60.17773398345174
307    60.08219048840198
312    59.96466208693867
317    59.84982290824836
322    59.7379294598058
327    59.62866816151027
332    59.521197999307454
337    59.41431824703244
342    59.30679426382843
347    59.197798450388945
352    59.087347698997114
357    58.97659930385228
362    58.86787460716637
367    58.76438198783007
372    58.669798879763235
377    58.58794383425655
383    58.51161819384838
389    58.46388766731704
395    58.44742967200969
401    58.46201048315409
407    58.50426265934553
413    58.56798035659193
419    58.64518270126126
425    58.72753109683289
431    58.8077961809924
437    58.88086004742475
443    58.94407133121083
449    58.99696629506473
456    59.04696621854801
463    59.08671257206281
470    59.11863011041376
477    59.144649732975495
484    59.166045158815685
491    59.18351283753448
498    59.19740006280996
505    59.20797101221313
512    59.21589905484953
519    59.22234344945073
527    59.22959228982275
535    59.23849720622226
543    59.250415143036676
551    59.26587697476749
559    59.284698963563876
567    59.3063293863476
575    59.32990706380944
583    59.354233829071205
592    59.38083369485116
601    59.40496995655842
610    59.42548236967649
619    59.44204173000007
628    59.45527261886903
637    59.46669783133048
646    59.478294643806294
655    59.49182065162695
665    59.51034838990647
675    59.532882976992056
685    59.559012737871484
695    59.588083715352
705    59.61965497393635
715    59.65366885073955
725    59.690277166655406
736    59.73366585147042
747    59.78017600585251
758    59.82937009129367
769    59.88076049951369
780    59.93398448143277
791    59.988748411529954
803    60.050052667237736
815    60.11310608602778
827    60.17835120685808
839    60.24651939400261
851    60.318440616595936
863    60.394795653921264
876    60.48304816207375
889    60.57738004902654
902    60.67788257541122
915    60.78438292127152
928    60.89626974325189
942    61.02189585471858
956    61.15231553555421
970    61.287281543932
984    61.426393183993056
998    61.56895437311657
1010    61.69342225897603
1020    61.798601760882974
1030    61.90503614821213
1050    62.120982544958494
1070    62.339133875375666
1090    62.556695580415386
1110    62.769794346654805
1130    62.972089721656786
1150    63.15369390512932
1170    63.301158809553
1190    63.40000911759557
1210    63.43995397458993
1230    63.422856093460396
1250    63.36681604375933
1270    63.30272737577591
1290    63.26463937783487
1310    63.278062473706896
1330    63.35337381165972
1350    63.486656512965105
1370    63.66504899072456
1390    63.87328101130325
1410    64.09863160091055
1430    64.33250924043263
1450    64.5694678273107
1470    64.80586187630954
1490    65.03899453406524
1510    65.26652270438329
1530    65.48602709198136
1550    65.69478753139015
1570    65.88960635187712
1590    66.06670423368968
1610    66.22191121346196
1630    66.35081016940396
1650    66.44885064307091
1670    66.51157546019776
1690    66.53492246143855
1710    66.51639573596505
1730    66.45721315381715
1760    66.30744778437781
1790    66.11593820052687
1820    65.92334630426194
1850    65.77048584882375
1880    65.69281536436328
1910    65.71434064793382
1940    65.84408134023343
1970    66.07705057153447
2000    66.39767874889289
2030    66.78471456303254
2060    67.21657730513105
2090    67.67524212734547
2120    68.14706579487333
2150    68.62196123845332
2180    69.09272542518363
2210    69.55405935973116
2240    70.00185083993082
2270    70.43291088543987
2300    70.8449281536626
2330    71.23644938689901
2360    71.60653428640813
2390    71.95429752768152
2420    72.27887212001426
2460    72.67494456317368
2500    73.03032658689807
2540    73.34941204917669
2580    73.63994452428223
2620    73.90716640742548
2660    74.15159775140357
2700    74.37204131210909
2740    74.56818997197593
2780    74.74038177924842
2820    74.88931150455795
2860    75.01636463678857
2900    75.12434953836157
2940    75.21717419396988
2980    75.2987514412013
3020    75.37281258344352
3060    75.4433523868782
3100    75.51487977596568
3150    75.61282711375394
3200    75.72773851420092
3250    75.8661560937573
3300    76.03280614972634
3350    76.22923725907125
3400    76.45289390110554
3450    76.69728461847292
3500    76.95047274317713
3550    77.19289952822788
3600    77.39827312306772
3650    77.53672318268227
3700    77.58065010867158
3750    77.51092537163012
3800    77.31881447367478
3860    76.92725274152224
3920    76.3710362219967
3980    75.66622125670057
4040    74.83604170518608
4100    73.91182684451516
4160    72.93000450648749
4220    71.92674578530537
4280    70.93168530910692
4340    69.96465882181519
4400    69.03682863651666
4460    68.15373587991543
4520    67.31831039821225
4590    66.40595405088021
4660    65.5591267257232
4730    64.77277208470858
4800    64.04143651340746
4870    63.360696168524164
4940    62.72683672781703
5010    62.13632411924972
5080    61.58616743681252
5150    61.074051025223724
5220    60.59796317073712
5300    60.09592866668997
5380    59.636743389604376
5460    59.21857504601687
5540    58.83828806397082
5620    58.49144146301257
5700    58.17510394149565
5780    57.88910962152688
5860    57.63456321765305
5950    57.38731385132211
6040    57.18205880207293
6130    57.02240478447753
6220    56.91901173155472
6310    56.88911470401148
6400    56.957902101190896
6490    57.16278267289235
6580    57.54445020295249
6680    58.184663026715285
6780    58.96291657439603
6880    59.70834141384611
6980    60.26038194928648
7080    60.524329457861526
7180    60.422346034101444
7280    59.817496668510366
7390    58.773873309727605
7500    58.681502969221356
7610    60.40280729439884
7720    62.53797895708608
7830    63.827203310092955
7940    64.31683162895885
8060    64.47931319773527
8180    64.71146387798609
8300    65.07891488120349
8420    65.3769830343923
8540    65.50356134270949
8660    65.52442081146589
8790    65.55008459692249
8920    65.67756061691081
9050    65.97756342538335
9180    66.5032686035671
9310    67.30470650416055
9450    68.5219810757994
9590    70.03138569256768
9730    71.42074660667996
9870    71.97715933227082
10010    71.29751747668772
10160    69.66627216294503
10310    68.0873412882235
10460    67.17513542398241
10610    66.96440322434538
10760    67.07803870797329
10920    67.05077083893386
11080    66.78588524720271
11240    66.58522339156825
11400    66.55036333814752
11570    66.37497312478624
11740    65.7122058190027
11910    64.69134026157754
12080    63.74382633708936
12260    63.1972736261288
12440    63.5713490530387
12620    65.330385021845
12800    67.9415415576367
12990    70.23089806864601
13180    71.62080664295169
13370    72.50640693782911
13560    72.88108374291389
13760    72.41864483721317
13960    71.09067082235165
14160    69.38206807905884
14370    67.81479666141229
14580    66.79885095295188
14790    66.07832562215289
15010    65.12744380286529
15230    64.83208460370238
15450    65.66095478162029
15670    66.18127543997426
15900    65.9122772593308
16130    65.31815125198989
16360    64.1679483943781
16600    61.98724367282999
16840    59.25890938259542
17080    56.76808886352912
17330    54.68934784408309
17580    52.86285699486041
17840    51.23030984272242
18100    50.303353644846375
18360    50.0713978958934
18630    50.27588952779111
18900    50.6109656699344
19170    50.135835675602436
19450    48.04123057316922
19730    45.09891754999169
20000    43.19810676854904
