20    70.10650000000001
20.3    70.12800006833311
20.6    70.1485
20.9    70.167
21.2    70.18149995166684
21.5    70.19200000750001
21.8    70.20100002999985
22.1    70.21087499999999
22.4    70.2225
22.7    70.23799994833351
23    70.2555
23.3    70.26950002666658
23.6    70.2775
23.9    70.27562499999999
24.2    70.26833331111104
24.6    70.2548750168749
25    70.24799999999999
25.4    70.2565
25.8    70.27400003624982
26.2    70.28849996375018
26.6    70.289875
27    70.28216667611107
27.4    70.27200001125004
27.8    70.26675
28.2    70.26820000000001
28.6    70.27189999999999
29    70.2735
29.4    70.26830000000001
29.8    70.2616
30.2    70.25525
30.6    70.24916667777774
31    70.24037500593752
31.5    70.2225
32    70.19749999999999
32.5    70.176
33    70.16149999999999
33.5    70.15350000000001
34    70.144
34.5    70.1325
35    70.1185
35.5    70.101
36    70.08099999999999
36.5    70.059
37    70.0385
37.5    70.02
38    69.99964288622445
38.6    69.97150005
39.2    69.94025001968753
39.8    69.9113
40.4    69.88583327777759
41    69.85583333333332
41.6    69.81833331111105
42.2    69.78185711806125
42.8    69.75124995583319
43.4    69.7224999741668
44    69.68664295408149
44.6    69.64850007333357
45.2    69.6189
45.9    69.59121430897956
46.6    69.55499997999993
47.3    69.51371426897961
48    69.47807146275505
48.7    69.438000061
49.4    69.37850016999977
50.1    69.3207499940625
50.8    69.28749997571431
51.5    69.2705
52.2    69.21600007785703
53    69.1275
53.8    69.11699999571428
54.6    69.10078573316324
55.4    68.99500009937512
56.2    68.917
57    68.923
57.8    68.8622
58.6    68.7894
59.5    68.71175
60.4    68.64049995999994
61.3    68.59099999000001
62.2    68.54500005571421
63.1    68.4774
64    68.436
64.9    68.36985
65.8    68.30449999999999
66.8    68.274
67.8    68.2372
68.8    68.161
69.8    68.09719999999999
70.8    68.0355
71.8    67.96940000000001
72.8    67.9356
73.9    67.8918
75    67.8315
76.1    67.73112474906188
77.2    67.74123078254435
78.3    67.70730778390512
79.4    67.67825001062502
80.6    67.63424990062475
81.8    67.5284998223081
83    67.43496157662713
84.2    67.40766667083335
85.4    67.39749997874995
86.6    67.3352689959177
87.9    67.1885
89.2    67.09556666666667
90.5    67.05566663958327
91.8    67.0056537523375
93.1    66.93892313710046
94.5    66.86883340416685
95.9    66.82924997187493
97.3    66.73073072946755
98.7    66.66273088639026
100    66.6405
102    66.493
104    66.3900714841836
106    66.3115
108    66.226
110    66.12362493203116
112    66.0085
114    65.88783348541705
116    65.76790901033047
118    65.6465
120    65.52688452337271
122    65.409
124    65.28423797641712
126    65.16316666666667
128    65.0515
130    64.92207142857143
132    64.78999999999999
134    64.657
136    64.52199999999999
138    64.411
140    64.2835
142    64.15683333333334
144    64.02225
146    63.882400000000004
148    63.745000000000005
150    63.607
152    63.462999999999994
154    63.335499999999996
156    63.2137
158    63.0985
160    63.0025
162    62.9505
164    62.9246
166    62.938599999999994
168    62.9957
170    63.088499999999996
173    63.2511
176    63.4315
179    63.6037
182    63.7573
185    63.888000000000005
188    63.9882
191    64.05799999999999
194    64.1321
197    64.2085
200    64.2655
203    64.3105
206    64.3145
209    64.2765
212    64.22999999999999
215    64.171375
218    64.0975
221    63.9965
224    63.894499999999994
227    63.786
230    63.675
233    63.5665
236    63.455
239    63.336125
243    63.181
247    63.0325
251    62.882000000000005
255    62.741375
259    62.607
263    62.47866666666667
267    62.3495
271    62.22266666666667
275    62.092875
279    61.973375
283    61.860200000000006
287    61.7494
291    61.6437
295    61.548500000000004
299    61.4461
303    61.324124999999995
307    61.197500000000005
312    61.076875
317    60.943200000000004
322    60.807900000000004
327    60.6949
332    60.5732
337    60.4488
342    60.3407
347    60.214299999999994
352    60.0757
357    59.9534
362    59.8346
367    59.726299999999995
372    59.6315
377    59.531571428571425
383    59.408199999999994
389    59.292125
395    59.1815
401    59.102666666666664
407    59.033249999999995
413    59.00441666666667
419    58.99021428571429
425    58.9825
431    59.04
437    59.1075
443    59.146499999999996
449    59.240916666666664
456    59.346642857142854
463    59.403166666666664
470    59.46592857142857
477    59.51864285714286
484    59.642700000000005
491    59.660357142857144
498    59.50933333333333
505    59.4656875
512    59.515214285714286
519    59.562285714285714
527    59.5583125
535    59.540125
543    59.53378571428571
551    59.533500000000004
559    59.5339375
567    59.54555
575    59.555499999999995
583    59.56335
592    59.5729
601    59.58624999999999
610    59.60178571428572
619    59.61685714285714
628    59.63175
637    59.6455
646    59.6626
655    59.68275
665    59.70825
675    59.732749999999996
685    59.759
695    59.79375
705    59.831500000000005
715    59.871750000000006
725    59.9145
736    59.9607
747    60.00585
758    60.052
769    60.09753846153846
780    60.14276923076923
791    60.189
803    60.241625
815    60.29657692307693
827    60.35342307692308
839    60.41312500000001
851    60.474833333333336
863    60.53903846153846
876    60.61125
889    60.6866
902    60.763999999999996
915    60.84623076923077
928    60.93173076923077
942    61.024
956    61.1175
970    61.21276923076923
984    61.30723076923077
998    61.401916666666665
1010    61.49183333333333
1020    61.57933333333334
1030    61.678
1050    61.992375
1070    62.25883333333333
1090    62.452
1110    62.63907142857143
1130    62.83522222222222
1150    63.037499999999994
1170    63.24431818181819
1190    63.45157692307693
1210    63.65707142857143
1230    63.85778571428571
1250    64.0545
1270    64.24416666666667
1290    64.42835714285715
1310    64.61007142857143
1330    64.79075
1350    64.971
1370    65.15125
1390    65.33225
1410    65.51433333333333
1430    65.697
1450    65.881
1470    66.0686
1490    66.2568
1510    66.446
1530    66.6369
1550    66.8305
1570    67.02850000000001
1590    67.22919999999999
1610    67.4334
1630    67.6416
1650    67.854
1670    68.0724
1690    68.2962
1710    68.525
1730    68.75909999999999
1760    69.1235
1790    69.5009
1820    69.8925
1850    70.30199999999999
1880    70.73089999999999
1910    71.1753
1940    71.6337
1970    72.1029
2000    72.5775
2030    73.04599999999999
2060    73.4905
2090    73.88050000000001
2120    74.1735
2150    74.27087499999999
2180    74.2255
2210    73.82137499999999
2240    73.224
2270    72.323
2300    71.263
2330    70.213
2360    69.39
2390    69.046125
2420    69.03883333333334
2460    69.622
2500    70.5355
2540    71.609
2580    72.66300000000001
2620    73.6235
2660    74.44175
2700    75.13633333333334
2740    75.66624999999999
2780    76.0555
2820    76.2979
2860    76.4317
2900    76.4605
2940    76.38329999999999
2980    76.2539
3020    76.08725000000001
3060    75.89233333333334
3100    75.68175
3150    75.415
3200    75.15549999999999
3250    74.9135
3300    74.69550000000001
3350    74.50200000000001
3400    74.338
3450    74.20349999999999
3500    74.0995
3550    74.0265
3600    73.9815
3650    73.96199999999999
3700    73.9675
3750    73.9935
3800    74.03992857142858
3860    74.1053
3920    74.1810625
3980    74.2576
4040    74.32766666666666
4100    74.387
4160    74.4355
4220    74.47792857142858
4280    74.52250000000001
4340    74.578
4400    74.65471428571428
4460    74.7545
4520    74.8819
4590    75.06792857142857
4660    75.27933333333334
4730    75.50107142857144
4800    75.70664285714287
4870    75.8755
4940    75.9695
5010    75.95768749999999
5080    75.8435
5150    75.592
5220    75.21549999999999
5300    74.66149999999999
5380    74.019
5460    73.33
5540    72.6315
5620    71.94460000000001
5700    71.279
5780    70.66300000000001
5860    70.0902
5950    69.502
6040    68.97524999999999
6130    68.51392857142858
6220    68.11449999999999
6310    67.7849
6400    67.5095
6490    67.2989
6580    67.1459
6680    67.03909999999999
6780    66.9973
6880    67.0119
6980    67.0698
7080    67.1678
7180    67.3086
7280    67.4865
7390    67.70575
7500    67.945
7610    68.20441666666667
7720    68.38684615384615
7830    68.37480769230768
7940    68.14275
8060    67.63075
8180    66.91703846153845
8300    66.13123076923077
8420    65.39433333333332
8540    64.72649999999999
8660    64.0008846153846
8790    63.112300000000005
8920    62.20766666666667
9050    61.348083333333335
9180    60.57076923076923
9310    59.87384615384615
9450    59.21304166666667
9590    58.64475
9730    58.16346153846154
9870    57.76330769230769
10010    57.449733333333334
10160    57.20486666666667
10310    57.05917857142857
10460    57.01593749999999
10610    57.071866666666665
10760    57.24126666666667
10920    57.533125
11080    57.95028571428571
11240    58.51733333333333
11400    59.214083333333335
11570    60.182022727272724
11740    61.290875
11910    62.69876923076923
12080    64.19542857142858
12260    65.83214285714286
12440    67.237
12620    67.7782
12800    67.417
12990    66.15132857142856
13180    64.87819999999999
13370    63.72085
13560    62.8514
13760    62.256600000000006
13960    61.976600000000005
14160    62.0202
14370    62.209025
14580    62.54168
14790    62.80682
15010    62.795860000000005
15230    62.28678
15450    61.431700000000006
15670    60.53828
15900    59.788799999999995
16130    59.23352
16360    58.86628
16600    58.61579999999999
16840    58.27704
17080    57.79688
17330    57.2843
17580    56.5577
17840    55.27292
18100    53.399
18360    51.16276
18630    48.7779
18900    46.3869
19170    43.37544
19450    40.2192
19730    37.690380000000005
20000    37.5175
