20    74.13546449864128
20.3    74.08870107695783
20.6    74.04249101357001
20.9    73.9966789432937
21.2    73.95115739673898
21.5    73.90589485612118
21.8    73.86092918176297
22.1    73.8163335708813
22.4    73.77216524111739
22.7    73.72841645579629
23    73.68498932448993
23.3    73.64171087340837
23.6    73.59838208244123
23.9    73.5548375431448
24.2    73.51099425966285
24.6    73.45212066009769
25    73.39300578056427
25.4    73.33392888619943
25.8    73.27504091696113
26.2    73.21630363811863
26.6    73.1575791708967
27    73.0987823492187
27.4    73.03997109714183
27.8    72.98133252949637
28.2    72.92308006925583
28.6    72.86534454014752
29    72.80812022000879
29.4    72.75128415626659
29.8    72.69466497423126
30.2    72.63811745167513
30.6    72.58157393603804
31    72.52506166355944
31.5    72.45462514494037
32    72.38463978872741
32.5    72.31524141706592
33    72.24639576708691
33.5    72.17797906039777
34    72.10993357668494
34.5    72.04233636878048
35    71.97532004494983
35.5    71.90892928954997
36    71.84306803647988
36.5    71.7775618074495
37    71.712254392935
37.5    71.64705809623126
38    71.58194512786969
38.6    71.5039307274379
39.2    71.42610715917112
39.8    71.34859320767205
40.4    71.27154916331571
41    71.1951292270686
41.6    71.11943592946001
42.2    71.04450801685798
42.8    70.97033349497269
43.4    70.89686981712418
44    70.8240542867288
44.6    70.75181436078142
45.2    70.6800897349444
45.9    70.5970290096102
46.6    70.51467580388926
47.3    70.43319553481035
48    70.35286456666276
48.7    70.27393707134785
49.4    70.19650911630369
50.1    70.12050533362613
50.8    70.04573108520702
51.5    69.97193351726808
52.2    69.89887131439049
53    69.8160057207244
53.8    69.73359698891265
54.6    69.65172637060306
55.4    69.5708636677258
56.2    69.49133698631356
57    69.41291372871267
57.8    69.33506699197497
58.6    69.25735623653637
59.5    69.16978823524518
60.4    69.08199539636712
61.3    68.9940951302955
62.2    68.90626100051225
63.1    68.81868065240229
64    68.73157631257416
64.9    68.64516064487528
65.8    68.55953136313857
66.8    68.46537104985997
67.8    68.37242415441543
68.8    68.2807957793161
69.8    68.19036456931642
70.8    68.10106325329815
71.8    68.01290002772694
72.8    67.92577952103954
73.9    67.83105618894376
75    67.73747545757976
76.1    67.64485888577826
77.2    67.55287937711827
78.3    67.46126337016715
79.4    67.3698503432397
80.6    67.27032288724016
81.8    67.17115446768241
83    67.07263748661995
84.2    66.9750617025176
85.4    66.87858844058749
86.6    66.78327380765097
87.9    66.68135854453442
89.2    66.5808698658947
90.5    66.48180250799558
91.8    66.38410705120728
93.1    66.2877230766664
94.5    66.1853480926328
95.9    66.08441175623311
97.3    65.9847958373547
98.7    65.88627787737562
100    65.79554275112886
102    65.65686196186485
104    65.51874501877253
106    65.38104931146471
108    65.24405251918236
110    65.10835041355986
112    64.97467627960032
114    64.84376559063249
116    64.7162353845449
118    64.59243603350981
120    64.47220789976056
122    64.35482939492324
124    64.23904037834302
126    64.1233177436404
128    64.00650446380936
130    63.88813692917719
132    63.768397237524866
134    63.64808404575396
136    63.52866311832791
138    63.41206561521385
140    63.30029492072296
142    63.19512147192288
144    63.098009430255715
146    63.01020176983384
148    62.93271653480207
150    62.866476319647525
152    62.81248730383052
154    62.771944481643764
156    62.74628568008646
158    62.73705147280383
160    62.7454582514158
162    62.771844397114116
164    62.815160379538625
166    62.873135382205646
168    62.94255260924407
170    63.01957972185858
173    63.140479682127946
176    63.25638639830065
179    63.35671076058304
182    63.43339134700456
185    63.482233141302984
188    63.50289414706298
191    63.49764491804258
194    63.47037649888395
197    63.42578222779653
200    63.368428247799066
203    63.301727939570156
206    63.227701769349466
209    63.14753212806835
212    63.06221496238733
215    62.97305288621999
218    62.881579872271516
221    62.789000097447534
224    62.69605449036226
227    62.60335915721245
230    62.511520384507584
233    62.42102286043967
236    62.33230844121635
239    62.245786480082835
243    62.1347175535662
247    62.02980317702288
251    61.93192169332745
255    61.84112878780788
259    61.75706253538579
263    61.67928640781125
267    61.607212238349106
271    61.53967621638512
275    61.47462553574034
279    61.409527463629175
283    61.342431928224144
287    61.2725550519005
291    61.19996730273333
295    61.125126266311625
299    61.04872895747576
303    60.97162804596149
307    60.89457411039992
312    60.79898591644067
317    60.70466904505016
322    60.61183617254414
327    60.5203153809406
332    60.42955047220043
337    60.33907303905636
342    60.248973582784544
347    60.159580793128384
352    60.07145955171558
357    59.98538290390377
362    59.902468829058854
367    59.824257298095006
372    59.75275561442458
377    59.690616164952566
383    59.63278482926971
389    59.59790718585218
395    59.589404714838494
401    59.60865200506147
407    59.65514140333805
413    59.726669178386885
419    59.819755827401806
425    59.92995452304366
431    60.05202156065458
437    60.180344111951015
443    60.30963242776623
449    60.4353084023975
456    60.57265921553503
463    60.69671926443827
470    60.80615981542053
477    60.90153467747443
484    60.98454641983395
491    61.05715297812429
498    61.121097310820545
505    61.17821495222224
512    61.230861403115405
519    61.28150176057703
527    61.33942427169417
535    61.399061825198444
543    61.46135860089191
551    61.52684156862162
559    61.59556142509719
567    61.66562036212818
575    61.7332419442963
583    61.79605577647466
592    61.860308077661415
601    61.91742865254224
610    61.96685312016042
619    62.00792626122349
628    62.04173424270957
637    62.07127255329378
646    62.099545402176645
655    62.12970299307386
665    62.17079624916359
675    62.22622492156388
685    62.30000105504435
695    62.38964620745719
705    62.48563906608024
715    62.575791071535555
725    62.65233545557389
736    62.72154892655761
747    62.78275042853824
758    62.8436250788445
769    62.908225830030645
780    62.97718061178202
791    63.04927083270302
803    63.13010711165118
815    63.21292254379193
827    63.29766005595309
839    63.38415227204308
851    63.47236157154946
863    63.56210125813482
876    63.6606033708581
889    63.760140457701795
902    63.86078332259311
915    63.96289040239142
928    64.06713057948456
942    64.18265693966194
956    64.30209270078417
970    64.42531244745115
984    64.55165078896854
998    64.68019023473946
1010    64.79157374390117
1020    64.88520710505088
1030    64.9797272765906
1050    65.17197507583893
1070    65.3687630364033
1090    65.56900083443983
1110    65.77056408475494
1130    65.97133790790545
1150    66.1701664763427
1170    66.36708581321048
1190    66.56263535005331
1210    66.75732603741976
1230    66.95136933686913
1250    67.14465513922549
1270    67.33692401206335
1290    67.52762409976337
1310    67.71586104534495
1330    67.90071159196631
1350    68.08128814650105
1370    68.25674455958534
1390    68.42685986290311
1410    68.59208694567099
1430    68.75283369730772
1450    68.9091721981788
1470    69.06114672976628
1490    69.20945879654798
1510    69.35520078436721
1530    69.4991134159503
1550    69.64136894012731
1570    69.78181278552802
1590    69.92016631100321
1610    70.05598852530628
1630    70.1889728029721
1650    70.3191066208622
1670    70.44643247061771
1690    70.57097042719353
1710    70.69266460423964
1730    70.81134115461768
1760    70.98333513572199
1790    71.14747019698252
1820    71.30328159035093
1850    71.45094824070736
1880    71.59088951467129
1910    71.72308775566509
1940    71.84713813863506
1970    71.96225203120598
2000    72.06769664138841
2030    72.16333010332558
2060    72.24939139872097
2090    72.32598304784788
2120    72.39317093914005
2150    72.45091992458751
2180    72.49906639073984
2210    72.53780677009662
2240    72.56756920841218
2270    72.58880320561715
2300    72.60199137773373
2330    72.60788849064512
2360    72.60732768499926
2390    72.60088176672521
2420    72.58871635681194
2460    72.56365852916619
2500    72.52948212185899
2540    72.48734685698113
2580    72.43813120917025
2620    72.38268683552397
2660    72.32189233754823
2700    72.25653013397448
2740    72.18740307961195
2780    72.11586940222875
2820    72.04424112383657
2860    71.97530865311857
2900    71.91116822580712
2940    71.85170110580918
2980    71.79463813343654
3020    71.73673979840623
3060    71.67440175726472
3100    71.60387446213313
3150    71.49889119690394
3200    71.36968477466591
3250    71.21086953688564
3300    71.01855026568246
3350    70.79026144854373
3400    70.52781685071864
3450    70.24553706597102
3500    69.97860418935969
3550    69.78279006725577
3600    69.71892605093919
3650    69.82723602838732
3700    70.1076016017991
3750    70.52059974349467
3800    71.00763678398602
3860    71.61473373226013
3920    72.18919152460211
3980    72.7003348043873
4040    73.13593287085388
4100    73.4912977062368
4160    73.76259280546194
4220    73.94539287268731
4280    74.0368328994243
4340    74.03706882706334
4400    73.94957697597091
4460    73.78128754973214
4520    73.54197969880997
4590    73.18902844823086
4660    72.77755454440484
4730    72.32838239398879
4800    71.85902151806337
4870    71.38438869382648
4940    70.91681412229686
5010    70.46510745569037
5080    70.03486402532562
5150    69.6298774114569
5220    69.25339896524116
5300    68.8605233716544
5380    68.50881087995303
5460    68.20258207704426
5540    67.94640339009564
5620    67.74309446822056
5700    67.5948738938596
5780    67.5043295166341
5860    67.47421174494136
5950    67.51358317869978
6040    67.62557215307736
6130    67.79876085425802
6220    68.01433231748437
6310    68.24748798055333
6400    68.4769327736332
6490    68.69166372414597
6580    68.89027517348445
6680    69.09563143201329
6780    69.2882168745632
6880    69.46408880086335
6980    69.61319199560846
7080    69.72828050841721
7180    69.80804785526976
7280    69.85042894689596
7390    69.83863966572983
7500    69.74701472858496
7610    69.57414540352701
7720    69.33375006703179
7830    69.04391186290079
7940    68.72084930223565
8060    68.3456057974467
8180    67.95741483329854
8300    67.55600490185554
8420    67.13018578825113
8540    66.6624771012981
8660    66.13165113937015
8790    65.45417533199172
8920    64.63357124603952
9050    63.65193305458244
9180    62.53572173882609
9310    61.38139376309016
9450    60.32312704778461
9590    59.768380415339976
9730    59.84703627088864
9870    60.29353984752147
10010    60.66384419548357
10160    60.63183538748591
10310    60.0559162221097
10460    58.99157876978338
10610    57.514846533674486
10760    55.68738524492704
10920    53.685635416810754
11080    52.77766896941249
11240    54.14494182443667
11400    57.18890298399418
11570    60.49891600126338
11740    63.03011700203027
11910    64.72777573831434
12080    65.78917804700096
12260    66.52108916759494
12440    67.10474084483693
12620    67.64649069316322
12800    68.12024486173908
12990    68.43393148401938
13180    68.44088676712892
13370    68.11928105204385
13560    67.56033025704154
13760    66.8787845109997
13960    66.2618326860341
14160    65.81534827530541
14370    65.5838215826846
14580    65.60535417757961
14790    65.83534376996644
15010    66.14113177649483
15230    66.22743938794989
15450    65.79148395370254
15670    64.66671814311063
15900    62.79409064472583
16130    60.499873619595206
16360    58.33765440747942
16600    56.60873706350461
16840    55.358943236918705
17080    54.56912026402288
17330    54.21831751159408
17580    54.16062801959978
17840    54.262624811615225
18100    54.55895558725686
18360    55.10665273557045
18630    55.973439101895366
18900    57.14505307333708
19170    58.56076052601803
19450    60.01292450566914
19730    60.87988961660698
20000    61.05565652191945
