20    70.4822640860236
20.3    70.46969001715826
20.6    70.45722524128928
20.9    70.44479995746788
21.2    70.4324278567627
21.5    70.42025693703378
21.8    70.40855284892896
22.1    70.3975876000541
22.4    70.38747749347476
22.7    70.37805831665727
23    70.36887249959364
23.3    70.35927461193594
23.6    70.34861617701443
23.9    70.3364261547272
24.2    70.3225209584101
24.6    70.3015372880169
25    70.27843934345572
25.4    70.25395450154302
25.8    70.22853087639584
26.2    70.2023306481719
26.6    70.17540365888368
27    70.14784078424225
27.4    70.11978541577886
27.8    70.09133483242175
28.2    70.06244848283724
28.6    70.03296586237019
29    70.00271914331569
29.4    69.97164739105799
29.8    69.93982933396167
30.2    69.9074385933174
30.6    69.87466356827329
31    69.84164337222175
31.5    69.80012302797468
32    69.75835999866526
32.5    69.71635572884932
33    69.67408176955566
33.5    69.63146098656782
34    69.58839079356015
34.5    69.54481987685708
35    69.50080565200466
35.5    69.45646912825012
36    69.41186953147471
36.5    69.36692174550579
37    69.32145662596707
37.5    69.27535379539017
38    69.22862339238733
38.6    69.17189871777305
39.2    69.11479796357727
39.8    69.05784852433237
40.4    69.00184437026952
41    68.94773646109859
41.6    68.89636196749933
42.2    68.84826396507151
42.8    68.80367817013703
43.4    68.76255695744648
44    68.72455469203712
44.6    68.68901862082498
45.2    68.65502340563239
45.9    68.61583591554555
46.6    68.57550470805168
47.3    68.53266867860435
48    68.4865493335893
48.7    68.43697093242173
49.4    68.38431446561151
50.1    68.32938920979441
50.8    68.27318709821014
51.5    68.21664198745259
52.2    68.16048754979369
53    68.09736691654787
53.8    68.03557775421103
54.6    67.97488282692618
55.4    67.91471626420264
56.2    67.85460059934545
57    67.79444258910954
57.8    67.73430612252407
58.6    67.6740967200145
59.5    67.60599643715977
60.4    67.53725365514862
61.3    67.46776264313063
62.2    67.39765377846268
63.1    67.32724369946877
64    67.25684618258418
64.9    67.18665941951897
65.8    67.11677193976678
66.8    67.0395123141883
67.8    66.96275949354524
68.8    66.88669251018486
69.8    66.81151624015806
70.8    66.73751971651345
71.8    66.66513654244176
72.8    66.59487680402566
73.9    66.52056751377421
75    66.44968852850332
76.1    66.38226619548243
77.2    66.31811131465116
78.3    66.25693698112738
79.4    66.19843768722349
80.6    66.137268620658
81.8    66.07828514652485
83    66.02066949118186
84.2    65.96336685350266
85.4    65.90522238548232
86.6    65.84523077773032
87.9    65.77740218271808
89.2    65.70634168858392
90.5    65.632206248514
91.8    65.55543504009543
93.1    65.47657572712487
94.5    65.3899032324818
95.9    65.30192575474115
97.3    65.21307129528913
98.7    65.12368311169767
100    65.04030457558557
102    64.91124065954716
104    64.78120990192723
106    64.65033459988098
108    64.51847405317562
110    64.38508254307015
112    64.24937543001934
114    64.1107714831767
116    63.96954234057063
118    63.82730735872678
120    63.68718685154444
122    63.553634094181504
124    63.43202629705664
126    63.32807165600437
128    63.24702455593246
130    63.19281330824961
132    63.16744499665829
134    63.17080885106356
136    63.200820210584965
138    63.253709864563476
140    63.3244329023305
142    63.40719728666977
144    63.496114359425015
146    63.58593390445284
148    63.672362149527146
150    63.75200226342667
152    63.82218251727667
154    63.88079845364885
156    63.926266115559145
158    63.957581564308
160    63.97436252729604
162    63.97680944887759
164    63.96562418847326
166    63.94186449914243
168    63.906806880231116
170    63.861847856029456
173    63.778996838649164
176    63.681853230469855
179    63.5748248869927
182    63.461987641867395
185    63.34706983313583
188    63.2332494613328
191    63.12307951083838
194    63.01841266278439
197    62.9204146665617
200    62.829789386889026
203    62.74702353284403
206    62.67245706675459
209    62.60622924700742
212    62.54815942657716
215    62.49757766142557
218    62.45324980557922
221    62.413463909608666
224    62.376215388865035
227    62.33943045501661
230    62.30117373105901
233    62.259837503786216
236    62.21435833765073
239    62.16434099307253
243    62.09097842954133
247    62.01126048322274
251    61.92691491736011
255    61.839700408402294
259    61.75114196106776
263    61.662412335517104
267    61.574298503342206
271    61.487243151572315
275    61.401414127642184
279    61.31684425486511
283    61.23359149046051
287    61.15168728057482
291    61.07106763912114
295    60.99167016679648
299    60.91344698056726
303    60.836286638390234
307    60.76007308555967
312    60.666097157055205
317    60.57362177207984
322    60.482752697097396
327    60.39353910956825
332    60.30598048648416
337    60.220006006230065
342    60.13560798104929
347    60.053065132632454
352    59.97295871368645
357    59.89603779700434
362    59.82325123050781
367    59.75582106041069
372    59.695257400610245
377    59.64330235634088
383    59.594813773266715
389    59.56399099343969
395    59.5528136696272
401    59.562038275312645
407    59.590868507224826
413    59.637098130923
419    59.69757071378033
425    59.76857518734735
431    59.846179144193854
437    59.92661589387435
443    60.006714440547555
449    60.08427302791132
456    60.17030248970777
463    60.25178490080927
470    60.32997913075239
477    60.40639220089005
484    60.48206577893352
491    60.5574033099699
498    60.63224967907655
505    60.706200840951865
512    60.77916710798807
519    60.851427186971364
527    60.93372527444706
535    61.01610298516985
543    61.098139859517524
551    61.178574576766195
559    61.255611107486196
567    61.3273865497936
575    61.392187896647066
583    61.44884228958228
592    61.50267511378648
601    61.54747748463706
610    61.58615939695489
619    61.62240571403203
628    61.659875341744154
637    61.70146926863844
646    61.748669314779264
655    61.80133503386345
665    61.864435417451986
675    61.92922615633598
685    61.992189273833944
695    62.050437580061555
705    62.10233658566343
715    62.148279811441625
725    62.19148731428068
736    62.2417551635541
747    62.298781758871556
758    62.361066814056926
769    62.4235739765267
780    62.481595020417274
791    62.53358598077698
803    62.58637966640485
815    62.64095451023171
827    62.701996900734244
839    62.7708946021263
851    62.846684337104094
863    62.92770399214051
876    63.01993569481829
889    63.1160193433393
902    63.21549167285195
915    63.31802107588648
928    63.42335504992013
942    63.53973358714191
956    63.65915186676373
970    63.781697122281415
984    63.90723113947443
998    64.03514247910513
1010    64.1459619280244
1020    64.23872691443864
1030    64.33167244706448
1050    64.51807220493694
1070    64.70551029253525
1090    64.8938147930024
1110    65.08203695418572
1130    65.26852964040451
1150    65.4489578414553
1170    65.61406068368215
1190    65.75069785795343
1210    65.84903672422986
1230    65.91534977306642
1250    65.98160119826909
1270    66.09142507644313
1290    66.2615948681376
1310    66.47190106219131
1330    66.6921334550928
1350    66.90329816186818
1370    67.0998298087572
1390    67.28367410772674
1410    67.45881306327593
1430    67.62860286289457
1450    67.7951904312224
1470    67.95977599484277
1490    68.12300880236933
1510    68.28534887469615
1530    68.44713478787708
1550    68.6084321357481
1570    68.76894289445039
1590    68.92819993168885
1610    69.08604741401889
1630    69.24263059433619
1650    69.39802351686109
1670    69.55213937742616
1690    69.70481698003249
1710    69.85603198478702
1730    70.00592726895255
1760    70.22786309445081
1790    70.44452544796525
1820    70.65438108868508
1850    70.85670941333413
1880    71.05166705010743
1910    71.23925576334042
1940    71.41880535641872
1970    71.5893252388565
2000    71.74966862978586
2030    71.89866856952591
2060    72.03497743450852
2090    72.15684130110947
2120    72.26226675407035
2150    72.35004249331948
2180    72.42054118906151
2210    72.47495770722318
2240    72.51403937038152
2270    72.53839433516984
2300    72.54919075820021
2330    72.54788245130551
2360    72.53596304260437
2390    72.51485549781323
2420    72.48577919957444
2460    72.43664376286284
2500    72.37875949080131
2540    72.31582151750084
2580    72.25133215064396
2620    72.18862701422167
2660    72.13065144961674
2700    72.07978041573772
2740    72.03734075989327
2780    72.0034451950949
2820    71.97740944924769
2860    71.95818780116383
2900    71.9451321209088
2940    71.93819556069994
2980    71.93803965217793
3020    71.94547657473859
3060    71.96086515204472
3100    71.98401546419396
3150    72.02270063821528
3200    72.07005172529762
3250    72.12436418625768
3300    72.18594198100746
3350    72.25642590328289
3400    72.3371117166858
3450    72.42888064008244
3500    72.53223804813291
3550    72.64718090275665
3600    72.77334039350862
3650    72.90928905770812
3700    73.05280949466436
3750    73.2012209154883
3800    73.35091700587274
3860    73.52538205656397
3920    73.6843190088267
3980    73.81489929770976
4040    73.90213245094937
4100    73.93150711428734
4160    73.89177276251394
4220    73.77711225467039
4280    73.58796138911758
4340    73.32926971895029
4400    73.00889509674107
4460    72.63724068220552
4520    72.22674695794875
4590    71.71719756946929
4660    71.19479785470632
4730    70.67383825568047
4800    70.1604756367137
4870    69.65570022504187
4940    69.15993445964844
5010    68.67599130341854
5080    68.20888305122095
5150    67.76430424117851
5220    67.34881490380742
5300    66.92324394264413
5380    66.57006051348665
5460    66.29560970828274
5540    66.07762967587956
5620    65.89516513441282
5700    65.75344178341571
5780    65.66604309961855
5860    65.6316710662667
5950    65.64188456135146
6040    65.69630445929356
6130    65.798866194892
6220    65.95436576327398
6310    66.16252037261343
6400    66.41841500551146
6490    66.71481105109255
6580    67.0412512273787
6680    67.42027528764373
6780    67.78810459059744
6880    68.1089621410027
6980    68.34587425245286
7080    68.46518944436377
7180    68.43195703622465
7280    68.21281691902922
7390    67.77618958195374
7500    67.21435080758212
7610    66.56780421798858
7720    65.86541234951522
7830    65.14744146496191
7940    64.44773789447942
8060    63.732335298849705
8180    63.08441111445781
8300    62.51307447797977
8420    62.02138005174446
8540    61.60976934956554
8660    61.279649345124874
8790    61.015622221369696
8920    60.847512018246775
9050    60.76836659987269
9180    60.770803353897165
9310    60.8530383977664
9450    61.03177471360842
9590    61.30282464621769
9730    61.66039521743005
9870    62.09128374986551
10010    62.572776129996534
10160    63.10626480153469
10310    63.600887628541855
10460    63.98841146937903
10610    64.21953130671255
10760    64.29535236404642
10920    64.23704331058445
11080    64.08076310557524
11240    63.8931166339185
11400    63.707961316692575
11570    63.508078240627945
11740    63.314571964462985
11910    63.19794655954042
12080    63.25314621017196
12260    63.48850285172364
12440    63.74380884052285
12620    63.893322863385336
12800    63.96727173782207
12990    64.0305182976902
13180    64.12978455967294
13370    64.31925111932563
13560    64.53072760841572
13760    64.60740573479022
13960    64.40206244966075
14160    63.89071795193097
14370    63.11509785557631
14580    62.25645262921324
14790    61.45359176671364
15010    60.75432756983011
15230    60.31202505579421
15450    60.23042096057799
15670    60.34986892116556
15900    60.35380359914002
16130    59.99439523560012
16360    59.26465109845276
16600    58.35656588379835
16840    57.40460916928187
17080    56.38682111074944
17330    55.36681103655023
17580    54.511585559568616
17840    53.91231296449987
18100    53.65893026162725
18360    53.66889212127208
18630    53.68980478654797
18900    53.40769128240079
19170    52.68040973539301
19450    51.30622628995562
19730    49.24554671435483
20000    47.71520140684737
