20    63.9995
20.3    64.07400022833258
20.6    64.1425
20.9    64.2065
21.2    64.26749979666734
21.5    64.32762505031262
21.8    64.38800020249899
22.1    64.44875
22.4    64.5095
22.7    64.56949980000067
23    64.6275
23.3    64.68250017333276
23.6    64.7345
23.9    64.78399999999999
24.2    64.83216677222256
24.6    64.89449992250039
25    64.955
25.4    65.013
25.8    65.06850012999935
26.2    65.12049987000064
26.6    65.17025000000001
27    65.21916662611125
27.4    65.26724994062485
27.8    65.31425
28.2    65.35849999999999
28.6    65.3997
29    65.4385
29.4    65.4777
29.8    65.519
30.2    65.56125
30.6    65.603166597778
31    65.64087497718744
31.5    65.681
32    65.71549999999999
32.5    65.75200000000001
33    65.792
33.5    65.8305
34    65.86
34.5    65.88
35    65.89699999999999
35.5    65.918
36    65.9435
36.5    65.969
37    65.993
37.5    66.0155
38    66.03942853724494
38.6    66.066999955
39.2    66.08774998781249
39.8    66.10589999999999
40.4    66.12516671222238
41    66.147
41.6    66.16516667555558
42.2    66.17707143561223
42.8    66.18875002250007
43.4    66.20500001583325
44    66.22178567959187
44.6    66.23399998333326
45.2    66.2424
45.9    66.26092855224493
46.6    66.28500001166671
47.3    66.29878571816326
48    66.30078571530612
48.7    66.3005
49.4    66.30699998142859
50.1    66.3122500003125
50.8    66.31400000071429
51.5    66.31450000000001
52.2    66.31599999785715
53    66.3155
53.8    66.31599999714287
54.6    66.31235714520409
55.4    66.29812501640626
56.2    66.2832
57    66.27600000000001
57.8    66.27080000000001
58.6    66.2626
59.5    66.24324999999999
60.4    66.23625000968751
61.3    66.26864287122447
62.2    66.26600001785712
63.1    66.21445
64    66.214
64.9    66.2311
65.8    66.2486
66.8    66.2501
67.8    66.2755
68.8    66.3344
69.8    66.31309999999999
70.8    66.2781
71.8    66.2707
72.8    66.26089999999999
73.9    66.25399999999999
75    66.243
76.1    66.23933332416664
77.2    66.23669230609468
78.3    66.22615386887568
79.4    66.21250001875005
80.6    66.19424997312493
81.8    66.17265381695273
83    66.15076925207096
84.2    66.12733337666677
85.4    66.10049997624994
86.6    66.07180764198236
87.9    66.0434
89.2    66.0223
90.5    65.99366662708323
91.8    65.95580765005927
93.1    65.92688463988159
94.5    65.9007916911459
95.9    65.86924994562486
97.3    65.83111537165684
98.7    65.79411545704124
100    65.7655
102    65.73933333333333
104    65.71564287193875
106    65.6945
108    65.66499999999999
110    65.62956247695308
112    65.56899999999999
114    65.54216672083348
116    65.50777270991733
118    65.476
120    65.42176918905322
122    65.3675
124    65.29035706938768
126    65.25733333333334
128    65.2385
130    65.19335714285714
132    65.144
134    65.07050000000001
136    64.9985
138    64.925
140    64.8485
142    64.77116666666666
144    64.69649999999999
146    64.6223
148    64.5449
150    64.4645
152    64.3873
154    64.3077
156    64.2183
158    64.1138
160    63.991
162    63.8878
164    63.792100000000005
166    63.7021
168    63.615899999999996
170    63.5315
173    63.473200000000006
176    63.4684
179    63.4585
182    63.463499999999996
185    63.5205
188    63.6438
191    63.7826
194    63.906800000000004
197    64.0176
200    64.1445
203    64.2995
206    64.4585
209    64.634
212    64.808
215    64.9555
218    65.083
221    65.16550000000001
224    65.227
227    65.2505
230    65.2495
233    65.235
236    65.2115
239    65.182625
243    65.1345
247    65.0645
251    64.989625
255    64.911
259    64.828125
263    64.7415
267    64.6525
271    64.5665
275    64.483625
279    64.404125
283    64.329
287    64.2556
291    64.1838
295    64.11500000000001
299    64.053
303    63.9925
307    63.9305
312    63.86387500000001
317    63.8097
322    63.758300000000006
327    63.7096
332    63.6644
337    63.620400000000004
342    63.5754
347    63.5277
352    63.476
357    63.4204
362    63.3611
367    63.294
372    63.21770000000001
377    63.13178571428571
383    63.0197
389    62.89425
395    62.7615
401    62.63216666666666
407    62.50683333333333
413    62.38258333333333
419    62.27585714285715
425    62.188
431    62.1255
437    62.101
443    62.12885714285714
449    62.195166666666665
456    62.317142857142855
463    62.47175
470    62.645357142857144
477    62.81585714285714
484    62.972300000000004
491    63.10728571428571
498    63.22016666666667
505    63.3060625
512    63.37571428571428
519    63.432500000000005
527    63.491875
535    63.547125
543    63.600928571428575
551    63.65521428571429
559    63.7088125
567    63.76415
575    63.81525
583    63.860350000000004
592    63.9034
601    63.94087499999999
610    63.974714285714285
619    64.00407142857142
628    64.028875
637    64.0501
646    64.069
655    64.086
665    64.10175
675    64.114
685    64.1235
695    64.1315
705    64.13525000000001
715    64.12650000000001
725    64.10875
736    64.0989
747    64.10585
758    64.12166666666667
769    64.1376923076923
780    64.15003846153846
791    64.158
803    64.163
815    64.16253846153846
827    64.15284615384616
839    64.135375
851    64.13579166666666
863    64.15826923076922
876    64.19470000000001
889    64.23696666666666
902    64.28108333333333
915    64.32803846153847
928    64.37884615384615
942    64.43716666666667
956    64.49799999999999
970    64.56019230769232
984    64.62473076923078
998    64.69058333333334
1010    64.74966666666667
1020    64.80000000000001
1030    64.851
1050    64.957875
1070    65.07083333333333
1090    65.189
1110    65.30692857142857
1130    65.423
1150    65.5355
1170    65.64413636363636
1190    65.74942307692308
1210    65.8525
1230    65.95178571428572
1250    66.0495
1270    66.14416666666668
1290    66.23807142857143
1310    66.33121428571428
1330    66.424
1350    66.51474999999999
1370    66.6045
1390    66.6945
1410    66.78399999999999
1430    66.87299999999999
1450    66.95750000000001
1470    67.0403
1490    67.1219
1510    67.2027
1530    67.28309999999999
1550    67.3635
1570    67.4443
1590    67.52539999999999
1610    67.606
1630    67.6862
1650    67.767
1670    67.8498
1690    67.93260000000001
1710    68.0162
1730    68.10060000000001
1760    68.2278
1790    68.3571
1820    68.4889
1850    68.6235
1880    68.7629
1910    68.9029
1940    69.04329999999999
1970    69.1857
2000    69.32849999999999
2030    69.473
2060    69.62
2090    69.769
2120    69.9185
2150    70.069125
2180    70.2195
2210    70.369
2240    70.51750000000001
2270    70.66499999999999
2300    70.81
2330    70.95249999999999
2360    71.0925
2390    71.229375
2420    71.363
2460    71.534125
2500    71.698
2540    71.852
2580    71.997
2620    72.1305
2660    72.25450000000001
2700    72.36733333333333
2740    72.46549999999999
2780    72.55275
2820    72.62729999999999
2860    72.69149999999999
2900    72.74549999999999
2940    72.7855
2980    72.81649999999999
3020    72.83875
3060    72.85233333333332
3100    72.85725000000001
3150    72.85499999999999
3200    72.84299999999999
3250    72.824
3300    72.7985
3350    72.7675
3400    72.73150000000001
3450    72.6975
3500    72.6635
3550    72.6265
3600    72.59200000000001
3650    72.56200000000001
3700    72.5335
3750    72.50550000000001
3800    72.48371428571429
3860    72.4634
3920    72.45362499999999
3980    72.4459
4040    72.43583333333333
4100    72.41233333333332
4160    72.39783333333334
4220    72.39378571428571
4280    72.40299999999999
4340    72.41274999999999
4400    72.39121428571428
4460    72.33883333333333
4520    72.2569
4590    72.12542857142857
4660    71.9625
4730    71.7652142857143
4800    71.54185714285714
4870    71.299
4940    71.0405
5010    70.7715
5080    70.4985
5150    70.22550000000001
5220    69.957
5300    69.65700000000001
5380    69.3685
5460    69.09521428571428
5540    68.841875
5620    68.6095
5700    68.3955
5780    68.21189999999999
5860    68.05409999999999
5950    67.90799999999999
6040    67.79425
6130    67.71592857142856
6220    67.674
6310    67.67060000000001
6400    67.694
6490    67.74709999999999
6580    67.82419999999999
6680    67.9296
6780    68.0495
6880    68.17920000000001
6980    68.3115
7080    68.44
7180    68.5615
7280    68.67269999999999
7390    68.7764
7500    68.85849999999999
7610    68.91533333333334
7720    68.94588461538461
7830    68.95134615384615
7940    68.92875000000001
8060    68.864
8180    68.74734615384615
8300    68.57180769230769
8420    68.331
8540    68.01916666666666
8660    67.64257692307692
8790    67.17699999999999
8920    66.66143333333333
9050    66.12304166666667
9180    65.57292307692308
9310    65.02934615384615
9450    64.46654166666667
9590    63.9405
9730    63.46073076923077
9870    63.03488461538461
10010    62.67156666666666
10160    62.3554
10310    62.118964285714284
10460    61.965562500000004
10610    61.89906666666667
10760    61.95003333333334
10920    62.089875
11080    62.321285714285715
11240    62.664
11400    63.090916666666665
11570    63.665772727272724
11740    64.30562499999999
11910    65.02225
12080    65.74621428571427
12260    66.45307142857143
12440    67.05766666666668
12620    67.40360000000001
12800    67.46449999999999
12990    67.05952857142857
13180    66.6231
13370    66.017625
13560    65.4984
13760    65.1269
13960    64.9961
14160    65.1768
14370    65.5205
14580    65.99276
14790    66.29294
15010    66.12806
15230    65.56837999999999
15450    65.1147
15670    64.82054
15900    64.2801
16130    63.103260000000006
16360    61.42758
16600    59.697900000000004
16840    58.29876
17080    57.1986
17330    56.418800000000005
17580    55.99068
17840    55.89756
18100    56.1514
18360    56.74622
18630    57.65608
18900    58.5712
19170    58.917739999999995
19450    58.17190000000001
19730    56.22288
20000    56.07
