20    71.6545
20.3    71.71100017666608
20.6    71.76400000000001
20.9    71.8125
21.2    71.85949984333385
21.5    71.90550003875009
21.8    71.95200015749921
22.1    71.99925
22.4    72.0465
22.7    72.09249984666718
23    72.1345
23.3    72.17200010999963
23.6    72.20500000000001
23.9    72.23575
24.2    72.26633340111134
24.6    72.30874994625026
25    72.352
25.4    72.39349999999999
25.8    72.43000008124959
26.2    72.46249991875041
26.6    72.496375
27    72.53249996833344
27.4    72.57049995249989
27.8    72.60475
28.2    72.6302
28.6    72.6498
29    72.667
29.4    72.6934
29.8    72.7276
30.2    72.76325
30.6    72.79249996000013
31    72.80562499406248
31.5    72.80449999999999
32    72.793
32.5    72.788
33    72.7945
33.5    72.814
34    72.846
34.5    72.8845
35    72.9195
35.5    72.941
36    72.9495
36.5    72.953
37    72.95949999999999
37.5    72.9675
38    72.97392856224491
38.6    72.979299993
39.2    72.98593749554686
39.8    72.9931
40.4    72.99783334111115
41    72.99933333333334
41.6    73.00116666805556
42.2    73.00485714591835
42.8    73.00549999499998
43.4    72.99899999166671
44    72.99142858367345
44.6    72.98883332777777
45.2    72.9893
45.9    72.97464287551017
46.6    72.95099998833331
47.3    72.93864285408165
48    72.93400000357141
48.7    72.92200002199999
49.4    72.90300005428564
50.1    72.89387499859374
50.8    72.88599997571433
51.5    72.869
52.2    72.84600003285709
53    72.819
53.8    72.79199997000003
54.6    72.76778571887755
55.4    72.7388750360938
56.2    72.7008
57    72.664
57.8    72.6312
58.6    72.5891
59.5    72.5395
60.4    72.49124997343748
61.3    72.44642855795921
62.2    72.40700004285708
63.1    72.36205000000001
64    72.3175
64.9    72.26755
65.8    72.2276
66.8    72.1802
67.8    72.1233
68.8    72.1495
69.8    72.1806
70.8    72.1848
71.8    72.2381
72.8    72.30869999999999
73.9    72.3869
75    72.4585
76.1    72.50479178239613
77.2    72.52400001038458
78.3    72.52111540165677
79.4    72.50350003250009
80.6    72.46974994812487
81.8    72.42223069715993
83    72.36830774467444
84.2    72.31400009000023
85.4    72.25866661833322
86.6    72.19846142662749
87.9    72.1272
89.2    72.05193333333332
90.5    71.98041660520818
91.8    71.919461467012
93.1    71.86911542934901
94.5    71.83133336041674
95.9    71.80174995312487
97.3    71.77223075946748
98.7    71.74030775621287
100    71.702
102    71.62233333333333
104    71.53857148775501
106    71.457
108    71.38116666666666
110    71.30856245507806
112    71.2425
114    71.15008344479195
116    71.04913628677676
118    70.939
120    70.84938454644966
122    70.76249999999999
124    70.67630944172328
126    70.56966666666668
128    70.4685
130    70.36735714285714
132    70.26650000000001
134    70.1665
136    70.07249999999999
138    69.9745
140    69.875
142    69.771
144    69.66375
146    69.5541
148    69.445
150    69.33500000000001
152    69.2238
154    69.112
156    69.00059999999999
158    68.8887
160    68.7735
162    68.6511
164    68.52600000000001
166    68.3962
168    68.2615
170    68.1235
173    67.9158
176    67.7072
179    67.5008
182    67.30180000000001
185    67.117
188    66.9551
191    66.8275
194    66.7633
197    66.7797
200    66.8865
203    67.0925
206    67.3635
209    67.6505
212    67.945
215    68.233375
218    68.503
221    68.700875
224    68.852
227    68.92850000000001
230    68.9465
233    68.91900000000001
236    68.8665
239    68.793
243    68.678
247    68.5375
251    68.38375
255    68.22300000000001
259    68.05625
263    67.88766666666666
267    67.72
271    67.553
275    67.391125
279    67.23325
283    67.0821
287    66.9375
291    66.8004
295    66.672
299    66.554
303    66.439
307    66.3295
312    66.19925
317    66.0691
322    65.9388
327    65.8032
332    65.6625
337    65.5184
342    65.37129999999999
347    65.22229999999999
352    65.0722
357    64.9225
362    64.77289999999999
367    64.6265
372    64.4844
377    64.34507142857143
383    64.18430000000001
389    64.042625
395    63.914
401    63.806583333333336
407    63.727333333333334
413    63.67333333333333
419    63.644357142857146
425    63.6405
431    63.665000000000006
437    63.710499999999996
443    63.7825
449    63.86616666666666
456    63.97792857142858
463    64.09533333333333
470    64.2005
477    64.28135714285715
484    64.3272
491    64.33392857142857
498    64.31800000000001
505    64.28975
512    64.26271428571428
519    64.2402857142857
527    64.218375
535    64.194875
543    64.16942857142858
551    64.14157142857144
559    64.1130625
567    64.0815
575    64.05025
583    64.02080000000001
592    63.989900000000006
601    63.9578125
610    63.92442857142857
619    63.88921428571428
628    63.8515
637    63.8122
646    63.7708
655    63.72575
665    63.671749999999996
675    63.616749999999996
685    63.56275
695    63.51025
705    63.45875
715    63.408500000000004
725    63.36025
736    63.310100000000006
747    63.2638
758    63.221500000000006
769    63.183615384615386
780    63.14861538461538
791    63.1155
803    63.082125000000005
815    63.051923076923075
827    63.02630769230769
839    63.00429166666667
851    62.984249999999996
863    62.9695
876    62.9569
889    62.9503
902    62.94691666666667
915    62.94765384615384
928    62.95426923076923
942    62.96783333333333
956    62.985499999999995
970    63.009269230769235
984    63.036500000000004
998    63.06616666666666
1010    63.091499999999996
1020    63.11083333333333
1030    63.1285
1050    63.168437499999996
1070    63.20933333333333
1090    63.2395
1110    63.25042857142857
1130    63.25011111111111
1150    63.246
1170    63.24281818181818
1190    63.245
1210    63.25085714285714
1230    63.266690476190476
1250    63.293
1270    63.332499999999996
1290    63.382071428571436
1310    63.43721428571429
1330    63.502250000000004
1350    63.57825
1370    63.664249999999996
1390    63.763999999999996
1410    63.8835
1430    64.0145
1450    64.1755
1470    64.3655
1490    64.58070000000001
1510    64.8195
1530    65.0795
1550    65.35749999999999
1570    65.6499
1590    65.9462
1610    66.2404
1630    66.5274
1650    66.803
1670    67.0558
1690    67.2885
1710    67.5009
1730    67.6934
1760    67.943
1790    68.1581
1820    68.3475
1850    68.5185
1880    68.6765
1910    68.8287
1940    68.9793
1970    69.13069999999999
2000    69.28450000000001
2030    69.4425
2060    69.605
2090    69.7735
2120    69.947
2150    70.12587500000001
2180    70.30850000000001
2210    70.49549999999999
2240    70.686
2270    70.8805
2300    71.07849999999999
2330    71.279
2360    71.483
2390    71.69075000000001
2420    71.90033333333332
2460    72.1835
2500    72.47
2540    72.7595
2580    73.05099999999999
2620    73.342
2660    73.63125
2700    73.91749999999999
2740    74.19800000000001
2780    74.471
2820    74.7339
2860    74.9867
2900    75.22749999999999
2940    75.4503
2980    75.6575
3020    75.84949999999999
3060    76.02383333333333
3100    76.176875
3150    76.344
3200    76.4785
3250    76.58449999999999
3300    76.663
3350    76.718
3400    76.7525
3450    76.771
3500    76.7765
3550    76.77449999999999
3600    76.7675
3650    76.7595
3700    76.75399999999999
3750    76.753
3800    76.76192857142857
3860    76.78190000000001
3920    76.82225
3980    76.87610000000001
4040    76.95416666666665
4100    77.05316666666667
4160    77.17483333333334
4220    77.32028571428572
4280    77.4845
4340    77.66775000000001
4400    77.86485714285715
4460    78.0685
4520    78.2707
4590    78.48392857142856
4660    78.66616666666667
4730    78.80757142857144
4800    78.88785714285714
4870    78.8815
4940    78.74600000000001
5010    78.4823125
5080    78.124
5150    77.67150000000001
5220    77.1575
5300    76.525
5380    75.8735
5460    75.22742857142856
5540    74.601125
5620    74.0036
5700    73.436
5780    72.9212
5860    72.4478
5950    71.964
6040    71.53075
6130    71.1515
6220    70.8255
6310    70.55815
6400    70.33449999999999
6490    70.1671
6580    70.0489
6680    69.9724
6780    69.9523
6880    69.98689999999999
6980    70.07319999999999
7080    70.21170000000001
7180    70.4023
7280    70.6405
7390    70.94290000000001
7500    71.26650000000001
7610    71.57816666666668
7720    71.83303846153845
7830    71.98684615384616
7940    72.00200000000001
8060    71.80799999999999
8180    71.38042307692308
8300    70.75857692307693
8420    69.99249999999999
8540    69.14233333333334
8660    68.2683076923077
8790    67.33850000000001
8920    66.46953333333335
9050    65.66091666666667
9180    64.93815384615385
9310    64.2966923076923
9450    63.695791666666665
9590    63.18662500000001
9730    62.76703846153846
9870    62.433499999999995
10010    62.190200000000004
10160    62.02746666666667
10310    61.96625
10460    62.014624999999995
10610    62.1669
10760    62.451
10920    62.8931875
11080    63.4825
11240    64.25883333333334
11400    65.20583333333333
11570    66.52106818181818
11740    68.03637499999999
11910    69.90313461538462
12080    71.80007142857143
12260    73.14521428571429
12440    73.48583333333333
12620    72.30850000000001
12800    70.634
12990    69.14982857142857
13180    67.7353
13370    66.93955
13560    66.5361
13760    66.5583
13960    67.0663
14160    67.9419
14370    68.84559999999999
14580    69.27655999999999
14790    69.01068
15010    67.76006
15230    65.69337999999999
15450    63.453900000000004
15670    61.2359
15900    58.871399999999994
16130    56.592400000000005
16360    54.76668000000001
16600    53.5426
16840    52.81282
17080    52.45778
17330    52.597759999999994
17580    53.19534
17840    54.30596
18100    55.9156
18360    57.72351999999999
18630    58.80542
18900    58.0112
19170    55.624520000000004
19450    52.6798
19730    49.75298
20000    49.5445
