20    74.739
20.3    74.76150007499976
20.6    74.78399999999999
20.9    74.80449999999999
21.2    74.82199994166686
21.5    74.83450000875003
21.8    74.84500002499988
22.1    74.852
22.4    74.858
22.7    74.86449997833341
23    74.8715
23.3    74.88000002833324
23.6    74.8885
23.9    74.89525
24.2    74.90050001000003
24.6    74.90462499562503
25    74.9065
25.4    74.91
25.8    74.91300000749996
26.2    74.91599999250005
26.6    74.9145
27    74.90983333888886
27.4    74.90325000812501
27.8    74.898
28.2    74.8954
28.6    74.89410000000001
29    74.89250000000001
29.4    74.8869
29.8    74.8789
30.2    74.87025
30.6    74.8620000133333
31    74.8551250040625
31.5    74.84450000000001
32    74.83
32.5    74.81
33    74.7895
33.5    74.773
34    74.757
34.5    74.7385
35    74.7165
35.5    74.695
36    74.6745
36.5    74.65350000000001
37    74.629
37.5    74.6035
38    74.58064288979588
38.6    74.55470004200001
39.2    74.52550001875002
39.8    74.494
40.4    74.46166659555531
41    74.42966666666666
41.6    74.39566664722216
42.2    74.36171426183677
42.8    74.3304999516665
43.4    74.30274997791679
44    74.27450007142846
44.6    74.24350007333358
45.2    74.21029999999999
45.9    74.16892860653056
46.6    74.12449997833326
47.3    74.08114283979594
48    74.04042861224484
48.7    74.00000005800001
49.4    73.95350013285696
50.1    73.90337499171875
50.8    73.85699994500007
51.5    73.8185
52.2    73.77900005642849
53    73.7295
53.8    73.67799993500009
54.6    73.62600000928569
55.4    73.57450004687506
56.2    73.5221
57    73.4625
57.8    73.4013
58.6    73.3449
59.5    73.27975
60.4    73.21524996656245
61.3    73.15385712306124
62.2    73.07900008714273
63.1    73.006
64    72.952
64.9    72.88990000000001
65.8    72.82820000000001
66.8    72.7561
67.8    72.6995
68.8    72.65620000000001
69.8    72.554
70.8    72.4377
71.8    72.3481
72.8    72.2615
73.9    72.17920000000001
75    72.106
76.1    72.03999983499959
77.2    71.98323073408292
78.3    71.93015393349091
79.4    71.87775007187518
80.6    71.81974992687482
81.8    71.76534608612442
83    71.71926926937861
84.2    71.68800002250005
85.4    71.6843333466667
86.6    71.70069233724846
87.9    71.7173
89.2    71.72206666666668
90.5    71.71620832135415
91.8    71.69888458680481
93.1    71.6777307894674
94.5    71.65962501406254
95.9    71.63337494843736
97.3    71.58630767544383
98.7    71.52500012461509
100    71.458
102    71.38
104    71.32428575102035
106    71.273
108    71.19483333333332
110    71.09824993593742
112    70.9945
114    70.88983348541706
116    70.7689999181817
118    70.65199999999999
120    70.53353837041413
122    70.412
124    70.2853332126983
126    70.16483333333333
128    70.05799999999999
130    69.96914285714286
132    69.8845
134    69.81649999999999
136    69.74549999999999
138    69.65899999999999
140    69.5565
142    69.44283333333333
144    69.32724999999999
146    69.2093
148    69.0916
150    68.976
152    68.86359999999999
154    68.75479999999999
156    68.649
158    68.5454
160    68.443
162    68.3338
164    68.22309999999999
166    68.1113
168    67.9975
170    67.87950000000001
173    67.694
176    67.5044
179    67.31209999999999
182    67.11670000000001
185    66.9235
188    66.7304
191    66.55199999999999
194    66.3978
197    66.2902
200    66.24799999999999
203    66.3005
206    66.478
209    66.775
212    67.16
215    67.57025
218    67.976
221    68.3175
224    68.61
227    68.81
230    68.935
233    68.9925
236    68.9945
239    68.95175
243    68.866
247    68.74549999999999
251    68.614
255    68.49000000000001
259    68.373625
263    68.26333333333332
267    68.154
271    68.04299999999999
275    67.928125
279    67.807875
283    67.6872
287    67.5644
291    67.44239999999999
295    67.33
299    67.2188
303    67.10849999999999
307    67.005
312    66.88650000000001
317    66.7757
322    66.6661
327    66.5625
332    66.4627
337    66.363
342    66.26480000000001
347    66.1669
352    66.064
357    65.9596
362    65.8571
367    65.7567
372    65.65700000000001
377    65.55742857142857
383    65.43960000000001
389    65.326875
395    65.2155
401    65.10766666666666
407    65.00225
413    64.90616666666668
419    64.81914285714285
425    64.74199999999999
431    64.6765
437    64.62950000000001
443    64.60935714285714
449    64.61016666666667
456    64.63578571428572
463    64.69058333333334
470    64.77428571428572
477    64.88014285714286
484    65.00540000000001
491    65.13692857142857
498    65.26616666666666
505    65.3775
512    65.46964285714286
519    65.54014285714285
527    65.5955625
535    65.62425
543    65.641
551    65.65142857142857
559    65.655125
567    65.65620000000001
575    65.6575
583    65.66120000000001
592    65.6695
601    65.6790625
610    65.69442857142857
619    65.71292857142856
628    65.72637499999999
637    65.74334999999999
646    65.75999999999999
655    65.775
665    65.79225
675    65.80875
685    65.81975
695    65.8275
705    65.8355
715    65.843
725    65.854
736    65.8714
747    65.89304999999999
758    65.91649999999998
769    65.94384615384615
780    65.97576923076923
791    66.0095
803    66.04425
815    66.07961538461538
827    66.10969230769231
839    66.13766666666666
851    66.16429166666666
863    66.19792307692308
876    66.23635
889    66.27876666666666
902    66.31899999999999
915    66.36096153846154
928    66.40207692307692
942    66.44533333333334
956    66.48475
970    66.52519230769231
984    66.57288461538462
998    66.625
1010    66.67316666666667
1020    66.71433333333334
1030    66.756
1050    66.8623125
1070    66.97066666666666
1090    67.07900000000001
1110    67.18935714285715
1130    67.299
1150    67.40299999999999
1170    67.51072727272728
1190    67.61880769230768
1210    67.7235
1230    67.82814285714286
1250    67.92949999999999
1270    68.0315
1290    68.13492857142857
1310    68.2377857142857
1330    68.33825
1350    68.43775
1370    68.53725
1390    68.6365
1410    68.73516666666666
1430    68.83349999999999
1450    68.9255
1470    69.02109999999999
1490    69.1164
1510    69.21039999999999
1530    69.3022
1550    69.391
1570    69.4818
1590    69.57230000000001
1610    69.66210000000001
1630    69.7502
1650    69.83500000000001
1670    69.92859999999999
1690    70.0204
1710    70.1112
1730    70.2014
1760    70.3352
1790    70.46809999999999
1820    70.60050000000001
1850    70.7325
1880    70.8664
1910    71.00019999999999
1940    71.1322
1970    71.2632
2000    71.3925
2030    71.5205
2060    71.6465
2090    71.7695
2120    71.888
2150    72.001625
2180    72.1115
2210    72.217
2240    72.31899999999999
2270    72.413
2300    72.50200000000001
2330    72.584
2360    72.65950000000001
2390    72.727375
2420    72.79
2460    72.861375
2500    72.91999999999999
2540    72.963
2580    72.9955
2620    73.015
2660    73.013875
2700    73.00450000000001
2740    72.98075
2780    72.94275
2820    72.8913
2860    72.83099999999999
2900    72.759
2940    72.681
2980    72.59129999999999
3020    72.49300000000001
3060    72.38483333333333
3100    72.27175
3150    72.129
3200    71.9845
3250    71.83
3300    71.67150000000001
3350    71.50999999999999
3400    71.3435
3450    71.1875
3500    71.03450000000001
3550    70.876
3600    70.72200000000001
3650    70.5855
3700    70.4465
3750    70.3115
3800    70.1815
3860    70.0327
3920    69.8981875
3980    69.7699
4040    69.65016666666666
4100    69.53866666666667
4160    69.43583333333333
4220    69.34421428571429
4280    69.26050000000001
4340    69.18525
4400    69.11892857142857
4460    69.05850000000001
4520    69.00569999999999
4590    68.9577857142857
4660    68.91416666666666
4730    68.88307142857144
4800    68.85728571428571
4870    68.83699999999999
4940    68.8265
5010    68.81825
5080    68.8095
5150    68.8035
5220    68.799
5300    68.7945
5380    68.791
5460    68.78207142857143
5540    68.770625
5620    68.75869999999999
5700    68.74549999999999
5780    68.7303
5860    68.7139
5950    68.69375
6040    68.67099999999999
6130    68.64428571428572
6220    68.61699999999999
6310    68.5851
6400    68.5545
6490    68.59320000000001
6580    68.6419
6680    68.6558
6780    68.63650000000001
6880    68.61590000000001
6980    68.6
7080    68.5838
7180    68.56130000000002
7280    68.52969999999999
7390    68.4843
7500    68.42949999999999
7610    68.36075
7720    68.27334615384615
7830    68.16253846153846
7940    68.0255
8060    67.84225
8180    67.62176923076923
8300    67.36438461538461
8420    67.07183333333333
8540    66.74716666666666
8660    66.39788461538461
8790    66.0069
8920    65.62683333333334
9050    65.26541666666667
9180    64.92911538461539
9310    64.58634615384616
9450    64.16033333333334
9590    63.640125
9730    63.031653846153844
9870    62.38773076923077
10010    61.75906666666666
10160    61.1511
10310    60.63310714285714
10460    60.202875
10610    59.84883333333333
10760    59.596900000000005
10920    59.420500000000004
11080    59.319785714285715
11240    59.317388888888885
11400    59.382666666666665
11570    59.564477272727274
11740    59.8145
11910    60.21496153846154
12080    60.669
12260    61.322
12440    62.08683333333333
12620    63.020900000000005
12800    64.074
12990    65.2425
13180    66.38820000000001
13370    67.19682499999999
13560    67.55969999999999
13760    67.3235
13960    66.4947
14160    65.34653333333333
14370    64.124275
14580    63.06822
14790    62.21634
15010    61.579499999999996
15230    61.216499999999996
15450    61.109899999999996
15670    61.251639999999995
15900    61.6786
16130    62.38932
16360    63.324659999999994
16600    64.4173
16840    65.30314
17080    65.4641
17330    64.6045
17580    63.04342
17840    61.30184
18100    59.8306
18360    58.73215999999999
18630    57.985820000000004
18900    57.5651
19170    57.30768
19450    56.7172
19730    54.919
20000    54.774
