20    61.086
20.3    61.15000020166599
20.6    61.210499999999996
20.9    61.2635
21.2    61.30749985333382
21.5    61.34175002562507
21.8    61.372500092499536
22.1    61.400375
22.4    61.4285
22.7    61.45949989666701
23    61.4915
23.3    61.523500094999676
23.6    61.552
23.9    61.575625
24.2    61.59750004666682
24.6    61.62774996125019
25    61.665
25.4    61.713499999999996
25.8    61.76450011124945
26.2    61.80899988875055
26.6    61.846374999999995
27    61.88666662611124
27.4    61.944249916874796
27.8    62.01925
28.2    62.1038
28.6    62.185
29    62.253
29.4    62.305400000000006
29.8    62.3614
30.2    62.427749999999996
30.6    62.5104998500005
31    62.60837493718734
31.5    62.7355
32    62.8525
32.5    62.95
33    63.0275
33.5    63.099
34    63.193
34.5    63.341
35    63.555499999999995
35.5    63.818
36    64.0955
36.5    64.369
37    64.644
37.5    64.927
38    65.21092816581691
38.6    65.536899469
39.2    65.8365623150779
39.8    66.133
40.4    66.42600064666883
41    66.70133333333334
41.6    66.96716681388938
42.2    67.25635735806092
42.8    67.56925054083513
43.4    67.88550025666538
44    68.18778500816427
44.6    68.49183262444208
45.2    68.8187
45.9    69.22342823795965
46.6    69.62150018583395
47.3    69.97514299551
48    70.26128544387794
48.7    70.492499689
49.4    70.69999940714371
50.1    70.90850003562505
50.8    71.10800023928537
51.5    71.2755
52.2    71.40249981857168
53    71.521
53.8    71.64700016928546
54.6    71.78392854510207
55.4    71.9357498453123
56.2    72.1036
57    72.28
57.8    72.4932
58.6    72.7697
59.5    73.15350000000001
60.4    73.59225025468781
61.3    74.05528586244876
62.2    74.52299948000075
63.1    74.9734
64    75.3955
64.9    75.7915
65.8    76.16069999999999
66.8    76.5392
67.8    76.88589999999999
68.8    77.188
69.8    77.45169999999999
70.8    77.707
71.8    77.9548
72.8    78.1792
73.9    78.3886
75    78.5515
76.1    78.66975029562573
77.2    78.75242312671585
78.3    78.80876915053273
79.4    78.85774993187484
80.6    78.93150011625029
81.8    79.05046173354984
83    79.21365366464539
84.2    79.40866632083247
85.4    79.61433350166709
86.6    79.80653876029517
87.9    79.97999999999999
89.2    80.0929
90.5    80.15816669583342
91.8    80.17565384926036
93.1    80.17746153739645
94.5    80.17595833697918
95.9    80.16624997937495
97.3    80.15080768698226
98.7    80.13557695289934
100    80.12549999999999
102    80.1325
104    80.16771425255106
106    80.22749999999999
108    80.29716666666667
110    80.3716250476563
112    80.42349999999999
114    80.42608335104171
116    80.39854542665286
118    80.352
120    80.30776919674554
122    80.287
124    80.32842861088439
126    80.44833333333334
128    80.63
130    80.85485714285714
132    81.08099999999999
134    81.30449999999999
136    81.5175
138    81.7125
140    81.87950000000001
142    81.99883333333334
144    82.08500000000001
146    82.0947
148    82.03120000000001
150    81.878
152    81.60079999999999
154    81.2345
156    80.78649999999999
158    80.26579999999998
160    79.68299999999999
162    79.0334
164    78.34389999999999
166    77.62610000000001
168    76.8931
170    76.15950000000001
173    75.117
176    74.1644
179    73.3124
182    72.5634
185    71.913
188    71.3654
191    70.902
194    70.51859999999999
197    70.2116
200    69.9745
203    69.80449999999999
206    69.68549999999999
209    69.611
212    69.5745
215    69.567875
218    69.5735
221    69.58737500000001
224    69.6005
227    69.5995
230    69.5685
233    69.49549999999999
236    69.3785
239    69.21725
243    68.971
247    68.696
251    68.42637500000001
255    68.16675
259    67.91062500000001
263    67.66499999999999
267    67.46275
271    67.2935
275    67.15062499999999
279    67.02487500000001
283    66.91590000000001
287    66.81909999999999
291    66.7344
295    66.662
299    66.602
303    66.550625
307    66.5065
312    66.4555
317    66.4068
322    66.3529
327    66.2895
332    66.21289999999999
337    66.11840000000001
342    66.0035
347    65.86599999999999
352    65.7047
357    65.5208
362    65.3136
367    65.0838
372    64.83200000000001
377    64.55685714285714
383    64.2035
389    63.81575
395    63.408500000000004
401    62.969750000000005
407    62.50816666666666
413    62.02300000000001
419    61.51942857142857
425    61.003
431    60.476
437    59.941500000000005
443    59.397214285714284
449    58.854
456    58.2655
463    57.8065
470    57.6165
477    57.71485714285714
484    58.060500000000005
491    58.55614285714286
498    59.076499999999996
505    59.5554375
512    59.978
519    60.329142857142855
527    60.6505625
535    60.910687499999995
543    61.132285714285715
551    61.332
559    61.51925
567    61.7014
575    61.88375
583    62.0655
592    62.265299999999996
601    62.4534375
610    62.61971428571428
619    62.76342857142857
628    62.887125
637    62.99295000000001
646    63.0876
655    63.17375
665    63.261250000000004
675    63.338750000000005
685    63.404
695    63.45675
705    63.49825
715    63.5305
725    63.5565
736    63.581100000000006
747    63.60315
758    63.623000000000005
769    63.63996153846154
780    63.65311538461539
791    63.661874999999995
803    63.666250000000005
815    63.667
827    63.667153846153845
839    63.668375
851    63.673
863    63.67926923076923
876    63.6894
889    63.701633333333334
902    63.715333333333334
915    63.73103846153846
928    63.74923076923077
942    63.772000000000006
956    63.798
970    63.828153846153846
984    63.86130769230769
998    63.89808333333333
1010    63.9325
1020    63.962666666666664
1030    63.994
1050    64.0604375
1070    64.1285
1090    64.195
1110    64.25921428571428
1130    64.32211111111111
1150    64.384
1170    64.44354545454546
1190    64.49911538461538
1210    64.55264285714284
1230    64.60300000000001
1250    64.652
1270    64.69883333333334
1290    64.74464285714285
1310    64.79092857142857
1330    64.83725
1350    64.88525
1370    64.9345
1390    64.985
1410    65.03683333333333
1430    65.0895
1450    65.1405
1470    65.1913
1490    65.2424
1510    65.293
1530    65.3433
1550    65.3945
1570    65.4469
1590    65.5005
1610    65.5561
1630    65.6141
1650    65.6745
1670    65.7385
1690    65.8055
1710    65.8757
1730    65.9491
1760    66.0655
1790    66.1882
1820    66.3184
1850    66.4555
1880    66.6017
1910    66.7551
1940    66.9156
1970    67.0824
2000    67.254
2030    67.43199999999999
2060    67.6185
2090    67.818
2120    68.0305
2150    68.258625
2180    68.4945
2210    68.746125
2240    69.006
2270    69.2805
2300    69.569
2330    69.87100000000001
2360    70.1875
2390    70.52275
2420    70.87083333333334
2460    71.36325
2500    71.8835
2540    72.441
2580    73.03450000000001
2620    73.66300000000001
2660    74.328875
2700    75.023
2740    75.74725000000001
2780    76.483
2820    77.20410000000001
2860    77.8862
2900    78.499
2940    78.9282
2980    79.1591
3020    79.21225
3060    79.05633333333333
3100    78.67012500000001
3150    77.99799999999999
3200    77.158
3250    76.241
3300    75.3215
3350    74.4375
3400    73.605
3450    72.8305
3500    72.116
3550    71.4625
3600    70.875
3650    70.3615
3700    69.936
3750    69.62
3800    69.44428571428571
3860    69.3032
3920    69.1789375
3980    69.0136
4040    68.78299999999999
4100    68.53483333333334
4160    68.30250000000001
4220    68.10742857142857
4280    67.948
4340    67.82975
4400    67.75307142857143
4460    67.7105
4520    67.70070000000001
4590    67.72428571428571
4660    67.77483333333333
4730    67.85464285714286
4800    67.96628571428572
4870    68.11500000000001
4940    68.3195
5010    68.586375
5080    68.904
5150    69.2775
5220    69.6905
5300    70.20750000000001
5380    70.77199999999999
5460    71.39007142857145
5540    72.05725000000001
5620    72.7659
5700    73.5035
5780    74.2459
5860    74.943
5950    75.622
6040    76.13525
6130    76.41264285714286
6220    76.446
6310    76.2383
6400    75.8945
6490    75.47285
6580    75.0496
6680    74.6215
6780    74.26920000000001
6880    74.0024
6980    73.8153
7080    73.6918
7180    73.60229999999999
7280    73.50110000000001
7390    73.32025
7500    73.00450000000001
7610    72.48566666666667
7720    71.7581153846154
7830    70.87953846153846
7940    69.90425
8060    68.78825
8180    67.68438461538462
8300    66.63480769230769
8420    65.66499999999999
8540    64.79483333333334
8660    64.03080769230769
8790    63.3204
8920    62.761433333333336
9050    62.31075
9180    61.94173076923077
9310    61.59184615384615
9450    61.359791666666666
9590    61.346875
9730    61.51238461538462
9870    61.78653846153846
10010    61.962
10160    62.003233333333334
10310    61.756035714285716
10460    61.0966875
10610    60.081266666666664
10760    58.840199999999996
10920    57.3964375
11080    55.90842857142857
11240    54.47377777777778
11400    53.11866666666667
11570    51.84438636363636
11740    50.67675
11910    49.7365
12080    48.87878571428571
12260    48.266357142857146
12440    47.86233333333333
12620    47.7158
12800    47.703500000000005
12990    47.87042857142857
13180    48.0734
13370    48.640725
13560    49.4611
13760    50.542199999999994
13960    51.787800000000004
14160    53.123
14370    54.47225
14580    55.42732
14790    55.778859999999995
15010    55.31112
15230    54.56576
15450    54.394
15670    54.7029
15900    54.6235
16130    53.218019999999996
16360    50.338840000000005
16600    46.483200000000004
16840    42.69858
17080    39.513940000000005
17330    37.028459999999995
17580    35.28064
17840    34.15392
18100    33.6672
18360    33.70856
18630    33.7957
18900    32.7586
19170    29.757240000000003
19450    24.985799999999998
19730    19.90604
20000    19.544
