20    61.306988755580065
20.3    61.33060011104486
20.6    61.3538848137796
20.9    61.376719640769906
21.2    61.39878984476764
21.5    61.419688155904936
21.8    61.43909418495852
22.1    61.45694927054663
22.4    61.473529255191096
22.7    61.48937168582598
23    61.5050964955675
23.3    61.52121227749822
23.6    61.53797719799619
23.9    61.55536536162691
24.2    61.57313549684896
24.6    61.596858285897596
25    61.620027870660586
25.4    61.64234928094743
25.8    61.66385204493968
26.2    61.68467787339674
26.6    61.704871611367864
27    61.724298018130284
27.4    61.742716515735715
27.8    61.75993625679675
28.2    61.77594698384385
28.6    61.79096310932722
29    61.80536195376635
29.4    61.81956687990839
29.8    61.83392161375741
30.2    61.848600284843606
30.6    61.863583922650776
31    61.87870991200104
31.5    61.89749137675658
32    61.915814922019635
32.5    61.93351719183317
33    61.95059299732411
33.5    61.96710040322488
34    61.983088391306495
34.5    61.998612747030265
35    62.013803291014035
35.5    62.02888219416165
36    62.04408113384632
36.5    62.05951679550464
37    62.07515456412828
37.5    62.090893336522456
38    62.10667002140039
38.6    62.125602962385685
39.2    62.14434703571088
39.8    62.162469415442175
40.4    62.17954066811349
41    62.19544968598521
41.6    62.2103563673618
42.2    62.22442639008549
42.8    62.237773884803204
43.4    62.250634698629014
44    62.26340255013188
44.6    62.27643725751763
45.2    62.2899282198138
45.9    62.30632750639421
46.6    62.32341972586621
47.3    62.340967627070725
48    62.358470303589925
48.7    62.375300821181476
49.4    62.39085505811555
50.1    62.40475785287539
50.8    62.4170430628922
51.5    62.42801700882056
52.2    62.43793602122571
53    62.44809412498339
53.8    62.45702849386891
54.6    62.4648135122584
55.4    62.471652283955805
56.2    62.477845500094354
57    62.48366494673616
57.8    62.48941203353643
58.6    62.49541671090239
59.5    62.50254263976201
60.4    62.50958584528642
61.3    62.51584940224032
62.2    62.520743828866685
63.1    62.52395235410163
64    62.525472968817965
64.9    62.52553482395396
65.8    62.52453028626702
66.8    62.52279671150258
67.8    62.52120325124673
68.8    62.52047821517351
69.8    62.52100645684645
70.8    62.52296678328075
71.8    62.52659163703842
72.8    62.53200908174357
73.9    62.53974401550552
75    62.548539080943044
76.1    62.557275835233774
77.2    62.564876152334094
78.3    62.570606308170156
79.4    62.57412344334239
80.6    62.57534461022853
81.8    62.573976510009466
83    62.57032949779405
84.2    62.56463313879711
85.4    62.55699568570827
86.6    62.54752622133801
87.9    62.535260485412586
89.2    62.52090895542882
90.5    62.50474556012295
91.8    62.487332447090765
93.1    62.46917707568477
94.5    62.44920562126027
95.9    62.429164025305624
97.3    62.40932277097001
98.7    62.389759958218505
100    62.37172278562841
102    62.34336091071292
104    62.312393938536225
106    62.276434329654634
108    62.233344377733275
110    62.18158402589595
112    62.120178381181525
114    62.048967809385076
116    61.968732458975325
118    61.880672414659756
120    61.78595057494148
122    61.68581004902485
124    61.58203722075132
126    61.477541383718204
128    61.37663099514612
130    61.285250208183605
132    61.21109699471209
134    61.16336373075793
136    61.15201022329359
138    61.18638554058925
140    61.27367546198877
142    61.417613927386064
144    61.617652334923505
146    61.86865165157862
148    62.16133815095624
150    62.48361344655798
152    62.82247444917802
154    63.16572493960136
156    63.50269606309725
158    63.82410332808517
160    64.12175013172613
162    64.3883930387789
164    64.61773058451813
166    64.80499654074492
168    64.94770501421453
170    65.04602715729129
173    65.11693064954612
176    65.11093299098756
179    65.04768308204666
182    64.9467495425167
185    64.82503142532877
188    64.69533076486901
191    64.5662820110663
194    64.44275037029306
197    64.32709389657323
200    64.22043674356368
203    64.1233843446524
206    64.03610194164034
209    63.957964230001636
212    63.887449131587715
215    63.82236629792273
218    63.76026612843201
221    63.698982865559685
224    63.63712983456348
227    63.57429430346981
230    63.51090115288929
233    63.44794522022987
236    63.38667677065996
239    63.32814301237977
243    63.25528363256649
247    63.18835887882665
251    63.12651059590121
255    63.06899665145648
259    63.0158976235757
263    62.967437223615875
267    62.923217924988045
271    62.882188120095826
275    62.84288589924322
279    62.80371291864125
283    62.76329447316536
287    62.720749965403826
291    62.67576019846713
295    62.6284533356298
299    62.57923102357071
303    62.528639671301846
307    62.477250686710576
312    62.41261585455031
317    62.348054583109246
322    62.28377197456784
327    62.219737761717774
332    62.1557399366488
337    62.091414223764595
342    62.02630444934837
347    61.95992278872467
352    61.89182003745496
357    61.821733493394014
362    61.74977558965729
367    61.67654926212167
372    61.603158372342264
377    61.531164328731705
383    61.449394721157404
389    61.37638701608377
395    61.31638853788772
401    61.27375932171202
407    61.25277251241304
413    61.25710342509415
419    61.28888702081164
425    61.348029378110375
431    61.43204537770343
437    61.53630111153154
443    61.65456709495025
449    61.779736904026386
456    61.92496347104921
463    62.060002630564966
470    62.17818845086702
477    62.276608349686484
484    62.35563740632976
491    62.41802723315689
498    62.467937122906065
505    62.509967152685086
512    62.54830451895469
519    62.586251786400155
527    62.63204782793272
535    62.68242221307278
543    62.73843002314344
551    62.80015283068784
559    62.86687506277536
567    62.93734929395581
575    63.00990756646719
583    63.082531079378484
592    63.16178940886907
601    63.236188116930535
610    63.304155462744944
619    63.365183402865625
628    63.4197792652881
637    63.46900654217974
646    63.51405329438495
655    63.55603616700754
665    63.60015725178948
675    63.642391484068824
685    63.68323752094502
695    63.72299930055657
705    63.76197297395619
715    63.80054794753319
725    63.83919718974786
736    63.88229662468248
747    63.92643627670761
758    63.97194395151686
769    64.01904056801183
780    64.06790766699505
791    64.11865947693785
803    64.17613249786032
815    64.23561487631741
827    64.29692422826682
839    64.35998627789775
851    64.42473064274438
863    64.4910638759379
876    64.5647124310687
889    64.64045197131743
902    64.7187489771707
915    64.80001952896768
928    64.88436305956228
942    64.97849583303824
956    65.07607304809112
970    65.17727705868582
984    65.28200930118658
998    65.38981560974182
1010    65.48437788008209
1020    65.56455958475846
1030    65.64580459807927
1050    65.80990564781864
1070    65.9727156269999
1090    66.13095543102314
1110    66.28355877091948
1130    66.43143784673788
1150    66.57541410948147
1170    66.71632064534725
1190    66.8546315023481
1210    66.99051785344801
1230    67.12438398309729
1250    67.2566040463388
1270    67.38758905415384
1290    67.51775513734017
1310    67.64705469744996
1330    67.77511863136331
1350    67.90169521308314
1370    68.02660961667698
1390    68.1496082643815
1410    68.27043868452321
1430    68.3889203659497
1450    68.5049721153625
1470    68.6186640657418
1490    68.7301351632178
1510    68.83950982807701
1530    68.94692935051773
1550    69.0525804904621
1570    69.15666456110473
1590    69.25935128122441
1610    69.36078105522729
1630    69.46119582174731
1650    69.56083345992005
1670    69.65972333128036
1690    69.75769729093764
1710    69.8545926457045
1730    69.95040391656292
1760    70.09229280515211
1790    70.23236425561089
1820    70.3709084056929
1850    70.50785837061687
1880    70.64296629578494
1910    70.77614220829116
1940    70.90715608028692
1970    71.03557355478188
2000    71.16119459223532
2030    71.28370911748078
2060    71.40267440512082
2090    71.51783041623584
2120    71.62908968077531
2150    71.73623247295389
2180    71.83903975749635
2210    71.937117564044
2240    72.03016989239782
2270    72.11778262546929
2300    72.19965876531265
2330    72.275665781968
2360    72.3457190460493
2390    72.40962686789939
2420    72.46709263973904
2460    72.53340767951403
2500    72.58795902026134
2540    72.6306297155661
2580    72.66107611090462
2620    72.67926492153856
2660    72.68570054290933
2700    72.68089102379834
2740    72.66523759845319
2780    72.639250868202
2820    72.6033121535306
2860    72.55793019369602
2900    72.50384647537915
2940    72.44172485241626
2980    72.37210087607957
3020    72.29555720737667
3060    72.21261076869176
3100    72.12381438229875
3150    72.00566504369834
3200    71.8806162778794
3250    71.74958774098599
3300    71.61339675179883
3350    71.47310269789536
3400    71.33003125532537
3450    71.18549550031724
3500    71.04054273279837
3550    70.89604066832698
3600    70.75296272325076
3650    70.61207059436626
3700    70.47394358872474
3750    70.33914160221752
3800    70.20870396144744
3860    70.06043214999227
3920    69.9235421825977
3980    69.79938202035203
4040    69.68954977463471
4100    69.5952652090711
4160    69.51598656939741
4220    69.4505625512225
4280    69.40167730612731
4340    69.37526408986207
4400    69.37358649545115
4460    69.39480071582354
4520    69.4373349952855
4590    69.51380915625023
4660    69.6198490366345
4730    69.75575178011087
4800    69.91607683842443
4870    70.0858817143872
4940    70.24840776696603
5010    70.39246630739659
5080    70.51466605517328
5150    70.61965100969985
5220    70.71746468974585
5300    70.83499313967106
5380    70.97091133636582
5460    71.13126026946318
5540    71.31642166513949
5620    71.52375194999723
5700    71.7484215404867
5780    71.98426203323393
5860    72.22466069567548
5950    72.49092687477206
6040    72.74062722750952
6130    72.96216006425618
6220    73.14682685805478
6310    73.28751425303707
6400    73.37910259953598
6490    73.41801063211282
6580    73.3969436480469
6680    73.2941675268556
6780    73.10786610252545
6880    72.83942902825507
6980    72.4883185013106
7080    72.05390008289788
7180    71.53228339453855
7280    70.92089390484463
7390    70.15593236996935
7500    69.32173040559536
7610    68.44953228574593
7720    67.57005097623909
7830    66.71251455428
7940    65.89810848562588
8060    65.07314449917146
8180    64.33054298307633
8300    63.68901106381661
8420    63.17040427004954
8540    62.79996977229409
8660    62.58682038907916
8790    62.52366443069255
8920    62.6164981304148
9050    62.82673648008563
9180    63.095908140363235
9310    63.3624719266481
9450    63.58865620274739
9590    63.71950845511236
9730    63.75335660493121
9870    63.70742299282202
10010    63.614068538613076
10160    63.5185623741518
10310    63.49158904329575
10460    63.57686474541107
10610    63.803918535276395
10760    64.20409884626743
10920    64.84864607280608
11080    65.71897341112606
11240    66.79337776032705
11400    68.01924261097274
11570    69.35823421128215
11740    70.49136500394685
11910    71.14019062511159
12080    71.15163834746193
12260    70.56692159910526
12440    69.70325922326981
12620    68.88643727691223
12800    68.28395791159426
12990    67.91410761202516
13180    67.75989764694323
13370    67.7056527735204
13560    67.59901286343893
13760    67.27812962016043
13960    66.68802974874203
14160    65.90955969509164
14370    65.06452098698358
14580    64.37693843927991
14790    63.99201897761235
15010    64.00955871844232
15230    64.4489910578964
15450    65.08135591035672
15670    65.4419981314275
15900    65.14431795559172
16130    64.3200778951202
16360    63.4863807733513
16600    63.05678523837264
16840    62.817296698114944
17080    62.09547470378804
17330    60.933511078413986
17580    59.9113037800563
17840    59.32586995981069
18100    59.34664298371583
18360    59.86413041751761
18630    60.283456379856176
18900    59.6694482323354
19170    57.8686238514036
19450    55.54461301956961
19730    53.59187305346691
20000    52.60471075364849
