20    71.1086573684693
20.3    71.1612297537355
20.6    71.21282398270708
20.9    71.26324518665868
21.2    71.31235637264025
21.5    71.36012000071118
21.8    71.40658883964798
22.1    71.4518398795627
22.4    71.49590491401412
22.7    71.53871518663485
23    71.58009364351038
23.3    71.6198005607925
23.6    71.65760705578099
23.9    71.69337542219665
24.2    71.72710487364792
24.6    71.76912552685948
25    71.80818867234936
25.4    71.84469173984309
25.8    71.87883991773265
26.2    71.91065482004973
26.6    71.94010947687235
27    71.96724869638462
27.4    71.99221867685026
27.8    72.0152155041344
28.2    72.03640555453701
28.6    72.05588431478671
29    72.07370055280015
29.4    72.08991281059738
29.8    72.10462433723947
30.2    72.11796186143587
30.6    72.1300362950947
31    72.14090923415685
31.5    72.15280349485505
32    72.16271618914857
32.5    72.17053334281465
33    72.17621605607538
33.5    72.1798468621422
34    72.18160488497394
34.5    72.1816784155919
35    72.18018935372534
35.5    72.17718983763184
36    72.17269440985321
36.5    72.16670816585498
37    72.15923236339975
37.5    72.1502710062115
38    72.13986164375336
38.6    72.12559312693922
39.2    72.10959253444264
39.8    72.09206905964253
40.4    72.0731740304726
41    72.052978761666
41.6    72.03145482033685
42.2    72.00848035683572
42.8    71.9839216885301
43.4    71.95773369986865
44    71.92998504866736
44.6    71.90078967435187
45.2    71.87023121413964
45.9    71.83289593101486
46.6    71.79374608832609
47.3    71.75277720170192
48    71.70999240244588
48.7    71.66539317531934
49.4    71.61899726955289
50.1    71.57087894672735
50.8    71.52115044146746
51.5    71.46992281081772
52.2    71.4173450005219
53    71.35596463967065
53.8    71.29368919204052
54.6    71.23080402032814
55.4    71.16726890894424
56.2    71.10284101541451
57    71.03722973177781
57.8    70.970220770672
58.6    70.90174522838602
59.5    70.82298308270798
60.4    70.74244311331668
61.3    70.66015408439453
62.2    70.5761240712319
63.1    70.49037937568434
64    70.40299981325296
64.9    70.31408781848444
65.8    70.22372386629559
66.8    70.12165049393874
67.8    70.01779710534862
68.8    69.91211911253097
69.8    69.80457270762693
70.8    69.69516643033143
71.8    69.5839948583068
72.8    69.47119198041821
73.9    69.3453582348262
75    69.21775688334112
76.1    69.08838866100298
77.2    68.95728762630677
78.3    68.82467484122648
79.4    68.69095129029907
80.6    68.54430173113172
81.8    68.39734720504744
83    68.2505797097904
84.2    68.10441675424946
85.4    67.95911181750128
86.6    67.81464164410056
87.9    67.65869091787286
89.2    67.50269244020734
90.5    67.3460020720215
91.8    67.18807177534939
93.1    67.02843719361383
94.5    66.85412901849625
95.9    66.67690898560619
97.3    66.49654860803261
98.7    66.31305833686369
100    66.1400354839393
102    65.87014547296792
104    65.59955779303121
106    65.33204941340078
108    65.06916960591761
110    64.81067382055173
112    64.55558659985681
114    64.3028068658648
116    64.05111242059414
118    63.799619459069916
120    63.54832406109567
122    63.29807536434559
124    63.04970019419983
126    62.8031332305911
128    62.55717448537115
130    62.310563434500104
132    62.06339172381209
134    61.81665525447324
136    61.57139196334272
138    61.328063018485985
140    61.08638247661726
142    60.84595143933441
144    60.60678991022971
146    60.3692348775661
148    60.13374504515337
150    59.900872565563
152    59.67121030168636
154    59.44509705751019
156    59.22249905958188
158    59.003085280422745
160    58.78642016452306
162    58.572141718843966
164    58.35999745498239
166    58.14984918217114
168    57.94171560446024
170    57.735918341218145
173    57.433446208799324
176    57.14246873477894
179    56.86981035475182
182    56.625795274122915
185    56.423573784722684
188    56.27736855751081
191    56.201119233393804
194    56.2075216220435
197    56.30548759039466
200    56.49659671441199
203    56.77182970844109
206    57.111591447030314
209    57.48978698127326
212    57.878863669766915
215    58.25392117591176
218    58.59573316844046
221    58.89214995678694
224    59.138423010584816
227    59.335259176101296
230    59.48693214345989
233    59.599578745602045
236    59.67999180609462
239    59.735039332790144
243    59.779635103962406
247    59.801906495882534
251    59.810638672109334
255    59.812188778473995
259    59.81079915202799
263    59.80901139794592
267    59.808050218688436
271    59.808194211192585
275    59.809145033269566
279    59.810278790240666
283    59.810991914482614
287    59.81100925283619
291    59.81040425990293
295    59.80952408338412
299    59.80873449589992
303    59.80793777253693
307    59.80678398104773
312    59.804434931849656
317    59.8008498175816
322    59.79589160776405
327    59.78936614014262
332    59.781036622303745
337    59.77069947283546
342    59.758078717042864
347    59.742963906944695
352    59.72546136602253
357    59.705766305962364
362    59.68399259596815
367    59.66033782080022
372    59.63502921816471
377    59.6082918819533
383    59.57467250016465
389    59.53968971156211
395    59.503471737093264
401    59.46616242452784
407    59.428253436733854
413    59.390398084333476
419    59.353359363158575
425    59.31815469739176
431    59.28606118035802
437    59.25856747622775
443    59.23732274570577
449    59.224342277767086
456    59.222720649652544
463    59.2385426756404
470    59.27342827041119
477    59.32754781025653
484    59.399828779309885
491    59.48803560580938
498    59.58899225435902
505    59.698815378412434
512    59.813234173740966
519    59.92818234972218
527    60.055831571895986
535    60.175971907134745
543    60.28644494871424
551    60.3866497152607
559    60.47723352090746
567    60.559715888925965
575    60.63611152493158
583    60.70843789224698
592    60.787250287981806
601    60.865622275886764
610    60.94527875121635
619    61.026924557490645
628    61.11042555592694
637    61.195244089496896
646    61.28076232818327
655    61.36646819786236
665    61.461596492782775
675    61.55670348545233
685    61.65216962672099
695    61.748387578728526
705    61.84555952346418
715    61.94345945384802
725    62.04145252830493
736    62.14846484830758
747    62.253779897431095
758    62.35667509914214
769    62.4567528109982
780    62.553890110906025
791    62.64805878359338
803    62.7473559602785
815    62.84300151552684
827    62.93491648701872
839    63.02310078364432
851    63.10773372679052
863    63.189299059017515
876    63.27503619395067
889    63.35892809472823
902    63.44198740251855
915    63.525301719473305
928    63.609652891139135
942    63.70206676695351
956    63.79610102141226
970    63.89144195834051
984    63.98771526537717
998    64.08458126166599
1010    64.16786821042936
1020    64.23734501607976
1030    64.30680083973793
1050    64.44538311623359
1070    64.58330747490209
1090    64.72065412879883
1110    64.85776819430266
1130    64.99504014314157
1150    65.13177314972242
1170    65.26573514838243
1190    65.39429453979336
1210    65.5162411247914
1230    65.63385852269695
1250    65.75385852201805
1270    65.88150513804536
1290    66.01528663153546
1310    66.15009851297822
1330    66.2812750988646
1350    66.40689898276467
1370    66.52793962150074
1390    66.64663179305052
1410    66.76471372220448
1430    66.88278573887587
1450    67.00073772588495
1470    67.11841888665826
1490    67.23557041906398
1510    67.35183342951717
1530    67.46711548726552
1550    67.58175066682787
1570    67.69626599172538
1590    67.8110459853641
1610    67.9262548384514
1630    68.04193209926802
1650    68.1580139057763
1670    68.27438165775433
1690    68.39110324043581
1710    68.50833312992879
1730    68.62622133844484
1760    68.80455393901791
1790    68.98506364435012
1820    69.16842554717704
1850    69.35520499028888
1880    69.54497305502795
1910    69.73585189203871
1940    69.92609197685235
1970    70.11544001830339
2000    70.30534317550124
2030    70.49788617344004
2060    70.69394453294859
2090    70.89263989420331
2120    71.09248995520198
2150    71.29248881830534
2180    71.49227089736308
2210    71.69156381881558
2240    71.88980548530444
2270    72.08618481501759
2300    72.2800160960677
2330    72.47054789007848
2360    72.6570259802027
2390    72.83881262893885
2420    73.01558613185867
2460    73.24229846265143
2500    73.45688184840051
2540    73.65699274390528
2580    73.84060809621823
2620    74.00593096675522
2660    74.15141576972276
2700    74.2763190360721
2740    74.37940434971928
2780    74.46045354241244
2820    74.5199444668454
2860    74.55887128354902
2900    74.5767727255799
2940    74.5729889316244
2980    74.54937260501751
3020    74.50791046811949
3060    74.44947093006346
3100    74.37501760753491
3150    74.26221127200381
3200    74.13048290579651
3250    73.98344579093555
3300    73.82468506067235
3350    73.65751971796088
3400    73.4845466105714
3450    73.30795639742635
3500    73.12966115885573
3550    72.95139610482656
3600    72.77445958300203
3650    72.60021656877998
3700    72.42994684255761
3750    72.2643848765771
3800    72.10398324785885
3860    71.91807391639713
3920    71.73971906338811
3980    71.56857076595645
4040    71.4051903738691
4100    71.24945158992614
4160    71.10095099485
4220    70.9593538409465
4280    70.82404780311447
4340    70.69457507110174
4400    70.57034758349923
4460    70.45054073315671
4520    70.33432690368411
4590    70.20206453482334
4660    70.07202928988795
4730    69.94323811393835
4800    69.81471470393194
4870    69.68541708081807
4940    69.55446038865574
5010    69.42146534605108
5080    69.2861136754054
5150    69.14762797400259
5220    69.0066387032407
5300    68.84277015797214
5380    68.67564967616114
5460    68.50598922794438
5540    68.33399178457755
5620    68.1601395833023
5700    67.98437441141277
5780    67.80419134855183
5860    67.62087479561114
5950    67.43188697683733
6040    67.28413358407529
6130    67.16505602306458
6220    67.09178502169472
6310    67.10835925433929
6400    67.10712501291205
6490    67.03766784755396
6580    66.95659031907923
6680    66.89483952572877
6780    66.86656563998937
6880    66.8664260190972
6980    66.8911746174524
7080    66.93891709500447
7180    67.00753888973962
7280    67.09559539564785
7390    67.21309329242149
7500    67.35003017330897
7610    67.49997291160972
7720    67.6435914853178
7830    67.75762510579375
7940    67.81712969674035
8060    67.78393525489852
8180    67.61663055679224
8300    67.30281696840211
8420    66.84082980222468
8540    66.23903990813625
8660    65.52211920004066
8790    64.64937863352807
8920    63.71067550019713
9050    62.755489974344414
9180    61.823282233955425
9310    60.94351502306582
9450    60.07242861978392
9590    59.283407350486485
9730    58.57554729938291
9870    57.94096786312899
10010    57.375805236992576
10160    56.84641478074286
10310    56.38847379177386
10460    55.999027877627086
10610    55.68290997769435
10760    55.45685022351745
10920    55.29277595819071
11080    55.2094032504709
11240    55.21845068371776
11400    55.31502415377574
11570    55.52316805631617
11740    55.814973314951544
11910    56.223513982273104
12080    56.696330711397565
12260    57.31972964190068
12440    58.051356327597645
12620    58.941890527773744
12800    60.02503258819603
12990    61.45876626934471
13180    62.965321493665705
13370    64.50931373334913
13560    65.58538541060535
13760    65.71705489283127
13960    64.79196826461572
14160    63.27109177520079
14370    61.60234092348825
14580    60.119397491953436
14790    58.874244430542845
15010    57.843775986621154
15230    57.081506849629044
15450    56.54126637970644
15670    56.16573539096787
15900    55.901742561936786
16130    55.715695519248655
16360    55.61126843954798
16600    55.54344246653932
16840    55.37379003757169
17080    55.03144319054728
17330    54.51937728114123
17580    53.91310193725795
17840    53.253300803759046
18100    52.63578227208953
18360    52.10114404223364
18630    51.62060848690111
18900    51.14696525860714
19170    50.5887168908667
19450    49.74156542075523
19730    48.56153134901628
20000    48.430743450985034
