20    72.11753207608291
20.3    72.11286174115853
20.6    72.10780781399868
20.9    72.10182314598619
21.2    72.09440442858566
21.5    72.08522814006079
21.8    72.074206359937
22.1    72.06146727812718
22.4    72.04729584078899
22.7    72.03205574370244
23    72.0161239766454
23.3    71.99984191865026
23.6    71.98349224420073
23.9    71.96728700060618
24.2    71.95135232150173
24.6    71.93055648650568
25    71.91010510298904
25.4    71.88968078564625
25.8    71.86898133268275
26.2    71.84788961533457
26.6    71.82650708379475
27    71.80503544512504
27.4    71.78359186948194
27.8    71.76207982749224
28.2    71.74016952768744
28.6    71.71735456793041
29    71.69305590518348
29.4    71.66675810126392
29.8    71.63816947781423
30.2    71.60735616247801
30.6    71.57476809500587
31    71.541118036993
31.5    71.49861117980569
32    71.45627098267838
32.5    71.41395819387981
33    71.37108509843026
33.5    71.32731183895152
34    71.28285755179982
34.5    71.23823181940773
35    71.193807537557
35.5    71.14964859036161
36    71.10562412120711
36.5    71.06158680840963
37    71.01743447487797
37.5    70.97307609387055
38    70.92841570337148
38.6    70.87433354101657
39.2    70.819710835732
39.8    70.76465963533295
40.4    70.70935635743764
41    70.65394769191556
41.6    70.5984522840872
42.2    70.54273713563602
42.8    70.48661652353842
43.4    70.43000728847787
44    70.37301841311756
44.6    70.31590714522314
45.2    70.25896884143506
45.9    70.19310627512661
46.6    70.12812353976018
47.3    70.06398764366374
48    70.0002637009037
48.7    69.93638316858923
49.4    69.87188997098414
50.1    69.80634851759078
50.8    69.73911134376291
51.5    69.66940694505388
52.2    69.5967696952871
53    69.51052261185403
53.8    69.42226483157368
54.6    69.33399743279853
55.4    69.24758890820254
56.2    69.16413543612438
57    69.08374353236161
57.8    69.00596389721551
58.6    68.93047140267026
59.5    68.8484375596108
60.4    68.76972921517395
61.3    68.6938858021565
62.2    68.61976967170736
63.1    68.54655312026375
64    68.47422525586174
64.9    68.40313092309664
65.8    68.33364053767282
66.8    68.25875728302425
67.8    68.18622003933196
68.8    68.11584860052965
69.8    68.04746182971942
70.8    67.98050681176164
71.8    67.91483231782959
72.8    67.85042943671189
73.9    67.78103651860275
75    67.71380511519496
76.1    67.64968546842765
77.2    67.58901240945531
78.3    67.53112691464351
79.4    67.47483637773271
80.6    67.41385807171683
81.8    67.35197729572133
83    67.28774620792697
84.2    67.21974536252549
85.4    67.14712435254239
86.6    67.0698298009774
87.9    66.98097040784887
89.2    66.88673231208412
90.5    66.7868315368859
91.8    66.68121293236348
93.1    66.57042844313125
94.5    66.44685970877408
95.9    66.32157595648748
97.3    66.1979720219875
98.7    66.07857578851818
100    65.9717524499793
102    65.811175176981
104    65.64789357940543
106    65.47574571739253
108    65.29140650298979
110    65.09373887092937
112    64.884190851895
114    64.66722041294071
116    64.44896720452627
118    64.23588115549259
120    64.03549858030541
122    63.85745138302907
124    63.71225404353365
126    63.60870839618741
128    63.55485230461201
130    63.554675865412065
132    63.603870598083056
134    63.69198678745438
136    63.80501303415014
138    63.927598329424875
140    64.04651012303003
142    64.15229993405407
144    64.23931056827959
146    64.30363809527447
148    64.343270733937
150    64.35929979566761
152    64.35532376677426
154    64.3352603028032
156    64.30251584902688
158    64.26009840164353
160    64.21064915375517
162    64.15619981829701
164    64.09811139274207
166    64.03747073534662
168    63.97551637732118
170    63.91411062722628
173    63.82819350419225
176    63.75419319742173
179    63.69121065235938
182    63.63422275396116
185    63.57631667000459
188    63.511759796409116
191    63.43739679365226
194    63.351752258999596
197    63.25531313400983
200    63.15090397002805
203    63.04204809927609
206    62.93106138403921
209    62.8182447625105
212    62.70319060821514
215    62.58577114940251
218    62.46669976406126
221    62.34735037614091
224    62.22885617210977
227    62.11190885079715
230    61.99765947746248
233    61.88788229408954
236    61.78396478299287
239    61.686413317404615
243    61.56601273859421
247    61.45602878170132
251    61.35615015583071
255    61.26635114344996
259    61.1872757295857
263    61.119572276529965
267    61.063483974715695
271    61.018115759099075
275    60.982055359200444
279    60.95414137623224
283    60.93338954365353
287    60.91875693796442
291    60.909109481331484
295    60.90344952034417
299    60.90114247853066
303    60.90178796016897
307    60.905193648066174
312    60.91328488667993
317    60.92562915284104
322    60.94212352560385
327    60.962616401594715
332    60.98686135564877
337    61.0144350596331
342    61.04476892044202
347    61.07714128880383
352    61.11076027430369
357    61.14513833517771
362    61.18033785265493
367    61.21708402089416
372    61.2565945636043
377    61.30016516245203
383    61.35960761139482
389    61.428798392488304
395    61.509181625286345
401    61.60164242570448
407    61.70611972217
413    61.82169474837217
419    61.9465669603443
425    62.07837316422955
431    62.21444697379505
437    62.35195443867222
443    62.48810537751687
449    62.62012306587282
456    62.764962188927356
463    62.8958763784546
470    63.010305556388786
477    63.107876690854255
484    63.189992985324764
491    63.259017024962105
498    63.31750724630512
505    63.36786929268666
512    63.412349511925676
519    63.45280766026773
527    63.495875477174366
535    63.53690413482119
543    63.5768819583009
551    63.616110074691306
559    63.654191569493946
567    63.69093439097105
575    63.72637467142925
583    63.76037510040557
592    63.796491551736125
601    63.830357664059136
610    63.86303020082433
619    63.89572476172938
628    63.92957424773945
637    63.96529724546643
646    64.00292863004262
655    64.04201975065683
665    64.08647908645351
675    64.13097879546709
685    64.17394611687146
695    64.21390218213594
705    64.24995456562092
715    64.2819665827811
725    64.31060800269547
736    64.33943643269811
747    64.36645484740741
758    64.39253135483979
769    64.41858716776264
780    64.44562853444043
791    64.47455773835401
803    64.50889722883804
815    64.54646269119209
827    64.58767023020573
839    64.63276838800957
851    64.6814203710338
863    64.73343771050983
876    64.79428805047544
889    64.85996305069472
902    64.92983448775456
915    65.00455142309232
928    65.08569738237931
942    65.18113320499751
956    65.28347599743894
970    65.38918902857742
984    65.49588859103409
998    65.6049545834743
1010    65.70236327348911
1020    65.78607717107504
1030    65.86924506700612
1050    66.0093640924261
1070    66.06819368436851
1090    66.02453828627291
1110    65.92823608245581
1130    65.86884786587724
1150    65.8873351963914
1170    65.96291938326735
1190    66.06639808191318
1210    66.18669041008329
1230    66.3209216578481
1250    66.46228002573145
1270    66.60352195123019
1290    66.7405668896914
1310    66.87100677417877
1330    66.99308764968123
1350    67.10777506401796
1370    67.21742973644263
1390    67.32404704781764
1410    67.42914679879948
1430    67.53338075201492
1450    67.63620602158005
1470    67.73636824199235
1490    67.83331075449561
1510    67.92817690099338
1530    68.02230877321338
1550    68.11593987413885
1570    68.20825172837121
1590    68.29820559551976
1610    68.38610376501532
1630    68.47348839086214
1650    68.56227930981541
1670    68.65347167914575
1690    68.74564027435059
1710    68.83651800016878
1730    68.92558191758624
1760    69.05819297374487
1790    69.19195306071668
1820    69.32729197310812
1850    69.46128492292836
1880    69.59316646458988
1910    69.72567490685387
1940    69.85979242007771
1970    69.99548902230146
2000    70.13134494568632
2030    70.2653020722779
2060    70.39836316270933
2090    70.5320773511701
2120    70.66670125898034
2150    70.80238080507529
2180    70.93831554744139
2210    71.07204903332045
2240    71.20170568351773
2270    71.32915777389006
2300    71.45549768743416
2330    71.58091518828118
2360    71.70567850573958
2390    71.82923353699161
2420    71.95022023301446
2460    72.10530869452575
2500    72.25399667080987
2540    72.39789515718704
2580    72.5353482022029
2620    72.66996985146042
2660    72.80255959784864
2700    72.92901189363917
2740    73.04570625571142
2780    73.15264136860722
2820    73.2532495435386
2860    73.34984043304556
2900    73.4393017495173
2940    73.51844266958739
2980    73.58792635835448
3020    73.65053027418631
3060    73.71011291292146
3100    73.76766039497983
3150    73.82898921464923
3200    73.87172643893521
3250    73.90171417935395
3300    73.92453919864067
3350    73.94361189056404
3400    73.95636522729257
3450    73.96118355868222
3500    73.95797260393499
3550    73.94841914335643
3600    73.93378683438453
3650    73.91468730935122
3700    73.88693589866968
3750    73.85070237684047
3800    73.80831457144947
3860    73.75012325383335
3920    73.68343287732401
3980    73.60952317047733
4040    73.52686917927264
4100    73.43599066274241
4160    73.3374380760412
4220    73.23192927349935
4280    73.12130395580586
4340    73.00618475260444
4400    72.88435981914232
4460    72.75400912982501
4520    72.6159105579609
4590    72.44602544959008
4660    72.2697375165053
4730    72.09471548411383
4800    71.91548983884715
4870    71.72514219605439
4940    71.52430029289428
5010    71.32592361962828
5080    71.12949662317352
5150    70.9292454149645
5220    70.72797620167694
5300    70.49773811056102
5380    70.27772734499356
5460    70.06683603859491
5540    69.86039108994798
5620    69.66870731818557
5700    69.5379811548323
5780    69.48311603145888
5860    69.43365742385431
5950    69.3446043198063
6040    69.23882207733791
6130    69.14829436660398
6220    69.08566527540454
6310    69.04848167666937
6400    69.02945360071726
6490    69.02777529635694
6580    69.03725519827304
6680    69.05183415496813
6780    69.0662040494144
6880    69.0686239969132
6980    69.03725307684721
7080    68.96458328585588
7180    68.84318799602845
7280    68.65698037506338
7390    68.35762552700415
7500    67.95252082800872
7610    67.46377890425757
7720    66.90837094248434
7830    66.30419507305459
7940    65.66621101713781
8060    64.95007302372684
8180    64.2346060969447
8300    63.53632416949665
8420    62.86922636505498
8540    62.249019531590356
8660    61.694439358158675
8790    61.1856085598064
8920    60.776144527892825
9050    60.46435063468864
9180    60.271456538693585
9310    60.180211387082174
9450    60.17534047911985
9590    60.24504603076936
9730    60.36431859247951
9870    60.509937735595734
10010    60.67464425685762
10160    60.87163009247199
10310    61.10002760571222
10460    61.37604928136707
10610    61.70559243311111
10760    62.111474101533084
10920    62.68312717538136
11080    63.406622641092625
11240    64.2963992235107
11400    65.35946521876842
11570    66.69024395674299
11740    68.03980998694357
11910    68.99959845116555
12080    69.57234166327864
12260    69.32918048115552
12440    68.51242353322425
12620    67.22471299082619
12800    65.81001947414742
12990    64.48874475981717
13180    63.26315143419635
13370    62.387239283063586
13560    61.77309753873121
13760    61.35003304333269
13960    61.12525601530084
14160    61.046097860401765
14370    61.021528223515524
14580    60.986542678140566
14790    60.774813095615436
15010    60.16986976074815
15230    59.249662891700204
15450    58.21350028077512
15670    57.11483877363734
15900    56.075910576629184
16130    55.2325053581032
16360    54.610862579809435
16600    54.175298908398055
16840    53.846645989369534
17080    53.50161892355905
17330    52.94839665144383
17580    52.0052421127688
17840    50.77144404662677
18100    49.61059661724579
18360    48.42248333369838
18630    46.997158836809476
18900    45.46402216867354
19170    43.94497777637179
19450    42.43489087476712
19730    41.0601776217772
20000    40.922415978704336
