20    76.17619578972506
20.3    76.18039147966715
20.6    76.18438614392798
20.9    76.1880382091552
21.2    76.19123068268595
21.5    76.1938769307568
21.8    76.19589170243984
22.1    76.19716007260202
22.4    76.19752556164593
22.7    76.19681846810505
23    76.19490550916464
23.3    76.19173444781754
23.6    76.18736126175747
23.9    76.18194172518466
24.2    76.17568754413614
24.6    76.16638855985181
25    76.15626690469172
25.4    76.14539848504515
25.8    76.13366893994962
26.2    76.12092102491502
26.6    76.10707573432217
27    76.09214304700274
27.4    76.07617521799955
27.8    76.05921859999248
28.2    76.04130201002141
28.6    76.02245385268563
29    76.0027185637021
29.4    75.9821556137157
29.8    75.96081718627318
30.2    75.93873679619142
30.6    75.91594493794588
31    75.89249104571054
31.5    75.86235275287208
32    75.83143035917186
32.5    75.79980098473732
33    75.76746084276877
33.5    75.7343794176785
34    75.70055303791324
34.5    75.66599628745423
35    75.6307099994292
35.5    75.59467162884775
36    75.55785404162177
36.5    75.52024401214206
37    75.48185638416892
37.5    75.44272714634448
38    75.40290373002475
38.6    75.35425773973546
39.2    75.30472679055327
39.8    75.25435570498179
40.4    75.20318548734483
41    75.15124640633343
41.6    75.09854560541109
42.2    75.04508492804439
42.8    74.99088592042727
43.4    74.9359870117492
44    74.88042883617248
44.6    74.82424451037153
45.2    74.7674580540858
45.9    74.70046755513454
46.6    74.63269956129103
47.3    74.56419094795793
48    74.49499873787161
48.7    74.42517496565802
49.4    74.3547626257533
50.1    74.28381173297731
50.8    74.21238556333685
51.5    74.14053615612855
52.2    74.06827885364923
53    73.9851895610837
53.8    73.90156516805686
54.6    73.8174265576799
55.4    73.73273768644766
56.2    73.64742950369583
57    73.56149732959581
57.8    73.47503928273136
58.6    73.38820747450039
59.5    73.29018086748324
60.4    73.19177841277427
61.3    73.09294417679646
62.2    72.99367445387148
63.1    72.89402059070736
64    72.79407656731713
64.9    72.69395950000268
65.8    72.59378042351736
66.8    72.48245057639397
67.8    72.37105589576626
68.8    72.25947851467723
69.8    72.14756452649841
70.8    72.03518621782104
71.8    71.92227751801778
72.8    71.80882318790756
73.9    71.68345126459577
75    71.55764011795574
76.1    71.4316047189927
77.2    71.30553642254678
78.3    71.17955013432976
79.4    71.05370778053879
80.6    70.91661106750874
81.8    70.77964815855329
83    70.64267667688583
84.2    70.50551119459283
85.4    70.36796058894787
86.6    70.22989721178675
87.9    70.07977809292035
89.2    69.92932425744536
90.5    69.77890440766132
91.8    69.62897637004716
93.1    69.4800447816086
94.5    69.32129648252284
95.9    69.1646577754839
97.3    69.01036653620673
98.7    68.85844926473231
100    68.71938452887036
102    68.50884220238146
104    68.30204533415751
106    68.09880199935151
108    67.899410668401
110    67.7039540459498
112    67.51164837549028
114    67.32092165020933
116    67.13019444007753
118    66.93917184103967
120    66.74839436858082
122    66.55875805972988
124    66.37127089506481
126    66.18684258592671
128    66.00596523247098
130    65.82937206334424
132    65.65777518298052
134    65.49139189948353
136    65.32977663205494
138    65.17233826702048
140    65.01769371508678
142    64.86455698897723
144    64.71359204782348
146    64.56751813612398
148    64.43052236550588
150    64.30737719311765
152    64.20235009823392
154    64.11814068211893
156    64.05547779743304
158    64.0133750811761
160    63.98964324609502
162    63.98125159424662
164    63.9843868873119
166    63.99474228907533
168    64.00804466147369
170    64.02062485533187
173    64.03293378339663
176    64.0347244761337
179    64.02806952723371
182    64.02012176732897
185    64.02120598223468
188    64.04206441996857
191    64.0902726994922
194    64.16661276514725
197    64.26377537058835
200    64.36810659161154
203    64.46356553403642
206    64.53660517973529
209    64.57984195886462
212    64.59289313958452
215    64.58067604362492
218    64.5510077678885
221    64.51157490534204
224    64.46749730706061
227    64.42119367103054
230    64.3743031278168
233    64.32965278329593
236    64.29122167191625
239    64.26220035763657
243    64.23742567549861
247    64.21999045065468
251    64.19882267116158
255    64.16787645759953
259    64.1269372108877
263    64.07933421927704
267    64.02958959112861
271    63.98177431421095
275    63.93855849174504
279    63.9010619735984
283    63.86939248912229
287    63.8433893046102
291    63.82304554812944
295    63.808409128335974
299    63.799176659887664
303    63.794431155821
307    63.792872958704464
312    63.79331935793047
317    63.794151834988014
322    63.79319292319248
327    63.78863225193085
332    63.7791352492933
337    63.76395269037483
342    63.7429566951929
347    63.716387197535454
352    63.6845928526549
357    63.64796115170883
362    63.60692498277784
367    63.56202659645242
372    63.514184779357464
377    63.46481894201315
383    63.406050259299306
389    63.35040193021173
395    63.29934462423833
401    63.25330123236207
407    63.212336419626155
413    63.176240250412064
419    63.14475211900167
425    63.1179752069813
431    63.09678234393593
437    63.082715146285864
443    63.07724746264006
449    63.081030202031684
456    63.09685826707827
463    63.12380350477686
470    63.16008402562274
477    63.20372618355796
484    63.252859256589694
491    63.3058228501581
498    63.361251594668175
505    63.41807031004899
512    63.47529906462759
519    63.531981424761334
527    63.59515203901286
535    63.65617642046932
543    63.71514962353706
551    63.772399742564886
559    63.82835141040291
567    63.883621733873866
575    63.938858255979284
583    63.994278415653326
592    64.05632440419069
601    64.116941654349
610    64.17510754588471
619    64.23039077056563
628    64.28298224362777
637    64.3333818209901
646    64.38206599580688
655    64.42934413095168
665    64.48028900669635
675    64.52939602862334
685    64.57669462767282
695    64.62265230658724
705    64.66792305998757
715    64.71302717662442
725    64.7582317472006
736    64.80815969343442
747    64.85816698280848
758    64.9079979479353
769    64.95745194461833
780    65.00647111138645
791    65.05522161729921
803    65.10843237883833
815    65.16189018893368
827    65.21567062142341
839    65.26985813846844
851    65.32458295075608
863    65.37995305605165
876    65.4409128912699
889    65.5032097147538
902    65.56713470962974
915    65.63294053627135
928    65.70069313780861
942    65.7757188730166
956    65.85256230353133
970    65.93070490463597
984    66.00977015541844
998    66.08952832537845
1010    66.15831206710942
1020    66.21590806367315
1030    66.27372966012922
1050    66.38971796021161
1070    66.50557644648764
1090    66.62089082772941
1110    66.73504574396176
1130    66.84801390588788
1150    66.95940075670717
1170    67.06875153390446
1190    67.17624936156137
1210    67.28189144620865
1230    67.3856212398091
1250    67.48759312641852
1270    67.58768538734785
1290    67.68596625103672
1310    67.78265583502758
1330    67.87766066841078
1350    67.97077572436115
1370    68.06235639017729
1390    68.15287160210936
1410    68.24237472793949
1430    68.33094999537643
1450    68.41899188752635
1470    68.5068440208212
1490    68.59423602992192
1510    68.68043950461256
1530    68.76558215818903
1550    68.85065841727393
1570    68.93619082374386
1590    69.02174186301352
1610    69.10644798091633
1630    69.19039277499671
1650    69.27458125922968
1670    69.35968842771388
1690    69.44569650749145
1710    69.5319595705233
1730    69.61792148899013
1760    69.74681958052315
1790    69.87763248258898
1820    70.01072330607931
1850    70.14402131860686
1880    70.27554959031829
1910    70.40784944263507
1940    70.54247433950404
1970    70.67904434717977
2000    70.81577958645462
2030    70.95107411629219
2060    71.08627583658546
2090    71.22216215471454
2120    71.35852179367244
2150    71.49505424958184
2180    71.6304255945054
2210    71.76303377672187
2240    71.89353066130408
2270    72.02271611570771
2300    72.15005152825034
2330    72.27505486940308
2360    72.3976041088938
2390    72.51709139808622
2420    72.63255905841388
2460    72.78015072696945
2500    72.92072932055143
2540    73.05293121826497
2580    73.17604064122978
2620    73.29096716400048
2660    73.39635974919386
2700    73.48839916891527
2740    73.56779315925948
2780    73.63712508611053
2820    73.69631917368908
2860    73.74488377134182
2900    73.78275639332954
2940    73.81023404152606
2980    73.82739453813357
3020    73.8323958278406
3060    73.82517179269138
3100    73.80803057475183
3150    73.7739194064872
3200    73.72429891003455
3250    73.65769499141771
3300    73.57390569937473
3350    73.47504096130037
3400    73.36218084637184
3450    73.23089188564529
3500    73.0816604436181
3550    72.92463542320696
3600    72.76279428613307
3650    72.59568144661971
3700    72.42404358980417
3750    72.24882208911919
3800    72.071632195874
3860    71.85791409079567
3920    71.64452747204312
3980    71.43198429291684
4040    71.21911375193233
4100    71.00758616330663
4160    70.79939594130286
4220    70.59432792416219
4280    70.39161867075339
4340    70.19077873518336
4400    69.99045950005139
4460    69.79017321262103
4520    69.59079451577239
4590    69.36110681107701
4660    69.14078694634183
4730    68.93818356696588
4800    68.7545107382758
4870    68.58491138224201
4940    68.42961603818266
5010    68.28410268753456
5080    68.14282005237163
5150    68.00365600214505
5220    67.86713296303749
5300    67.71897419152842
5380    67.58211790491706
5460    67.46160573574068
5540    67.36182360824273
5620    67.28594922017139
5700    67.24052531674413
5780    67.23704941056954
5860    67.2751028711043
5950    67.35585533242818
6040    67.44933946285765
6130    67.52158044312608
6220    67.54989695056821
6310    67.53430050776151
6400    67.51410933944531
6490    67.542694821644
6580    67.63081485636877
6680    67.74821481997702
6780    67.83374664817416
6880    67.89127471572834
6980    67.96773459976774
7080    68.10257340358449
7180    68.29730971133618
7280    68.52335858054269
7390    68.7664546834414
7500    68.9501412356237
7610    69.01398108198921
7720    68.91859547411414
7830    68.66644224903737
7940    68.28471125790676
8060    67.75064918218906
8180    67.1371283355524
8300    66.48721788340285
8420    65.83098524406296
8540    65.19559770757824
8660    64.59550045127416
8790    63.99053360145275
8920    63.43780189142596
9050    62.91056693553829
9180    62.3519303674215
9310    61.704890210521924
9450    60.991293756122715
9590    60.55679965349127
9730    60.593670552048486
9870    60.953171261185865
10010    61.49986148886704
10160    62.26765917459088
10310    63.16518431336934
10460    64.13379697264239
10610    65.16829914648298
10760    66.29011111407343
10920    67.55654527218667
11080    68.76408220491692
11240    69.69899127620417
11400    70.27194742753213
11570    70.44204023232459
11740    70.37927316275831
11910    70.277728806266
12080    70.03521432964617
12260    68.69911226497527
12440    66.30258911349446
12620    64.35038582983192
12800    64.30678208765727
12990    65.45174040187808
13180    66.3798802697304
13370    65.87173885397222
13560    64.99223299914003
13760    65.10542828357309
13960    65.82823635788003
14160    66.07416919185627
14370    66.0119714101562
14580    65.72917537823595
14790    65.37557224994362
15010    65.00335073941713
15230    64.4027025725422
15450    63.577956580430865
15670    63.275080274886776
15900    63.95155927716279
16130    65.2276877611482
16360    66.46846482771234
16600    66.88065943817861
16840    65.57494844811478
17080    62.8283754043218
17330    59.7968883403412
17580    57.66256634532215
17840    56.06156161160948
18100    54.06009562750339
18360    51.85388716444717
18630    50.608931405921695
18900    50.8818754563202
19170    52.012751561609456
19450    53.19279580601666
19730    53.12231078852834
20000    53.072246632436865
