20    71.76013722906995
20.3    71.78547770634304
20.6    71.81018489985107
20.9    71.83397697875282
21.2    71.85665929930697
21.5    71.87824431098234
21.8    71.898973220698
22.1    71.91923147777169
22.4    71.93938490898053
22.7    71.95961413571268
23    71.97981993013951
23.3    71.99964228740127
23.6    72.01857635176941
23.9    72.03613353203606
24.2    72.05198353536568
24.6    72.07032736985691
25    72.08576865563236
25.4    72.09880576523793
25.8    72.10984480112432
26.2    72.11907647048066
26.6    72.12655009922378
27    72.13231799345726
27.4    72.13650588256766
27.8    72.13927280070226
28.2    72.14074314781223
28.6    72.14100474625764
29    72.14016805195303
29.4    72.13842539903465
29.8    72.13603988037896
30.2    72.13326235718036
30.6    72.13024966652
31    72.12703986945417
31.5    72.12268252679596
32    72.1178306964455
32.5    72.11241133976618
33    72.10639681718038
33.5    72.0997688969273
34    72.09249305038098
34.5    72.08448494337955
35    72.07557729453592
35.5    72.06555516151025
36    72.05429115110113
36.5    72.0418807529216
37    72.02865611413924
37.5    72.01506645715725
38    72.00151063733915
38.6    71.98559079223901
39.2    71.97005764839452
39.8    71.95463300111254
40.4    71.93886772268186
41    71.92229788302967
41.6    71.90458418852559
42.2    71.88563961445738
42.8    71.8657249039438
43.4    71.84541637796329
44    71.82538667700243
44.6    71.80613638000247
45.2    71.78789265259337
45.9    71.767850888651
46.6    71.74877544946963
47.3    71.72998291369248
48    71.71075326237617
48.7    71.6905804564133
49.4    71.66936799472114
50.1    71.64780094250821
50.8    71.62731017369495
51.5    71.6092073940933
52.2    71.59403436630248
53    71.5802305308554
53.8    71.56934252478827
54.6    71.55870240527193
55.4    71.54440535944892
56.2    71.52382428189799
57    71.49687868590544
57.8    71.46498033047843
58.6    71.42961411152014
59.5    71.3871035256637
60.4    71.34310090859549
61.3    71.29904191451136
62.2    71.25622571165925
63.1    71.21556528543258
64    71.17735218280166
64.9    71.1411768564302
65.8    71.10601486816383
66.8    71.06654675002288
67.8    71.02526698617233
68.8    70.98152121360661
69.8    70.93526807241432
70.8    70.88674526156848
71.8    70.83630098857776
72.8    70.78432250323542
73.9    70.72585802572138
75    70.66652311773697
76.1    70.60661180232307
77.2    70.54617479856984
78.3    70.48511254367925
79.4    70.42326471068927
80.6    70.3547291136822
81.8    70.28500172867592
83    70.21415061836166
84.2    70.14242130558881
85.4    70.07024761991944
86.6    69.99819607320374
87.9    69.92097904832193
89.2    69.8451785256637
90.5    69.7707823329932
91.8    69.69720217929141
93.1    69.62360135851333
94.5    69.54336000640056
95.9    69.46125835406225
97.3    69.37683171057958
98.7    69.29024498920195
100    69.20865292137066
102    69.08359340197924
104    68.96295950003338
106    68.84949980373447
108    68.74337014194913
110    68.64274253458399
112    68.54588542299899
114    68.45311897207952
116    68.36677875349011
118    68.28961491009024
120    68.22263926227082
122    68.16352162472319
124    68.1067011304807
126    68.04545482467108
128    67.97439979129662
130    67.89135006020369
132    67.79815106173947
134    67.70016538680717
136    67.60493467803235
138    67.52093509606314
140    67.45640052148522
142    67.41822166219404
144    67.41106803111379
146    67.43710836307504
148    67.49614124282272
150    67.58547993303836
152    67.6995224094718
154    67.82985583056745
156    67.96601296315718
158    68.09669575867943
160    68.2114267976409
162    68.30210881169147
164    68.36395402544436
166    68.39546113067283
168    68.39785940327442
170    68.37429762492414
173    68.29956445399785
176    68.19069075673019
179    68.06061113523329
182    67.91964397015032
185    67.77551941946123
188    67.633839619241
191    67.49849139344461
194    67.37174090310404
197    67.25420270618707
200    67.14507191860378
203    67.04259546019654
206    66.94465912594592
209    66.84951211390168
212    66.75622789855214
215    66.66459499689425
218    66.57471142011033
221    66.48661169690772
224    66.40006040226886
227    66.31452653654597
230    66.22930780756565
233    66.14368953273305
236    66.05704624132021
239    65.96892462124856
243    65.84875847351753
247    65.7255606946118
251    65.5998093312004
255    65.47219192087142
259    65.34345993965734
263    65.21437750770451
267    65.08556965822089
271    64.95742589839213
275    64.83016406502608
279    64.70390882951013
283    64.57878172254765
287    64.45494852372505
291    64.33260189521036
295    64.21188524263269
299    64.09285442382733
303    63.97548219184655
307    63.85966178688466
312    63.71681286810507
317    63.57568938925439
322    63.43580644786092
327    63.296512278340444
332    63.15701729380497
337    63.0165736453288
342    62.874603192532355
347    62.73083369863839
352    62.58540941426305
357    62.438997683404864
362    62.292906542470035
367    62.14925205251365
372    62.011130245445834
377    61.88257907876121
383    61.747763820976004
389    61.64274910319399
395    61.576093497363644
401    61.55420081378226
407    61.579526819692276
413    61.64920603839863
419    61.75499649198291
425    61.884794055593744
431    62.02498973959832
437    62.16261641178055
443    62.28708909109362
449    62.391349871649396
456    62.48327102985307
463    62.54334465053965
470    62.57491421235498
477    62.58278072269872
484    62.57195359340671
491    62.54713823599514
498    62.51267620143479
505    62.47248046496048
512    62.429874835370136
519    62.387494367885886
527    62.34173961669791
535    62.30048300861668
543    62.264489697568784
551    62.23379985492379
559    62.20804623893481
567    62.18666939162537
575    62.16900785875613
583    62.15429123749765
592    62.140091929918924
601    62.12698640522862
610    62.11372677944603
619    62.09955454163079
628    62.08428672054538
637    62.06828835901638
646    62.05225374647915
655    62.03695421668179
665    62.0217290163224
675    62.0092671235946
685    62.00004849535293
695    61.99382432194203
705    61.98995389082663
715    61.987799235551876
725    61.98688631771646
736    61.986977327417236
747    61.98796354346819
758    61.98967180065941
769    61.99204046085809
780    61.99519802650478
791    61.999470968044086
803    62.00589736312888
815    62.01463950353423
827    62.02587291567229
839    62.039193150087314
851    62.05373022639057
863    62.068616355308585
876    62.08513574628698
889    62.10377036713623
902    62.12746597488292
915    62.15910144422999
928    62.200426955876395
942    62.25625501463749
956    62.32244776846616
970    62.39533980532187
984    62.470369893871975
998    62.544309782832826
1010    62.605977084541074
1020    62.65630954312421
1030    62.70603640876463
1050    62.80499909598902
1070    62.90482535862017
1090    63.00628840370487
1110    63.10949737900295
1130    63.214336960688215
1150    63.3216066476159
1170    63.43325019075979
1190    63.55160964379236
1210    63.67847286600863
1230    63.81485520362021
1250    63.96219291323757
1270    64.1223397366139
1290    64.29641332652983
1310    64.48405647575612
1330    64.68393093747397
1350    64.89440678830448
1370    65.1130339889028
1390    65.33610641837326
1410    65.55914362146129
1430    65.77802218803893
1450    65.98943594004793
1470    66.19077628273023
1490    66.38044604705252
1510    66.55803340230015
1530    66.72407639704477
1550    66.87964310942027
1570    67.02591305799137
1590    67.16411383252327
1610    67.29586220694382
1630    67.42316589383577
1650    67.54773205479947
1670    67.67070350257659
1690    67.79304820029438
1710    67.91571696980148
1730    68.0394119570091
1760    68.22769361284514
1790    68.41982495164496
1820    68.61600771401916
1850    68.81582003902412
1880    69.01879957589
1910    69.2252770148368
1940    69.43548435265545
1970    69.64892381221571
2000    69.86459037770766
2030    70.08120309029037
2060    70.29739946342872
2090    70.5126207138643
2120    70.72667502715728
2150    70.9387415781804
2180    71.14758841300595
2210    71.35167405363026
2240    71.54915870658795
2270    71.73833503013597
2300    71.91780084799169
2330    72.08669085682551
2360    72.24447835659441
2390    72.39042616036464
2420    72.52333430713153
2460    72.67827881714129
2500    72.80668251729725
2540    72.9075442753398
2580    72.98068957487362
2620    73.02686451689621
2660    73.04659742423311
2700    73.04123981895911
2740    73.01323440012749
2780    72.96517395226874
2820    72.89979955668485
2860    72.81998337627832
2900    72.7287769803277
2940    72.62899677198308
2980    72.5227564337186
3020    72.41204902513803
3060    72.29882349247397
3100    72.18470588320594
3150    72.04312464534746
3200    71.90568339138748
3250    71.77578021785905
3300    71.65560531404492
3350    71.54604699997353
3400    71.4481989285089
3450    71.36330795279726
3500    71.29244751716483
3550    71.2370802768402
3600    71.19871707392284
3650    71.1782458477478
3700    71.17591187833038
3750    71.1924960946629
3800    71.22953861905853
3860    71.30214312509801
3920    71.4045358826861
3980    71.53476105923153
4040    71.69122191609532
4100    71.87459263904984
4160    72.08496456270939
4220    72.31998240090093
4280    72.5768649426269
4340    72.85384894718851
4400    73.14952014126769
4460    73.4619633041322
4520    73.78845092957701
4590    74.18096514725025
4660    74.57475073844819
4730    74.95293328419783
4800    75.29316769275145
4870    75.57114642620652
4940    75.76410982284261
5010    75.85384163121648
5080    75.83013428835045
5150    75.69441613563504
5220    75.4582357781988
5300    75.08168841522473
5380    74.60524226448143
5460    74.06438572740979
5540    73.55128248193287
5620    73.11608479681036
5700    72.69523995451988
5780    72.25232873794064
5860    71.8294754511578
5950    71.42185140135014
6040    71.09390519500495
6130    70.84138728940314
6220    70.6595022991334
6310    70.54419905904797
6400    70.49234039755089
6490    70.4990204974043
6580    70.55803482779456
6680    70.67929158588257
6780    70.85596084049028
6880    71.08203815060145
6980    71.34076605138652
7080    71.60240833204159
7180    71.82482041823118
7280    71.96123419163047
7390    71.96404211996554
7500    71.78182873357949
7610    71.4104856526447
7720    70.87346467604294
7830    70.21049172177872
7940    69.46279508918946
8060    68.59603172846013
8180    67.72327648516764
8300    66.88454636388366
8420    66.10443038926465
8540    65.3921045368608
8660    64.74984774897473
8790    64.1368576047987
8920    63.614775608110904
9050    63.187673399396566
9180    62.855135962699755
9310    62.614389498061115
9450    62.460295436948684
9590    62.41999297935133
9730    62.496636117860405
9870    62.69459634121115
10010    63.01992204100003
10160    63.52421242000699
10310    64.21205717601379
10460    65.10899576284025
10610    66.24830819522612
10760    67.66564281120596
10920    69.46584849920583
11080    71.34317809371436
11240    72.7650702510615
11400    73.1383014152258
11570    72.24760403412947
11740    70.58835932283978
11910    68.8555540523464
12080    67.41424050266892
12260    66.29102097915258
12440    65.55759008027167
12620    65.18766803445018
12800    65.17030201177576
12990    65.53020710472562
13180    66.25519852816518
13370    67.21895634307057
13560    68.10423290106877
13760    68.57321109564677
13960    68.47061254124648
14160    67.87922632672486
14370    66.73586363403709
14580    65.18946186203479
14790    63.60274210636787
15010    62.023976359681754
15230    60.17543793026797
15450    58.44911617935999
15670    57.68470764024553
15900    57.55186987383006
16130    57.5717771519047
16360    58.07879383064164
16600    59.319773403635885
16840    60.92570017229835
17080    62.15187693342425
17330    62.192488676293365
17580    60.92205141936052
17840    59.06547210818721
18100    57.71540253578121
18360    57.53649641005143
18630    58.45300293614806
18900    59.26638778093442
19170    58.88945085426662
19450    57.17441659242375
19730    54.49350094510364
20000    52.51587143024085
