20    70.65
20.3    70.72400024499919
20.6    70.7975
20.9    70.872
21.2    70.94549975500081
21.5    71.01337505218763
21.8    71.07600017749911
22.1    71.12725
22.4    71.1745
22.7    71.22099984500052
23    71.275
23.3    71.34100025499916
23.6    71.4175
23.9    71.49812500000002
24.2    71.57433349777833
24.6    71.65374990875046
25    71.7085
25.4    71.74000000000001
25.8    71.77250011374943
26.2    71.81799988625056
26.6    71.87575000000001
27    71.93349995500014
27.4    71.98324994312486
27.8    72.0265
28.2    72.0678
28.6    72.1106
29    72.15700000000001
29.4    72.2018
29.8    72.24180000000001
30.2    72.27799999999999
30.6    72.31133327888907
31    72.34462497906244
31.5    72.38499999999999
32    72.42099999999999
32.5    72.4545
33    72.4865
33.5    72.518
34    72.544
34.5    72.566
35    72.58600000000001
35.5    72.61000000000001
36    72.635
36.5    72.656
37    72.67
37.5    72.6815
38    72.69649997857147
38.6    72.716499965
39.2    72.73343748992187
39.8    72.7475
40.4    72.761166698889
41    72.77633333333333
41.6    72.78550000333334
42.2    72.78378571030613
42.8    72.77849999166665
43.4    72.77574999958334
44    72.77421429183673
44.6    72.77000001666673
45.2    72.76259999999999
45.9    72.75585714734694
46.6    72.74749999499998
47.3    72.73307142204082
48    72.71957144132651
48.7    72.710000012
49.4    72.69350004714279
50.1    72.67043749679686
50.8    72.65249998285717
51.5    72.6405
52.2    72.61850003142854
53    72.58449999999999
53.8    72.55349996000005
54.6    72.52121429183673
55.4    72.48775002906254
56.2    72.45590000000001
57    72.42150000000001
57.8    72.3823
58.6    72.34100000000001
59.5    72.292
60.4    72.24224997281247
61.3    72.19335712734696
62.2    72.14350005571421
63.1    72.0902
64    72.038
64.9    71.9822
65.8    71.92080000000001
66.8    71.8614
67.8    71.79759999999999
68.8    71.7233
69.8    71.65
70.8    71.5735
71.8    71.4956
72.8    71.41839999999999
73.9    71.33234999999999
75    71.246
76.1    71.14929142489522
77.2    71.04857685943801
78.3    70.94869247455583
79.4    70.84550014500036
80.6    70.73499986874967
81.8    70.62849985461571
83    70.51896164585773
84.2    70.40616685833382
85.4    70.28999990124976
86.6    70.16946132278156
87.9    70.0334
89.2    69.89203333333333
90.5    69.74683319166631
91.8    69.59919212378742
93.1    69.45096169662685
94.5    69.29050014375036
95.9    69.12687473468682
97.3    68.96753840952675
98.7    68.81023108023598
100    68.668
102    68.44666666666666
104    68.21792873724466
106    67.981
108    67.7345
110    67.47593733554667
112    67.208
114    66.92616703333425
116    66.62949979545427
118    66.3315
120    66.04649978076907
122    65.72800000000001
124    65.39704730385458
126    65.07900000000001
128    64.7635
130    64.43835714285714
132    64.1165
134    63.808499999999995
136    63.53
138    63.306
140    63.156
142    63.08566666666667
144    63.03775
146    63.0292
148    63.0382
150    63.049
152    63.0398
154    63.0486
156    63.071600000000004
158    63.0951
160    63.0955
162    63.0719
164    63.037800000000004
166    62.9932
168    62.9388
170    62.876000000000005
173    62.7756
176    62.6854
179    62.5888
182    62.492599999999996
185    62.404
188    62.3235
191    62.2611
194    62.2032
197    62.1382
200    62.077
203    62.022999999999996
206    61.9785
209    61.939
212    61.900999999999996
215    61.870125
218    61.842
221    61.810249999999996
224    61.7825
227    61.7635
230    61.7455
233    61.733000000000004
236    61.7185
239    61.708375
243    61.7085
247    61.721500000000006
251    61.7205
255    61.725375
259    61.737874999999995
263    61.751999999999995
267    61.783
271    61.80333333333333
275    61.814750000000004
279    61.837500000000006
283    61.8488
287    61.852000000000004
291    61.8512
295    61.848
299    61.828
303    61.811
307    61.794
312    61.764250000000004
317    61.7351
322    61.7061
327    61.672399999999996
332    61.638000000000005
337    61.6028
342    61.5667
347    61.530100000000004
352    61.491299999999995
357    61.4473
362    61.4002
367    61.3521
372    61.3057
377    61.261785714285715
383    61.2153
389    61.1745
395    61.1385
401    61.12858333333333
407    61.13891666666667
413    61.17066666666666
419    61.218642857142854
425    61.2915
431    61.379000000000005
437    61.4745
443    61.573499999999996
449    61.676249999999996
456    61.78957142857143
463    61.89775
470    61.99664285714286
477    62.08307142857143
484    62.1628
491    62.23171428571429
498    62.29233333333333
505    62.344125
512    62.39178571428572
519    62.43835714285714
527    62.495375
535    62.552187499999995
543    62.608357142857145
551    62.66621428571429
559    62.7264375
567    62.7879
575    62.848749999999995
583    62.9087
592    62.9743
601    63.035624999999996
610    63.089357142857146
619    63.13735714285714
628    63.181875
637    63.22195
646    63.259
655    63.295
665    63.3335
675    63.37075
685    63.4075
695    63.442750000000004
705    63.47775
715    63.514250000000004
725    63.55225
736    63.5958
747    63.643150000000006
758    63.69383333333333
769    63.74669230769231
780    63.801192307692304
791    63.857749999999996
803    63.922875
815    63.988615384615386
827    64.05507692307691
839    64.121625
851    64.18916666666667
863    64.25730769230769
876    64.33279999999999
889    64.4082
902    64.48383333333334
915    64.56076923076924
928    64.63788461538462
942    64.72183333333334
956    64.80725000000001
970    64.89323076923077
984    64.98042307692307
998    65.06841666666666
1010    65.143
1020    65.2055
1030    65.2685
1050    65.3976875
1070    65.52633333333333
1090    65.65350000000001
1110    65.77935714285715
1130    65.90344444444445
1150    66.026
1170    66.14690909090909
1190    66.26515384615385
1210    66.38185714285714
1230    66.49590476190477
1250    66.60849999999999
1270    66.7175
1290    66.82521428571428
1310    66.93664285714286
1330    67.0435
1350    67.14875
1370    67.25225
1390    67.3535
1410    67.4515
1430    67.5475
1450    67.63999999999999
1470    67.72919999999999
1490    67.816
1510    67.9008
1530    67.984
1550    68.066
1570    68.1464
1590    68.2265
1610    68.3065
1630    68.3865
1650    68.4665
1670    68.54650000000001
1690    68.6265
1710    68.7069
1730    68.7878
1760    68.9096
1790    69.03229999999999
1820    69.1571
1850    69.284
1880    69.4137
1910    69.5475
1940    69.684
1970    69.8236
2000    69.9645
2030    70.10499999999999
2060    70.24449999999999
2090    70.381
2120    70.5145
2150    70.64625
2180    70.776
2210    70.90375
2240    71.0305
2270    71.15549999999999
2300    71.279
2330    71.401
2360    71.5215
2390    71.64112499999999
2420    71.75866666666667
2460    71.913
2500    72.0655
2540    72.215
2580    72.363
2620    72.5085
2660    72.652
2700    72.79366666666667
2740    72.93375
2780    73.07249999999999
2820    73.2093
2860    73.3441
2900    73.4765
2940    73.6053
2980    73.7308
3020    73.85249999999999
3060    73.97
3100    74.08262500000001
3150    74.216
3200    74.33949999999999
3250    74.4525
3300    74.5535
3350    74.6425
3400    74.72
3450    74.785
3500    74.8375
3550    74.8785
3600    74.9075
3650    74.9255
3700    74.932
3750    74.9275
3800    74.91071428571428
3860    74.882
3920    74.8380625
3980    74.78620000000001
4040    74.72233333333332
4100    74.648
4160    74.564
4220    74.46928571428572
4280    74.365
4340    74.2495
4400    74.12278571428571
4460    73.98683333333334
4520    73.8415
4590    73.66278571428572
4660    73.47766666666666
4730    73.28899999999999
4800    73.09821428571429
4870    72.9065
4940    72.71549999999999
5010    72.5249375
5080    72.3355
5150    72.1505
5220    71.969
5300    71.7685
5380    71.5755
5460    71.39235714285715
5540    71.21775
5620    71.0539
5700    70.89949999999999
5780    70.7607
5860    70.6345
5950    70.50825
6040    70.39875
6130    70.30878571428572
6220    70.24000000000001
6310    70.19565
6400    70.17
6490    70.16820000000001
6580    70.18719999999999
6680    70.2308
6780    70.2985
6880    70.38740000000001
6980    70.49520000000001
7080    70.6191
7180    70.7565
7280    70.90129999999999
7390    71.0592
7500    71.203
7610    71.31299999999999
7720    71.37376923076923
7830    71.38961538461538
7940    71.36875
8060    71.30099999999999
8180    71.17557692307693
8300    70.99561538461538
8420    70.7695
8540    70.49349999999998
8660    70.14934615384615
8790    69.6807
8920    69.07536666666667
9050    68.38179166666666
9180    67.625
9310    66.87761538461538
9450    66.14158333333333
9590    65.518
9730    65.02526923076923
9870    64.66403846153845
10010    64.43733333333333
10160    64.3316
10310    64.36435714285714
10460    64.53824999999999
10610    64.8436
10760    65.31196666666666
10920    65.9705625
11080    66.77842857142858
11240    67.69900000000001
11400    68.61383333333333
11570    69.19879545454546
11740    69.379375
11910    68.61738461538462
12080    67.62842857142857
12260    66.48385714285715
12440    65.60783333333333
12620    65.1851
12800    64.8565
12990    64.24117142857142
13180    63.6054
13370    62.91415
13560    62.394
13760    62.0766
13960    61.9882
14160    62.15923333333333
14370    62.491325
14580    63.103840000000005
14790    63.86926
15010    64.69046
15230    64.99758
15450    64.3599
15670    62.880759999999995
15900    60.7198
16130    58.29974
16360    55.96104
16600    53.794799999999995
16840    51.879
17080    50.11868
17330    48.425
17580    46.80928
17840    45.1372
18100    43.3856
18360    41.42342
18630    39.22264
18900    38.3971
19170    39.828959999999995
19450    41.849599999999995
19730    43.57432
20000    43.694
