20    71.67047414492733
20.3    71.69142357847863
20.6    71.71181676116939
20.9    71.73141325867292
21.2    71.75006578970158
21.5    71.76777795027249
21.8    71.78466912650242
22.1    71.8008890323569
22.4    71.81650803048323
22.7    71.8314542077469
23    71.84551540538203
23.3    71.85841202020254
23.6    71.8699011061648
23.9    71.8798647871021
24.2    71.88834563239993
24.6    71.89766262673754
25    71.90521609205442
25.4    71.9114674114592
25.8    71.91671388526257
26.2    71.92120178354241
26.6    71.92527702378938
27    71.92940169267291
27.4    71.9339925390404
27.8    71.93919733832618
28.2    71.94479027557153
28.6    71.95026992016253
29    71.95508140410307
29.4    71.95881032075411
29.8    71.96126000665905
30.2    71.96241357552137
30.6    71.96235202860572
31    71.96119390968073
31.5    71.95840909914664
32    71.95439535071829
32.5    71.94940292885568
33    71.94361383883758
33.5    71.93712924200261
34    71.92999265346758
34.5    71.9222264307401
35    71.91386818562601
35.5    71.90499342095379
36    71.89570625542127
36.5    71.88609994893363
37    71.8762164735311
37.5    71.86603571806002
38    71.85549892482615
38.6    71.84228541117876
39.2    71.82833964725536
39.8    71.81356253353097
40.4    71.7979028117421
41    71.78138461226911
41.6    71.76410090278566
42.2    71.74619388549155
42.8    71.72784412051416
43.4    71.70923188150803
44    71.69047442215609
44.6    71.67159997941258
45.2    71.65257540072385
45.9    71.63011271062885
46.6    71.60724729947222
47.3    71.58382361874199
48    71.55972738495666
48.7    71.53503335995353
49.4    71.51001150929162
50.1    71.48490965395382
50.8    71.45976956348247
51.5    71.43444610402963
52.2    71.40866637254783
53    71.37825993195884
53.8    71.34675965837508
54.6    71.31461463560638
55.4    71.28223441483954
56.2    71.24957035911362
57    71.21647459084072
57.8    71.18299562699205
58.6    71.14930353535219
59.5    71.11136124181598
60.4    71.07345560370658
61.3    71.03541900884247
62.2    70.99699568655505
63.1    70.9579861637365
64    70.91829208098841
64.9    70.87791828154477
65.8    70.83696181899138
66.8    70.79095730537566
67.8    70.74469308347189
68.8    70.6985561601067
69.8    70.65292800657606
70.8    70.6080009836709
71.8    70.56374549410884
72.8    70.51993118994349
73.9    70.4717696976669
75    70.42305702843399
76.1    70.37330261033952
77.2    70.32219879918972
78.3    70.2695967147192
79.4    70.21550637685749
80.6    70.15504655751192
81.8    70.09352924703005
83    70.03137731706502
84.2    69.96885435551162
85.4    69.9061981149689
86.6    69.8436498872451
87.9    69.77628725602162
89.2    69.7097597515033
90.5    69.64460469474838
91.8    69.58108222967181
93.1    69.51907234415997
94.5    69.45366346613866
95.9    69.38924158541411
97.3    69.32523947066113
98.7    69.26099381861997
100    69.20055276617423
102    69.10506285149489
104    69.0052962588353
106    68.90029837438854
108    68.78986097332479
110    68.6742618164342
112    68.5539645419822
114    68.42941718603515
116    68.30093625712259
118    68.16873308172188
120    68.03298855012845
122    67.89375289866317
124    67.7508248992894
126    67.60382805785943
128    67.45247239219592
130    67.29707119486562
132    67.13908826961789
134    66.98189048482446
136    66.8313125847113
138    66.69559497638514
140    66.58483936421104
142    66.50982204855751
144    66.480138766846
146    66.50193727392275
148    66.57608908944772
150    66.69741477785325
152    66.85537014175168
154    67.03597691709864
156    67.22418616826651
158    67.4060703466073
160    67.57045741886401
162    67.70962637398924
164    67.81924289416732
166    67.8977459205864
168    67.94569476430273
170    67.96521399625227
173    67.94842973772376
176    67.88795160544159
179    67.79658403383755
182    67.68545725007851
185    67.56333218422586
188    67.43657168655514
191    67.30943702031038
194    67.18447375917533
197    67.06299605498563
200    66.94551996188446
203    66.83221087740668
206    66.72313867238518
209    66.61822883111932
212    66.51712186085591
215    66.41918294088637
218    66.32355436111558
221    66.22929689463754
224    66.13557396837344
227    66.04175958170026
230    65.94747740086122
233    65.85256526920998
236    65.75698501119587
239    65.66075931800097
243    65.53156504824526
247    65.40157709824808
251    65.2709954213819
255    65.14010779118581
259    65.00926035013111
263    64.87883467427008
267    64.7492144606461
271    64.62074588766845
275    64.49375534605736
279    64.36853235736558
283    64.24515679351134
287    64.1235004161756
291    64.00340518658662
295    63.88475467754523
299    63.76748612499274
303    63.651545306646426
307    63.53680585598579
312    63.39470574237047
317    63.253422794283225
322    63.11212520639936
327    62.969972880719546
332    62.826282952717705
337    62.680773184208164
342    62.533559780348924
347    62.38489354946263
352    62.23520958942025
357    62.08534832821448
362    61.936724165336855
367    61.791473872436306
372    61.65251663301487
377    61.52352040985697
383    61.38778603013801
389    61.27965608060981
395    61.2051966874724
401    61.16844930724331
407    61.17115123919072
413    61.21259811910815
419    61.28955258831806
425    61.39643206189092
431    61.52575356924917
437    61.66868816997508
443    61.81573502339353
449    61.95751725245589
456    62.105284426064635
463    62.22469682763095
470    62.31034850160462
477    62.36150262226152
484    62.381276591667216
491    62.3754808494458
498    62.35117927940787
505    62.31532039072259
512    62.27394815051815
519    62.23167896920798
527    62.1862231578221
535    62.14634135837531
543    62.11291798739266
551    62.08549030374827
559    62.062897900315996
567    62.04375153282808
575    62.02666882980158
583    62.010495986828076
592    61.992363423405116
601    61.973416535908044
610    61.95286806482031
619    61.93021168756886
628    61.905314072257596
637    61.87813658353275
646    61.848538107980595
655    61.816335181217
665    61.7772865301951
675    61.73483553494911
685    61.69004701674651
695    61.64613567250224
705    61.609005473287425
715    61.58588926962514
725    61.58133694043114
736    61.5946910419934
747    61.61625579445077
758    61.63470871066026
769    61.64436596380904
780    61.64523239325298
791    61.64026722764402
803    61.632031203209905
815    61.623653046427314
827    61.6163843338809
839    61.61029604275355
851    61.604854768797956
863    61.599258716270796
876    61.59214943264816
889    61.58361874210668
902    61.574633322688655
915    61.56784475414385
928    61.56709618631551
942    61.577443388457695
956    61.60237143881045
970    61.642181473079376
984    61.69449106542609
998    61.755549232739774
1010    61.81206149066776
1020    61.86066738982642
1030    61.90988304541462
1050    62.00898781874859
1070    62.10862776102124
1090    62.209427391269685
1110    62.31308233289121
1130    62.4216612851711
1150    62.53845636354446
1170    62.66796418317392
1190    62.815212857977414
1210    62.98462866739062
1230    63.17961026595099
1250    63.40197087789221
1270    63.651144334783496
1290    63.92353944943923
1310    64.21249295422939
1330    64.50972790365108
1350    64.80689021811176
1370    65.0965414820813
1390    65.37302953553262
1410    65.63290173788235
1430    65.8745449668569
1450    66.09779318284636
1470    66.30373156729834
1490    66.49436367023583
1510    66.67214558847989
1530    66.83953081092582
1550    66.99862664884478
1570    67.15096378225677
1590    67.29748906977892
1610    67.4390799164805
1630    67.57713631361418
1650    67.7129977811866
1670    67.8474200158517
1690    67.98084066441058
1710    68.11374506954765
1730    68.24664431241341
1760    68.44669375484733
1790    68.64835063000402
1820    68.85237630495851
1850    69.05828889381985
1880    69.26479970893624
1910    69.4709126450539
1940    69.67593307396731
1970    69.87951761649168
2000    70.08139206367653
2030    70.28071225226353
2060    70.47558456148475
2090    70.66472931017245
2120    70.84730776395406
2150    71.02240352472907
2180    71.1887427729756
2210    71.34498615880847
2240    71.48994609991774
2270    71.62245673696049
2300    71.7417347780784
2330    71.84728449204974
2360    71.93850059699432
2390    72.0147678729331
2420    72.07579968390736
2460    72.13373636928016
2500    72.16591396868967
2540    72.17323209138777
2580    72.15709138059742
2620    72.11948447857597
2660    72.06268863181882
2700    71.98979984132902
2740    71.90365222572774
2780    71.80661844825123
2820    71.70139418017811
2860    71.59046547714107
2900    71.47608981190322
2940    71.36031286593703
2980    71.24452479606326
3020    71.12972006384116
3060    71.01716748407416
3100    70.90857347033956
3150    70.78097244542802
3200    70.6644461343768
3250    70.55994296702744
3300    70.46780345782638
3350    70.3892634377597
3400    70.32647349754515
3450    70.28052819400392
3500    70.2511273286327
3550    70.23839594236271
3600    70.24332339811644
3650    70.26707318161314
3700    70.3098824499906
3750    70.37142924673549
3800    70.45164500611828
3860    70.57316888026266
3920    70.72370711518062
3980    70.90452093590436
4040    71.11585790008465
4100    71.35856126368358
4160    71.63357535200944
4220    71.93849823104112
4280    72.26702785717741
4340    72.61198271422782
4400    72.96493157226283
4460    73.3164065047799
4520    73.65669448537597
4590    74.02596310689975
4660    74.3499095688019
4730    74.61211100802426
4800    74.79543715229076
4870    74.8834787320217
4940    74.86574411172693
5010    74.74119019814478
5080    74.51795529867152
5150    74.21105346555231
5220    73.83938482457359
5300    73.36223054372914
5380    72.85864789222813
5460    72.34935527742564
5540    71.84705690454199
5620    71.37272146450292
5700    70.96281146884482
5780    70.63844634397363
5860    70.37391137833995
5950    70.10530108341491
6040    69.87413423221858
6130    69.7046452660226
6220    69.60535849724084
6310    69.57437801957025
6400    69.60843467133753
6490    69.70639519644857
6580    69.86796223176273
6680    70.11857300291157
6780    70.435751187936
6880    70.80433262604289
6980    71.19454245055204
7080    71.55718255805579
7180    71.82539739714967
7280    71.9342627608358
7390    71.83170146213777
7500    71.50712233089155
7610    70.99573087775582
7720    70.34303351790429
7830    69.60212846288451
7940    68.8209610502675
8060    67.96414565578308
8180    67.13763550856007
8300    66.37957183964221
8420    65.71705506635983
8540    65.14943984559363
8660    64.66778251877729
8790    64.24153547662749
8920    63.9140656457794
9050    63.68206213966277
9180    63.54965928162636
9310    63.52929508198468
9450    63.64546265184904
9590    63.90900223621224
9730    64.32629093529094
9870    64.91119664883185
10010    65.6829406905849
10160    66.73410437162023
10310    67.98210474148988
10460    69.26327466594987
10610    70.31045807949863
10760    70.94127339842757
10920    71.19644959775432
11080    71.14758366658637
11240    70.73698250711524
11400    69.86843271951217
11570    68.6110808875421
11740    67.36846091815029
11910    66.37839118638223
12080    65.70657325665283
12260    65.3445631221337
12440    65.33416340155966
12620    65.67080149164954
12800    66.36486499747112
12990    67.489484327069
13180    68.9065970189546
13370    70.25000181642054
13560    70.94647508215718
13760    70.56354978938137
13960    69.22630235493132
14160    67.54369664358487
14370    65.95854702536212
14580    64.73509687387433
14790    63.60465127649108
15010    61.584255098793605
15230    58.37954665753516
15450    56.20876482996613
15670    56.20637349046379
15900    56.405612911328845
16130    55.75979815373362
16360    55.43467351397156
16600    56.11039699025842
16840    57.32695793765143
17080    58.74767865893023
17330    60.20367126935186
17580    61.36418225987086
17840    62.19924946866816
18100    62.94862100335064
18360    63.872391118093894
18630    64.64718279616542
18900    64.28439096425512
19170    62.42717747392692
19450    59.785510358457344
19730    57.41833201415622
20000    56.11082944685349
