20    71.7765
20.3    71.78700002833324
20.6    71.7955
20.9    71.804
21.2    71.81249997166677
21.5    71.82275000937503
21.8    71.83400003999981
22.1    71.84562500000001
22.4    71.85650000000001
22.7    71.86349997666674
23    71.8665
23.3    71.86449998333339
23.6    71.8595
23.9    71.85275
24.2    71.84683332111106
24.6    71.84275000374998
25    71.84100000000001
25.4    71.8395
25.8    71.83599998750006
26.2    71.83100001249994
26.6    71.82887500000001
27    71.83183332722224
27.4    71.84049998749997
27.8    71.84825
28.2    71.848
28.6    71.8391
29    71.8215
29.4    71.79990000000001
29.8    71.78370000000001
30.2    71.77275
30.6    71.7663333422222
31    71.75750000625001
31.5    71.73599999999999
32    71.6985
32.5    71.65950000000001
33    71.6345
33.5    71.624
34    71.61500000000001
34.5    71.5935
35    71.56200000000001
35.5    71.533
36    71.51599999999999
36.5    71.5085
37    71.5015
37.5    71.4905
38    71.4733571673469
38.6    71.44810004600001
39.2    71.41725001968753
39.8    71.3877
40.4    71.36549995666653
41    71.34733333333332
41.6    71.32716665472219
42.2    71.30342855367348
42.8    71.2772499541665
43.4    71.24799997416679
44    71.21750007142847
44.6    71.18750006666689
45.2    71.15690000000001
45.9    71.11985717306118
46.6    71.08633331861105
47.3    71.0553571302041
48    71.01900003928566
48.7    70.980000056
49.4    70.94800009142844
50.1    70.91699999312499
50.8    70.87849994214294
51.5    70.838
52.2    70.80250005071422
53    70.7615
53.8    70.71749995500006
54.6    70.68207143418367
55.4    70.64875003656255
56.2    70.60810000000001
57    70.5625
57.8    70.5205
58.6    70.4773
59.5    70.42599999999999
60.4    70.37274997031247
61.3    70.32007141204085
62.2    70.26500006214278
63.1    70.2071
64    70.1585
64.9    70.1054
65.8    70.0423
66.8    69.9864
67.8    69.9372
68.8    69.8759
69.8    69.8058
70.8    69.73310000000001
71.8    69.6637
72.8    69.5988
73.9    69.5311
75    69.463
76.1    69.39608316604125
77.2    69.33038457411251
78.3    69.2620385779879
79.4    69.19200009625024
80.6    69.11549990499975
81.8    69.0373460457399
83    68.95703853875722
84.2    68.87666680083368
85.4    68.7968332679165
86.6    68.71649985461572
87.9    68.6249
89.2    68.53813333333332
90.5    68.44945823697893
91.8    68.35096141855058
93.1    68.2556154847335
94.5    68.15541675520856
95.9    68.05474983687459
97.3    67.95134611958588
98.7    67.849730969467
100    67.755
102    67.60783333333333
104    67.45992867653047
106    67.3125
108    67.17283333333333
110    67.0372499171874
112    66.8965
114    66.76100016250041
116    66.63190900351228
118    66.506
120    66.38369221360938
122    66.2575
124    66.14940465895683
126    66.045
128    65.97649999999999
130    65.90307142857142
132    65.838
134    65.791
136    65.7325
138    65.674
140    65.6225
142    65.57683333333333
144    65.54275
146    65.53030000000001
148    65.5335
150    65.5535
152    65.6003
154    65.6708
156    65.7556
158    65.85040000000001
160    65.95599999999999
162    66.1272
164    66.311
166    66.49860000000001
168    66.6794
170    66.84100000000001
173    67.01440000000001
176    67.1206
179    67.14070000000001
182    67.0967
185    67.015
188    66.8982
191    66.7736
194    66.6446
197    66.5052
200    66.36449999999999
203    66.227
206    66.092
209    65.96
212    65.83500000000001
215    65.71725
218    65.601
221    65.48962499999999
224    65.37899999999999
227    65.276
230    65.174
233    65.07
236    64.96950000000001
239    64.879875
243    64.76050000000001
247    64.64150000000001
251    64.525375
255    64.41225
259    64.295375
263    64.17699999999999
267    64.06475
271    63.94416666666666
275    63.82575
279    63.70875
283    63.5934
287    63.4794
291    63.3673
295    63.2585
299    63.1533
303    63.049375
307    62.948
312    62.824
317    62.7049
322    62.5921
327    62.481899999999996
332    62.375699999999995
337    62.2759
342    62.1824
347    62.0938
352    62.007999999999996
357    61.9233
362    61.8331
367    61.737
372    61.637
377    61.53557142857143
383    61.411100000000005
389    61.289375
395    61.175
401    61.062333333333335
407    60.964333333333336
413    60.879999999999995
419    60.814571428571426
425    60.751999999999995
431    60.7155
437    60.697
443    60.69271428571429
449    60.696583333333336
456    60.730000000000004
463    60.79591666666667
470    60.88321428571429
477    60.98421428571429
484    61.0991
491    61.22078571428571
498    61.33166666666666
505    61.429
512    61.512928571428574
519    61.5775
527    61.6293125
535    61.6688125
543    61.705714285714286
551    61.73985714285714
559    61.776375
567    61.813900000000004
575    61.85525
583    61.8993
592    61.9506
601    62.004875
610    62.056714285714285
619    62.1035
628    62.1455
637    62.185649999999995
646    62.22239999999999
655    62.256249999999994
665    62.29075
675    62.32225
685    62.3495
695    62.37375
705    62.399499999999996
715    62.426500000000004
725    62.45625
736    62.4947
747    62.5382
758    62.587500000000006
769    62.641807692307694
780    62.69980769230769
791    62.76075
803    62.829750000000004
815    62.89996153846154
827    62.9761923076923
839    63.065124999999995
851    63.16245833333333
863    63.25765384615384
876    63.3571
889    63.45643333333334
902    63.55716666666667
915    63.65938461538462
928    63.76369230769231
942    63.879666666666665
956    63.9985
970    64.11953846153845
984    64.2433076923077
998    64.36941666666667
1010    64.47783333333334
1020    64.56783333333334
1030    64.6575
1050    64.839125
1070    65.02666666666667
1090    65.22200000000001
1110    65.4135
1130    65.5935
1150    65.7635
1170    65.92122727272726
1190    66.06707692307693
1210    66.20728571428572
1230    66.34288095238097
1250    66.4785
1270    66.6175
1290    66.76564285714285
1310    66.91992857142857
1330    67.083
1350    67.25450000000001
1370    67.4325
1390    67.61475
1410    67.79766666666666
1430    67.98
1450    68.1605
1470    68.33850000000001
1490    68.51169999999999
1510    68.6765
1530    68.8295
1550    68.9675
1570    69.0727
1590    69.1464
1610    69.1852
1630    69.18950000000001
1650    69.1635
1670    69.1243
1690    69.10849999999999
1710    69.1353
1730    69.2167
1760    69.4589
1790    69.79339999999999
1820    70.17420000000001
1850    70.566
1880    70.94969999999999
1910    71.3175
1940    71.6655
1970    71.9913
2000    72.2945
2030    72.5715
2060    72.82249999999999
2090    73.045
2120    73.2405
2150    73.39962500000001
2180    73.5365
2210    73.631
2240    73.7045
2270    73.742
2300    73.7495
2330    73.73
2360    73.685
2390    73.61375
2420    73.52733333333333
2460    73.38275000000002
2500    73.2175
2540    73.03049999999999
2580    72.834
2620    72.6335
2660    72.429875
2700    72.226
2740    72.02625
2780    71.831
2820    71.6425
2860    71.4614
2900    71.289
2940    71.1294
2980    70.9779
3020    70.83475
3060    70.70133333333334
3100    70.57975
3150    70.445
3200    70.3285
3250    70.2325
3300    70.1575
3350    70.102
3400    70.066
3450    70.0505
3500    70.053
3550    70.076
3600    70.118
3650    70.17949999999999
3700    70.26150000000001
3750    70.36500000000001
3800    70.49785714285714
3860    70.68220000000001
3920    70.91625
3980    71.1789
4040    71.4845
4100    71.82266666666666
4160    72.19233333333334
4220    72.59471428571429
4280    73.0215
4340    73.471
4400    73.93407142857143
4460    74.40133333333333
4520    74.8648
4590    75.37678571428572
4660    75.838
4730    76.19664285714285
4800    76.41942857142857
4870    76.493
4940    76.366
5010    76.05850000000001
5080    75.62450000000001
5150    75.07249999999999
5220    74.445
5300    73.6675
5380    72.869
5460    72.18464285714286
5540    71.820125
5620    71.61689999999999
5700    71.3005
5780    70.85849999999999
5860    70.4474
5950    70.053
6040    69.745
6130    69.52385714285714
6220    69.3735
6310    69.29695
6400    69.27850000000001
6490    69.328
6580    69.4323
6680    69.60820000000001
6780    69.844
6880    70.13550000000001
6980    70.4748
7080    70.8385
7180    71.18440000000001
7280    71.4497
7390    71.5863
7500    71.53450000000001
7610    71.2925
7720    70.90703846153846
7830    70.42046153846155
7940    69.8655
8060    69.21350000000001
8180    68.54911538461539
8300    67.90038461538461
8420    67.29066666666665
8540    66.744
8660    66.27538461538461
8790    65.8612
8920    65.57336666666666
9050    65.38479166666667
9180    65.32892307692308
9310    65.39788461538461
9450    65.62058333333333
9590    66.00649999999999
9730    66.5543846153846
9870    67.23423076923078
10010    67.97443333333334
10160    68.68676666666667
10310    69.18835714285714
10460    69.49531250000001
10610    69.65366666666667
10760    69.62016666666668
10920    69.36575
11080    68.97335714285714
11240    68.38772222222222
11400    67.58616666666666
11570    66.58036363636363
11740    65.61212499999999
11910    64.95003846153847
12080    64.40971428571429
12260    64.19728571428571
12440    64.20916666666668
12620    64.5627
12800    65.2005
12990    66.2493
13180    67.299
13370    68.10615
13560    68.3382
13760    68.0251
13960    67.24799999999999
14160    65.96486666666667
14370    64.46745
14580    62.88426
14790    61.31336
15010    59.746379999999995
15230    57.917739999999995
15450    56.4191
15670    57.06962
15900    57.846000000000004
16130    58.41588
16360    58.6665
16600    58.280699999999996
16840    57.339299999999994
17080    56.09386
17330    55.363060000000004
17580    55.2332
17840    55.05576
18100    54.4808
18360    53.27824
18630    51.49172
18900    49.7168
19170    48.259739999999994
19450    46.7127
19730    44.7143
20000    44.5655
