20    62.3155
20.3    62.37450019166603
20.6    62.432
20.9    62.4865
21.2    62.53799982833391
21.5    62.5855000387501
21.8    62.632000152499245
22.1    62.677375
22.4    62.721999999999994
22.7    62.76449985833381
23    62.804500000000004
23.3    62.84100011166629
23.6    62.8745
23.9    62.90712499999999
24.2    62.941000076666924
24.6    62.99074993625032
25    63.04600000000001
25.4    63.104
25.8    63.158500116249414
26.2    63.20499988375058
26.6    63.2435
27    63.27933330388899
27.4    63.31599995249988
27.8    63.35475
28.2    63.3935
28.6    63.4305
29    63.4645
29.4    63.4953
29.8    63.525800000000004
30.2    63.55625
30.6    63.58683328222239
31    63.61662498156245
31.5    63.6525
32    63.686
32.5    63.718999999999994
33    63.751999999999995
33.5    63.7835
34    63.814
34.5    63.8435
35    63.872
35.5    63.900000000000006
36    63.927499999999995
36.5    63.955
37    63.9815
37.5    64.007
38    64.03021425255108
38.6    64.057499955
39.2    64.08512498265623
39.8    64.11189999999999
40.4    64.13650005333352
41    64.1585
41.6    64.17883334444448
42.2    64.19978572959181
42.8    64.22125003583345
43.4    64.24100001499993
44    64.25942852653068
44.6    64.27916661888874
45.2    64.30109999999999
45.9    64.32507141061227
46.6    64.34650001000003
47.3    64.37500001285713
48    64.41221424540822
48.7    64.445499956
49.4    64.45549997142862
50.1    64.45631250101562
50.8    64.46200000642855
51.5    64.4665
52.2    64.469999995
53    64.4945
53.8    64.51799998571431
54.6    64.50750000071429
55.4    64.51499996062495
56.2    64.5554
57    64.59100000000001
57.8    64.5946
58.6    64.6072
59.5    64.61775
60.4    64.6225000025
61.3    64.63235714734694
62.2    64.64149999142859
63.1    64.643
64    64.65199999999999
64.9    64.66415
65.8    64.6707
66.8    64.67759999999998
67.8    64.68299999999999
68.8    64.6872
69.8    64.6892
70.8    64.69030000000001
71.8    64.69130000000001
72.8    64.6931
73.9    64.69395
75    64.696
76.1    64.69829167239584
77.2    64.6985
78.3    64.6994230747929
79.4    64.69850000375001
80.6    64.697250000625
81.8    64.69565384118344
83    64.69196154201182
84.2    64.68733334416669
85.4    64.6801666595833
86.6    64.67080767313615
87.9    64.6591
89.2    64.64840000000001
90.5    64.63720832135414
91.8    64.62403844414206
93.1    64.61050001384612
94.5    64.59562501406253
95.9    64.58024997562495
97.3    64.56515384118345
98.7    64.54869234070998
100    64.53
102    64.51749999999998
104    64.50192858367345
106    64.49199999999999
108    64.4805
110    64.46918749335937
112    64.45750000000001
114    64.4359166927084
116    64.41049997954542
118    64.37950000000001
120    64.34757689852069
122    64.3075
124    64.27083329841267
126    64.2295
128    64.188
130    64.15285714285714
132    64.1195
134    64.0955
136    64.069
138    64.04599999999999
140    64.02
142    63.98533333333334
144    63.94375
146    63.9075
148    63.8862
150    63.873
152    63.868199999999995
154    63.8835
156    63.9217
158    63.9824
160    64.062
162    64.146
164    64.215
166    64.259
168    64.2727
170    64.2555
173    64.1896
176    64.1186
179    64.0745
182    64.08529999999999
185    64.166
188    64.33250000000001
191    64.5575
194    64.82060000000001
197    65.0846
200    65.3315
203    65.5395
206    65.69800000000001
209    65.804
212    65.863
215    65.88175
218    65.8765
221    65.83425
224    65.7795
227    65.7115
230    65.636
233    65.554
236    65.47200000000001
239    65.39025000000001
243    65.28
247    65.174
251    65.07412500000001
255    64.978
259    64.887
263    64.7995
267    64.71475000000001
271    64.633
275    64.55487500000001
279    64.48037500000001
283    64.4092
287    64.3408
291    64.27430000000001
295    64.2075
299    64.1419
303    64.07675
307    64.0115
312    63.925875000000005
317    63.8411
322    63.756
327    63.668099999999995
332    63.58
337    63.4919
342    63.4049
347    63.3193
352    63.230500000000006
357    63.1407
362    63.052
367    62.9643
372    62.8745
377    62.78328571428571
383    62.6772
389    62.57725
395    62.479
401    62.40058333333333
407    62.34183333333334
413    62.30666666666667
419    62.30207142857142
425    62.329499999999996
431    62.3985
437    62.504000000000005
443    62.641999999999996
449    62.80083333333333
456    63.00385714285714
463    63.2155
470    63.416714285714285
477    63.59628571428571
484    63.7469
491    63.86157142857142
498    63.94883333333333
505    64.0089375
512    64.05228571428572
519    64.08264285714286
527    64.1093125
535    64.1350625
543    64.16321428571429
551    64.19664285714286
559    64.233375
567    64.27615
575    64.32300000000001
583    64.37375
592    64.4349
601    64.4970625
610    64.5552857142857
619    64.60857142857142
628    64.657375
637    64.7037
646    64.7478
655    64.7915
665    64.84025
675    64.88825
685    64.93525
695    64.9825
705    65.03125
715    65.08125
725    65.13250000000001
736    65.1921
747    65.2565
758    65.32616666666667
769    65.3993846153846
780    65.47576923076923
791    65.554875
803    65.64275
815    65.73153846153846
827    65.81976923076923
839    65.9085
851    65.99841666666666
863    66.08726923076924
876    66.18175
889    66.27593333333334
902    66.36991666666665
915    66.46346153846153
928    66.55634615384615
942    66.65583333333333
956    66.75475
970    66.85176923076924
984    66.94588461538461
998    67.03791666666666
1010    67.114
1020    67.17516666666667
1030    67.2345
1050    67.34643750000001
1070    67.45083333333334
1090    67.5455
1110    67.63035714285715
1130    67.70527777777778
1150    67.771
1170    67.82736363636363
1190    67.87784615384615
1210    67.92428571428572
1230    67.965
1250    68.00450000000001
1270    68.04216666666666
1290    68.0815
1310    68.1235
1330    68.1705
1350    68.2205
1370    68.27275
1390    68.32825
1410    68.38766666666666
1430    68.44900000000001
1450    68.514
1470    68.58160000000001
1490    68.6534
1510    68.7306
1530    68.8137
1550    68.9025
1570    68.9985
1590    69.09870000000001
1610    69.2047
1630    69.3181
1650    69.4405
1670    69.5769
1690    69.72319999999999
1710    69.8784
1730    70.0424
1760    70.3074
1790    70.587
1820    70.8764
1850    71.1695
1880    71.45609999999999
1910    71.7271
1940    71.9737
1970    72.1855
2000    72.352
2030    72.4605
2060    72.515
2090    72.51750000000001
2120    72.47149999999999
2150    72.38325
2180    72.27449999999999
2210    72.13650000000001
2240    71.98949999999999
2270    71.8335
2300    71.6775
2330    71.52449999999999
2360    71.3785
2390    71.24275
2420    71.1155
2460    70.966125
2500    70.83449999999999
2540    70.726
2580    70.642
2620    70.5805
2660    70.544125
2700    70.52483333333333
2740    70.5265
2780    70.54675
2820    70.5864
2860    70.6402
2900    70.709
2940    70.79660000000001
2980    70.8965
3020    71.00800000000001
3060    71.13116666666667
3100    71.267625
3150    71.4555
3200    71.65950000000001
3250    71.8775
3300    72.107
3350    72.34700000000001
3400    72.593
3450    72.84299999999999
3500    73.08949999999999
3550    73.325
3600    73.545
3650    73.74549999999999
3700    73.917
3750    74.05799999999999
3800    74.1597857142857
3860    74.2585
3920    74.321125
3980    74.3734
4040    74.42366666666666
4100    74.48566666666667
4160    74.56766666666667
4220    74.67092857142856
4280    74.793
4340    74.93549999999999
4400    75.09564285714286
4460    75.26983333333334
4520    75.4563
4590    75.68257142857142
4660    75.90783333333333
4730    76.1215
4800    76.31435714285715
4870    76.477
4940    76.58600000000001
5010    76.6196875
5080    76.5825
5150    76.455
5220    76.244
5300    75.9125
5380    75.512
5460    75.071
5540    74.61949999999999
5620    74.1728
5700    73.73599999999999
5780    73.3084
5860    72.87270000000001
5950    72.3595
6040    71.79325
6130    71.11742857142858
6220    70.2575
6310    69.11995
6400    67.81
6490    66.7156
6580    67.072
6680    68.9679
6780    70.54920000000001
6880    70.90270000000001
6980    70.5052
7080    70.0735
7180    69.7887
7280    69.5868
7390    69.40725
7500    69.2465
7610    69.06041666666667
7720    68.82426923076923
7830    68.5505
7940    68.251
8060    67.90625
8180    67.55423076923077
8300    67.2083846153846
8420    66.88516666666666
8540    66.59733333333334
8660    66.33976923076924
8790    66.0742
8920    65.78456666666666
9050    65.461125
9180    65.06992307692308
9310    64.55423076923077
9450    63.81570833333333
9590    62.8935
9730    61.848076923076924
9870    60.75953846153846
10010    59.62976666666667
10160    58.2983
10310    56.870357142857145
10460    55.729625
10610    55.118233333333336
10760    54.979699999999994
10920    55.080625
11080    55.31371428571428
11240    55.596999999999994
11400    55.84225000000001
11570    55.71781818181818
11740    55.160375
11910    54.16490384615385
12080    53.351642857142856
12260    53.20578571428571
12440    53.18683333333333
12620    53.5573
12800    54.2885
12990    55.33051428571429
13180    56.3343
13370    56.8571
13560    56.9453
13760    56.867599999999996
13960    57.006299999999996
14160    56.16813333333334
14370    53.830425000000005
14580    49.884780000000006
14790    47.8129
15010    48.57844
15230    51.74512
15450    54.2782
15670    55.37602
15900    55.0351
16130    53.330659999999995
16360    50.79392
16600    47.6622
16840    44.24892
17080    41.042199999999994
17330    38.05736
17580    35.470060000000004
17840    33.50224
18100    32.1126
18360    31.19088
18630    31.167499999999997
18900    32.4512
19170    33.23374
19450    31.2335
19730    28.07538
20000    27.8455
