20    71.94399999999999
20.3    71.95550003166656
20.6    71.965
20.9    71.973
21.2    71.97999997666673
21.5    71.98600000375001
21.8    71.99050001249994
22.1    71.99362500000001
22.4    71.99549999999999
22.7    71.99599999833333
23    71.99600000000001
23.3    71.99599999666668
23.6    71.995
23.9    71.99350000000001
24.2    71.99066665888887
24.6    71.98312501062495
25    71.973
25.4    71.962
25.8    71.95449999250003
26.2    71.95150000749996
26.6    71.950125
27    71.94516667444441
27.4    71.93275001937505
27.8    71.91499999999999
28.2    71.8948
28.6    71.8752
29    71.858
29.4    71.842
29.8    71.8227
30.2    71.79875
30.6    71.76866672111093
31    71.73350002250007
31.5    71.687
32    71.6455
32.5    71.622
33    71.62450000000001
33.5    71.64750000000001
34    71.668
34.5    71.6665
35    71.64
35.5    71.604
36    71.576
36.5    71.554
37    71.525
37.5    71.483
38    71.43692863724479
38.6    71.388100076
39.2    71.34362502765629
39.8    71.2963
40.4    71.25283324444415
41    71.22383333333333
41.6    71.1966666505555
42.2    71.15499996571434
42.8    71.11199993666645
43.4    71.08724999041672
44    71.0755000285714
44.6    71.0540000900003
45.2    71.0084
45.9    70.94650004857135
46.6    70.89466664472215
47.3    70.85614284265307
48    70.82421431683669
48.7    70.78950005200001
49.4    70.74250013428552
50.1    70.70306249570312
50.8    70.67899998285716
51.5    70.667
52.2    70.65250002071426
53    70.617
53.8    70.56649993357152
54.6    70.51228572530611
55.4    70.44762506890633
56.2    70.3771
57    70.3155
57.8    70.2575
58.6    70.18780000000001
59.5    70.11125000000001
60.4    70.03749995749995
61.3    69.95671425897963
62.2    69.88250007928559
63.1    69.80995
64    69.724
64.9    69.62635
65.8    69.52590000000001
66.8    69.4635
67.8    69.36670000000001
68.8    69.24539999999999
69.8    69.18209999999999
70.8    69.0909
71.8    68.9845
72.8    68.88459999999999
73.9    68.8137
75    68.7895
76.1    68.79500001375003
77.2    68.76549997923081
78.3    68.68111555857948
79.4    68.61225005437512
80.6    68.58349998249996
81.8    68.55688456257408
83    68.51707696213009
84.2    68.47950005250013
85.4    68.44883330916662
86.6    68.42565382618348
87.9    68.4168
89.2    68.40856666666667
90.5    68.38658330104158
91.8    68.34565378464511
93.1    68.29523082408271
94.5    68.2447500406251
95.9    68.22812499906249
97.3    68.24196154431951
98.7    68.26342303325454
100    68.357
102    68.51783333333333
104    68.65978563673481
106    68.714
108    68.64816666666667
110    68.5679374417968
112    68.4735
114    68.38500013750036
116    68.27363628677676
118    68.15950000000001
120    68.0837307109467
122    68.015
124    67.97214281632648
126    67.90950000000001
128    67.8415
130    67.76407142857144
132    67.68299999999999
134    67.606
136    67.5205
138    67.438
140    67.3605
142    67.27916666666667
144    67.1985
146    67.1171
148    67.0349
150    66.9545
152    66.8685
154    66.787
156    66.7034
158    66.61600000000001
160    66.52799999999999
162    66.4356
164    66.3447
166    66.25569999999999
168    66.1671
170    66.0755
173    65.9415
176    65.81790000000001
179    65.7165
182    65.6397
185    65.58600000000001
188    65.5684
191    65.5806
194    65.6211
197    65.6831
200    65.7435
203    65.778
206    65.77850000000001
209    65.7465
212    65.68700000000001
215    65.610125
218    65.5295
221    65.441875
224    65.35300000000001
227    65.2655
230    65.17750000000001
233    65.09
236    65.005
239    64.922875
243    64.813
247    64.7045
251    64.5985
255    64.494625
259    64.391625
263    64.29066666666667
267    64.19300000000001
271    64.09866666666666
275    64.005
279    63.91137499999999
283    63.821099999999994
287    63.7341
291    63.649699999999996
295    63.566500000000005
299    63.4849
303    63.403
307    63.325500000000005
312    63.237875
317    63.15
322    63.0629
327    62.97839999999999
332    62.8959
337    62.8123
342    62.72970000000001
347    62.6499
352    62.5732
357    62.4984
362    62.4299
367    62.3697
372    62.3198
377    62.284142857142854
383    62.2584
389    62.26025
395    62.278999999999996
401    62.31941666666667
407    62.3705
413    62.42341666666667
419    62.4695
425    62.5085
431    62.5325
437    62.542
443    62.54542857142857
449    62.54475
456    62.544714285714285
463    62.54675
470    62.554500000000004
477    62.57078571428572
484    62.5939
491    62.62242857142857
498    62.65516666666667
505    62.6928125
512    62.736357142857145
519    62.787642857142856
527    62.8600625
535    62.9479375
543    63.04764285714286
551    63.15792857142857
559    63.2686875
567    63.37525
575    63.472
583    63.55855
592    63.644
601    63.716499999999996
610    63.774
619    63.82657142857143
628    63.878
637    63.9329
646    63.990199999999994
655    64.0455
665    64.103
675    64.1565
685    64.2045
695    64.24825
705    64.2895
715    64.32575
725    64.35925
736    64.3966
747    64.43625
758    64.47683333333333
769    64.52111538461538
780    64.56842307692307
791    64.617375
803    64.673625
815    64.73146153846153
827    64.78807692307691
839    64.84904166666666
851    64.91524999999999
863    64.97853846153845
876    65.05075
889    65.12663333333333
902    65.20583333333333
915    65.28973076923077
928    65.37615384615384
942    65.47366666666667
956    65.57475
970    65.67819230769231
984    65.78369230769232
998    65.89191666666667
1010    65.98783333333333
1020    66.06966666666666
1030    66.15299999999999
1050    66.31956249999999
1070    66.48599999999999
1090    66.6455
1110    66.79885714285714
1130    66.93988888888889
1150    67.064
1170    67.16854545454547
1190    67.25042307692308
1210    67.31192857142857
1230    67.32252380952382
1250    67.29499999999999
1270    67.21033333333332
1290    67.12571428571428
1310    67.05714285714285
1330    67.04275
1350    67.0875
1370    67.1805
1390    67.30425
1410    67.44333333333333
1430    67.58699999999999
1450    67.7315
1470    67.8707
1490    68.00540000000001
1510    68.13380000000001
1530    68.25379999999998
1550    68.363
1570    68.453
1590    68.52590000000001
1610    68.5827
1630    68.6259
1650    68.65950000000001
1670    68.68549999999999
1690    68.71119999999999
1710    68.7398
1730    68.77510000000001
1760    68.84909999999999
1790    68.937
1820    69.03200000000001
1850    69.1285
1880    69.223
1910    69.3128
1940    69.4022
1970    69.4972
2000    69.60849999999999
2030    69.75399999999999
2060    69.947
2090    70.1815
2120    70.4255
2150    70.628875
2180    70.79650000000001
2210    70.88925
2240    70.9485
2270    70.964
2300    70.9625
2330    70.96350000000001
2360    70.96799999999999
2390    70.97512499999999
2420    70.99283333333332
2460    71.03575000000001
2500    71.07900000000001
2540    71.10499999999999
2580    71.09899999999999
2620    71.0305
2660    70.89375000000001
2700    70.738
2740    70.6155
2780    70.53325
2820    70.4717
2860    70.40440000000001
2900    70.30799999999999
2940    70.1216
2980    69.8683
3020    69.586
3060    69.32149999999999
3100    69.133625
3150    68.997
3200    68.976
3250    69.05449999999999
3300    69.189
3350    69.3235
3400    69.42699999999999
3450    69.4865
3500    69.504
3550    69.479
3600    69.4315
3650    69.406
3700    69.419
3750    69.4505
3800    69.47514285714286
3860    69.4938
3920    69.4925625
3980    69.48240000000001
4040    69.47466666666666
4100    69.50216666666667
4160    69.56583333333333
4220    69.6245
4280    69.65599999999999
4340    69.67575
4400    69.70771428571429
4460    69.72683333333333
4520    69.70750000000001
4590    69.72057142857143
4660    69.81983333333335
4730    69.98414285714286
4800    70.13685714285714
4870    70.227
4940    70.2195
5010    70.1918125
5080    70.18350000000001
5150    70.172
5220    70.15299999999999
5300    70.18299999999999
5380    70.261
5460    70.32757142857142
5540    70.297
5620    70.1914
5700    70.10499999999999
5780    70.1982
5860    70.3433
5950    70.494
6040    70.58275
6130    70.60342857142857
6220    70.6135
6310    70.6572
6400    70.7085
6490    70.75215
6580    70.8286
6680    71.0077
6780    71.29919999999998
6880    71.65959999999998
6980    72.03479999999999
7080    72.3844
7180    72.69140000000002
7280    72.9298
7390    73.06899999999999
7500    73.03999999999999
7610    72.83558333333335
7720    72.54084615384616
7830    72.32907692307693
7940    72.262
8060    72.17025
8180    71.72830769230768
8300    71.0078076923077
8420    70.30316666666667
8540    69.79683333333332
8660    69.31303846153845
8790    68.6754
8920    68.0521
9050    67.52508333333333
9180    67.18757692307692
9310    67.04623076923076
9450    67.08266666666667
9590    67.28999999999999
9730    67.66788461538462
9870    68.18388461538461
10010    68.7964
10160    69.49726666666668
10310    70.15135714285715
10460    70.62956249999999
10610    70.83593333333333
10760    70.581
10920    69.71381249999999
11080    68.45328571428571
11240    66.8608888888889
11400    65.08225
11570    64.37893181818183
11740    64.528375
11910    63.76940384615385
12080    62.68042857142858
12260    61.83985714285714
12440    63.051833333333335
12620    65.1791
12800    66.4445
12990    67.18902857142857
13180    67.9057
13370    68.34077500000001
13560    68.493
13760    68.3321
13960    67.9141
14160    67.39113333333333
14370    66.873425
14580    66.52042
14790    66.31028
15010    66.20916
15230    66.14668
15450    65.9906
15670    65.56676
15900    64.6257
16130    63.02932
16360    60.967
16600    58.637
16840    56.20652
17080    53.812439999999995
17330    52.098060000000004
17580    51.6707
17840    51.8327
18100    52.0051
18360    52.12116
18630    52.31606
18900    52.798100000000005
19170    53.605360000000005
19450    54.5876
19730    55.24532
20000    55.287
