
Frequency	dB	Unweighted
20	62.3
20.3	62.3
20.6	62.3
20.9	62.349999999999994
21.2	62.4
21.5	62.4
21.8	62.4
22.1	62.4
22.4	62.45
22.7	62.5
23	62.5
23.3	62.55
23.6	62.55
23.9	62.6
24.2	62.6
24.6	62.650000000000006
25.8	62.650000000000006
26.2	62.650000000000006
27	62.7
27.4	62.75
27.8	62.75
28.6	62.75
30.2	62.8
31	62.8
31.5	62.849999999999994
32.5	62.849999999999994
34.5	62.849999999999994
38	62.8
39.2	62.8
39.8	62.8
40.4	62.8
41	62.8
42.2	62.8
44	62.8
45.2	62.8
45.9	62.75
46.6	62.75
47.3	62.7
48	62.7
48.7	62.7
50.1	62.7
52.2	62.650000000000006
53.8	62.6
54.6	62.6
55.4	62.6
56.2	62.55
57	62.55
58.6	62.5
59.5	62.5
60.4	62.5
61.3	62.45
62.2	62.45
63.1	62.45
64	62.4
65.8	62.349999999999994
66.8	62.349999999999994
67.8	62.3
68.8	62.3
69.8	62.25
70.8	62.25
72.8	62.2
73.9	62.150000000000006
77.2	62.05
80.6	61.95
84.2	61.849999999999994
85.4	61.849999999999994
86.6	61.8
87.9	61.75
90.5	61.7
93.1	61.6
94.5	61.6
95.9	61.55
98.7	61.5
102	61.4
104	61.349999999999994
106	61.3
108	61.25
110	61.2
112	61.150000000000006
114	61.1
116	61.05
118	61.0
120	60.95
122	60.9
124	60.8
128	60.7
134	60.5
142	60.3
144	60.25
146	60.2
148	60.150000000000006
150	60.05
152	60.0
154	59.95
156	59.849999999999994
158	59.849999999999994
162	59.7
170	59.4
173	59.35
176	59.25
179	59.15
182	59.05
185	58.95
188	58.85
194	58.7
200	58.599999999999994
203	58.599999999999994
206	58.55
209	58.55
212	58.55
215	58.55
218	58.65
221	58.65
227	58.7
236	58.7
247	58.75
251	58.7
255	58.7
259	58.650000000000006
267	58.55
271	58.55
275	58.5
283	58.45
287	58.349999999999994
291	58.349999999999994
295	58.3
299	58.2
303	58.2
312	58.05
317	58.05
332	57.8
342	57.7
347	57.650000000000006
352	57.6
357	57.55
362	57.5
367	57.4
372	57.349999999999994
383	57.2
389	57.15
401	57.05
413	56.900000000000006
431	56.7
456	56.6
470	56.650000000000006
477	56.650000000000006
484	56.75
491	56.8
498	56.900000000000006
505	56.95
512	57.05
519	57.150000000000006
527	57.2
543	57.349999999999994
559	57.55
567	57.6
575	57.7
583	57.75
592	57.8
601	57.85
610	57.900000000000006
619	58.0
646	58.099999999999994
655	58.15
665	58.2
675	58.25
685	58.35
695	58.35
715	58.5
725	58.5
736	58.6
747	58.650000000000006
758	58.75
769	58.849999999999994
780	58.9
791	59.0
803	59.1
815	59.2
827	59.3
851	59.5
876	59.7
889	59.849999999999994
902	59.95
915	60.05
928	60.150000000000006
942	60.349999999999994
956	60.45
984	60.75
1020	61.1
1030	61.2
1050	61.45
1070	61.650000000000006
1090	61.849999999999994
1110	62.1
1130	62.3
1150	62.5
1170	62.7
1190	62.9
1210	63.1
1230	63.4
1250	63.6
1270	63.8
1290	64.0
1330	64.44999999999999
1350	64.69999999999999
1370	64.9
1410	65.30000000000001
1430	65.5
1450	65.69999999999999
1470	66.0
1490	66.19999999999999
1510	66.4
1530	66.6
1570	67.05
1590	67.25
1630	67.69999999999999
1650	67.9
1670	68.1
1710	68.5
1730	68.69999999999999
1760	68.95
1790	69.25
1820	69.55
1850	69.8
1880	70.05
1910	70.25
1940	70.45
1970	70.6
2000	70.69999999999999
2030	70.75
2060	70.75
2090	70.8
2120	70.7
2150	70.65
2180	70.55
2210	70.4
2240	70.3
2270	70.2
2300	70.15
2330	70.0
2360	69.9
2390	69.85
2420	69.75
2460	69.7
2500	69.6
2540	69.6
2580	69.55
2620	69.55
2660	69.6
2780	69.69999999999999
2860	69.75
2900	69.85
2940	69.94999999999999
2980	70.0
3020	70.1
3060	70.1
3100	70.2
3150	70.25
3200	70.3
3250	70.3
3300	70.2
3350	70.1
3400	69.9
3450	69.7
3500	69.4
3550	69.1
3600	68.7
3650	68.3
3700	67.9
3750	67.5
3800	67.05
3860	66.55
3920	66.15
3980	65.7
4040	65.35
4100	65.0
4160	64.8
4280	64.44999999999999
4340	64.35
4460	64.25
4520	64.35
4590	64.4
4660	64.5
4730	64.69999999999999
4800	64.85
4870	65.05
4940	65.35
5010	65.6
5150	66.2
5220	66.5
5300	66.9
5380	67.25
5460	67.65
5540	67.95
5620	68.30000000000001
5700	68.6
5780	68.85
5860	69.1
5950	69.35
6040	69.55
6130	69.65
6220	69.75
6310	69.80000000000001
6400	69.75
6490	69.65
6580	69.35
6680	68.8
6780	68.45
6880	68.7
6980	68.94999999999999
7080	68.95
7180	68.55000000000001
7280	68.0
7390	67.9
7500	68.2
7720	67.8
7830	67.4
7940	66.95
8060	66.45
8180	65.9
8300	65.30000000000001
8420	64.69999999999999
8540	64.05
8660	63.4
8790	62.7
8920	62.05
9050	61.4
9180	60.849999999999994
9310	60.349999999999994
9450	59.95
9590	59.55
9730	59.349999999999994
9870	59.150000000000006
10010	59.05
10160	59.0
10310	58.95
10460	58.8
10610	58.5
10760	58.15
10920	57.55
11080	56.7
11240	55.75
11400	54.75
11570	53.75
11740	52.75
11910	51.85
12080	50.95
12260	50.099999999999994
12440	49.25
12620	48.45
12800	47.85
12990	47.7
13180	47.7
13370	47.95
13560	48.2
13760	48.3
13960	48.150000000000006
14160	47.8
14370	47.25
14580	46.900000000000006
14790	46.85
15010	47.1
15230	47.2
15450	47.15
15670	47.05
15900	46.9
16130	46.45
16360	46.0
16600	45.65
16840	45.2
17080	44.400000000000006
17330	43.45
17580	42.5
17840	41.599999999999994
18100	40.65
18360	39.55
18630	38.25
18900	37.05
19170	35.95
19450	34.85
19730	33.7
20000	33.55
5080	65.9
2820	69.75
2700	69.6
1690	68.30000000000001
1310	64.19999999999999
1010	61.0
998	60.9
970	60.6
863	59.6
839	59.4
628	58.0
463	56.6
443	56.65
425	56.8
419	56.8
407	56.95
337	57.75
327	57.849999999999994
322	57.95
307	58.150000000000006
279	58.45
243	58.75
239	58.7
233	58.7
224	58.65
197	58.65
191	58.75
168	59.5
166	59.6
164	59.650000000000006
140	60.349999999999994
136	60.5
132	60.6
130	60.7
126	60.8
100	61.45
91.8	61.650000000000006
89.2	61.7
79.4	62.0
76.1	62.1
49.4	62.7
44.6	62.8
43.4	62.8
42.8	62.8
41.6	62.8
38.6	62.8
37.5	62.8
37	62.8
36	62.849999999999994
35	62.849999999999994
34	62.849999999999994
33.5	62.849999999999994
33	62.849999999999994
32	62.849999999999994
29.4	62.75
29	62.75
26.6	62.7
25.4	62.650000000000006
25	62.650000000000006
