
Frequency	dB	Unweighted
70.8	61.6
61.3	62.0
53.8	62.5
50.8	62.8
48.7	63.0
46.6	63.2
33.5	64.2
28.6	64.6
26.2	64.8
24.2	64.9
23.3	64.9
22.7	65.0
21.8	65.0
20.3	65.0
20.6	65.0
21.2	65.0
21.5	65.0
22.1	65.0
22.4	65.0
23	64.9
20.9	65.0
20	65.1
23.9	64.9
24.6	64.9
25.4	64.8
25.8	64.8
26.6	64.7
27.4	64.7
28.2	64.6
29	64.6
29.4	64.5
30.2	64.5
31	64.4
32	64.3
32.5	64.3
33	64.2
34.5	64.1
36	64.0
36.5	63.9
37	63.9
37.5	63.9
39.2	63.7
39.8	63.7
40.4	63.7
41	63.6
41.6	63.6
42.2	63.5
44	63.4
44.6	63.3
45.9	63.2
47.3	63.1
48	63.0
50.1	62.9
51.5	62.7
52.2	62.7
53	62.6
54.6	62.5
55.4	62.4
56.2	62.3
57	62.3
59.5	62.1
60.4	62.1
62.2	62.0
64	61.9
65.8	61.9
68.8	61.7
72.8	61.5
73.9	61.4
75	61.4
77.2	61.2
79.4	61.1
80.6	61.0
83	60.9
84.2	60.9
86.6	60.7
87.9	60.7
89.2	60.6
91.8	60.5
93.1	60.4
94.5	60.3
95.9	60.3
97.3	60.2
98.7	60.1
100	60.0
102	59.9
104	59.8
106	59.7
108	59.5
110	59.4
112	59.2
114	59.1
116	59.0
118	58.9
120	58.8
124	58.7
126	58.7
132	59.0
134	59.1
136	59.3
138	59.4
140	59.5
142	59.7
144	59.8
146	59.9
148	60.0
150	60.0
152	60.1
154	60.1
156	60.1
158	60.2
162	60.1
166	60.1
173	59.9
176	59.8
179	59.7
182	59.6
185	59.5
191	59.4
197	59.2
200	59.1
203	59.1
209	58.9
212	58.9
215	58.8
221	58.7
224	58.7
236	58.5
243	58.5
251	58.4
255	58.4
263	58.3
271	58.3
283	58.1
287	58.1
291	58.0
299	57.9
303	57.9
307	57.8
312	57.7
322	57.6
327	57.5
332	57.5
347	57.3
357	57.1
372	56.9
389	56.8
401	56.9
413	57.1
419	57.2
425	57.4
437	57.7
456	58.1
463	58.3
477	58.4
491	58.5
505	58.6
519	58.7
543	58.8
551	58.9
559	58.9
575	59.1
583	59.1
592	59.2
610	59.4
619	59.4
628	59.5
646	59.7
675	60.0
685	60.0
695	60.1
715	60.2
736	60.3
747	60.4
758	60.4
769	60.5
791	60.6
803	60.6
815	60.7
827	60.8
839	60.8
851	60.9
863	61.0
876	61.0
889	61.1
902	61.2
915	61.3
942	61.4
956	61.5
970	61.6
984	61.8
998	61.9
1010	62.0
1030	62.1
1050	62.2
1070	62.1
1090	62.1
1110	62.2
1170	62.8
1190	63.0
1210	63.1
1230	63.3
1250	63.4
1270	63.5
1310	63.8
1350	64.0
1370	64.1
1410	64.3
1430	64.5
1450	64.6
1490	64.8
1530	65.0
1550	65.1
1650	65.5
1690	65.7
1710	65.8
1820	66.3
1850	66.5
1940	66.9
2000	67.1
2030	67.3
2060	67.4
2120	67.6
2240	68.1
2300	68.4
2330	68.5
2360	68.6
2420	68.8
2460	68.9
2500	69.1
2580	69.3
2620	69.4
2660	69.5
2700	69.6
2740	69.7
2860	70.0
2940	70.1
3020	70.2
3060	70.3
3100	70.3
3200	70.4
3250	70.4
3300	70.4
3400	70.4
3450	70.4
3500	70.4
3550	70.4
3600	70.3
3650	70.3
3750	70.2
3800	70.1
3860	70.1
3920	70.0
4040	69.9
4220	69.7
4340	69.4
4400	69.3
4460	69.0
4520	68.8
4590	68.5
4730	68.0
4800	67.8
4870	67.6
5010	67.2
5080	67.0
5300	66.4
5380	66.3
5460	66.2
5540	66.1
5620	66.0
5700	65.9
5780	65.9
5860	65.8
5950	65.7
6130	65.6
6310	65.7
6490	65.7
6880	66.1
7080	66.2
7180	66.2
7390	66.1
7610	65.5
7830	64.7
7940	64.1
8060	63.5
8180	62.9
8300	62.3
8420	61.6
8660	60.4
8920	59.2
9050	58.6
9180	58.1
9310	57.7
9450	57.5
9590	57.5
9730	57.9
9870	58.9
10010	60.2
10160	61.8
10310	63.2
10460	64.4
10610	65.3
10760	66.1
10920	67.1
11080	68.2
11240	69.3
11400	70.3
11570	70.6
11740	70.2
11910	69.0
12080	67.5
12260	65.9
12440	64.5
12620	63.3
12800	62.4
12990	61.6
13180	61.0
13370	60.6
13560	60.3
13760	60.1
13960	60.0
14370	59.9
14580	59.6
14790	59.2
15010	58.7
15230	58.0
15450	57.3
15900	55.7
16130	54.8
16360	54.1
16840	53.0
17080	52.2
17330	51.2
17580	50.1
17840	48.9
18100	47.7
18360	46.6
18630	45.6
18900	44.8
19170	44.0
19450	43.2
19730	42.8
20000	42.8
8540	61.0
7720	65.1
7500	65.8
6980	66.1
6680	65.9
6580	65.8
6220	65.6
6040	65.7
5220	66.6
5150	66.8
4660	68.3
4280	69.6
4160	69.8
4100	69.9
3980	70.0
3700	70.2
3350	70.4
3150	70.4
2980	70.2
2900	70.1
2820	69.9
2540	69.2
2390	68.7
2270	68.3
2210	68.0
2150	67.8
2090	67.5
1910	66.7
1880	66.6
1790	66.2
1760	66.0
1730	65.9
1630	65.4
1610	65.3
1510	64.9
1390	64.2
1290	63.6
1150	62.6
1130	62.4
1020	62.1
928	61.3
665	59.9
655	59.8
601	59.3
567	59.0
535	58.7
498	58.6
449	58.0
443	57.9
431	57.5
407	57.0
395	56.8
383	56.8
377	56.9
367	57.0
362	57.1
337	57.4
317	57.7
275	58.2
267	58.3
247	58.4
233	58.5
227	58.6
206	59.0
188	59.4
170	60.0
164	60.1
130	58.9
128	58.8
90.5	60.5
85.4	60.8
81.8	61.0
78.3	61.2
76.1	61.3
71.8	61.6
69.8	61.7
67.8	61.8
66.8	61.8
64.9	61.9
58.6	62.2
49.4	62.9
45.2	63.3
43.4	63.4
38.6	63.8
35	64.1
34	64.2
31.5	64.4
30.6	64.4
29.8	64.5
27.8	64.7
27	64.7
25	64.8
23.6	64.9
undefined	65.1
35.5	64.0
42.8	63.5
57.8	62.2
63.1	62.0
122	58.7
194	59.3
239	58.5
342	57.3
470	58.4
484	58.5
512	58.6
705	60.2
725	60.3
1470	64.7
1570	65.2
1590	65.2
2180	67.9
2780	69.8
4940	67.4
6400	65.7
6780	66.0
7280	66.2
