
Frequency	dB	Unweighted
70.8	61.4
61.3	62.1
53.8	62.7
50.8	62.9
48.7	63.1
46.6	63.2
33.5	64.3
28.6	64.6
26.2	64.7
24.2	64.8
23.3	64.9
22.7	64.9
21.8	64.9
20.3	65.0
20.6	65.0
21.2	64.9
21.5	64.9
22.1	64.9
22.4	64.9
23	64.9
20.9	65.0
20	65.0
23.9	64.9
24.6	64.8
25.4	64.8
25.8	64.7
26.6	64.7
27.4	64.7
28.2	64.6
29	64.6
29.4	64.5
30.2	64.5
31	64.5
32	64.4
32.5	64.4
33	64.3
34.5	64.2
36	64.1
36.5	64.0
37	64.0
37.5	64.0
39.2	63.8
39.8	63.8
40.4	63.7
41	63.7
41.6	63.6
42.2	63.6
44	63.4
44.6	63.4
45.9	63.3
47.3	63.2
48	63.1
50.1	63.0
51.5	62.8
52.2	62.8
53	62.7
54.6	62.6
55.4	62.6
56.2	62.5
57	62.4
59.5	62.2
60.4	62.2
62.2	62.0
64	61.9
65.8	61.8
68.8	61.5
72.8	61.2
73.9	61.1
75	61.0
77.2	60.9
79.4	60.7
80.6	60.6
83	60.4
84.2	60.3
86.6	60.2
87.9	60.1
89.2	60.0
91.8	59.8
93.1	59.7
94.5	59.7
95.9	59.5
97.3	59.4
98.7	59.3
100	59.2
102	59.0
104	58.8
106	58.6
108	58.5
110	58.5
112	58.6
114	58.8
116	59.1
118	59.4
120	59.8
124	60.5
126	60.8
132	61.1
134	61.2
136	61.1
138	61.1
140	61.0
142	60.9
144	60.9
146	60.8
148	60.7
150	60.6
152	60.5
154	60.5
156	60.4
158	60.3
162	60.2
166	60.1
173	60.0
176	59.9
179	59.9
182	59.8
185	59.8
191	59.6
197	59.5
200	59.4
203	59.4
209	59.2
212	59.2
215	59.1
221	59.0
224	59.0
236	58.9
243	58.8
251	58.7
255	58.6
263	58.5
271	58.4
283	58.3
287	58.3
291	58.2
299	58.1
303	58.1
307	58.0
312	57.9
322	57.8
327	57.7
332	57.7
347	57.4
357	57.3
372	57.1
389	56.9
401	57.0
413	57.1
419	57.2
425	57.4
437	57.7
456	58.1
463	58.2
477	58.4
491	58.6
505	58.7
519	58.8
543	59.0
551	59.1
559	59.2
575	59.4
583	59.6
592	59.7
610	59.8
619	59.9
628	59.9
646	60.0
675	60.1
685	60.1
695	60.1
715	60.2
736	60.2
747	60.3
758	60.3
769	60.3
791	60.5
803	60.5
815	60.6
827	60.6
839	60.7
851	60.8
863	60.9
876	60.9
889	61.0
902	61.1
915	61.2
942	61.4
956	61.5
970	61.6
984	61.7
998	61.8
1010	61.9
1030	62.0
1050	62.2
1070	62.3
1090	62.5
1110	62.7
1170	63.0
1190	63.2
1210	63.3
1230	63.4
1250	63.5
1270	63.6
1310	63.9
1350	64.1
1370	64.2
1410	64.4
1430	64.5
1450	64.6
1490	64.8
1530	65.0
1550	65.1
1650	65.6
1690	65.8
1710	65.9
1820	66.4
1850	66.5
1940	66.9
2000	67.1
2030	67.3
2060	67.4
2120	67.7
2240	68.1
2300	68.4
2330	68.5
2360	68.6
2420	68.8
2460	68.9
2500	69.0
2580	69.3
2620	69.4
2660	69.5
2700	69.6
2740	69.6
2860	69.8
2940	70.0
3020	70.1
3060	70.1
3100	70.2
3200	70.3
3250	70.3
3300	70.3
3400	70.3
3450	70.2
3500	70.2
3550	70.1
3600	70.1
3650	70.0
3750	69.9
3800	69.9
3860	69.8
3920	69.8
4040	69.7
4220	69.5
4340	69.3
4400	69.2
4460	69.1
4520	68.9
4590	68.7
4730	68.4
4800	68.3
4870	68.1
5010	67.9
5080	67.8
5300	67.5
5380	67.4
5460	67.3
5540	67.2
5620	67.1
5700	67.0
5780	67.0
5860	66.9
5950	67.0
6130	67.1
6310	67.1
6490	67.2
6880	67.2
7080	67.0
7180	66.9
7390	66.3
7610	65.4
7830	64.4
7940	63.8
8060	63.2
8180	62.5
8300	61.9
8420	61.3
8660	60.1
8920	58.9
9050	58.4
9180	58.0
9310	57.6
9450	57.4
9590	57.5
9730	57.8
9870	58.6
10010	59.8
10160	61.1
10310	62.4
10460	63.5
10610	64.4
10760	65.2
10920	66.1
11080	67.1
11240	68.2
11400	69.4
11570	70.6
11740	71.4
11910	71.4
12080	70.6
12260	69.1
12440	67.6
12620	66.2
12800	65.0
12990	64.1
13180	63.4
13370	62.9
13560	62.6
13760	62.3
13960	62.1
14370	61.3
14580	60.7
14790	59.9
15010	59.0
15230	58.1
15450	57.2
15900	55.6
16130	55.0
16360	54.4
16840	53.6
17080	53.0
17330	52.3
17580	51.4
17840	50.3
18100	49.1
18360	47.9
18630	46.8
18900	45.8
19170	45.2
19450	44.8
19730	44.3
20000	44.1
8540	60.7
7720	64.9
7500	65.9
6980	67.2
6680	67.2
6580	67.2
6220	67.1
6040	67.1
5220	67.6
5150	67.7
4660	68.6
4280	69.4
4160	69.6
4100	69.6
3980	69.7
3700	70.0
3350	70.3
3150	70.2
2980	70.0
2900	69.9
2820	69.8
2540	69.2
2390	68.7
2270	68.3
2210	68.0
2150	67.8
2090	67.5
1910	66.8
1880	66.6
1790	66.2
1760	66.1
1730	66.0
1630	65.5
1610	65.4
1510	64.9
1390	64.3
1290	63.7
1150	62.9
1130	62.8
1020	62.0
928	61.3
665	60.1
655	60.0
601	59.8
567	59.3
535	58.9
498	58.7
449	57.9
443	57.8
431	57.5
407	57.0
395	56.9
383	57.0
377	57.0
367	57.1
362	57.2
337	57.6
317	57.9
275	58.4
267	58.5
247	58.8
233	58.9
227	59.0
206	59.3
188	59.7
170	60.0
164	60.2
130	61.1
128	61.0
90.5	59.9
85.4	60.3
81.8	60.5
78.3	60.8
76.1	61.0
71.8	61.3
69.8	61.5
67.8	61.6
66.8	61.7
64.9	61.8
58.6	62.3
49.4	63.0
45.2	63.3
43.4	63.5
38.6	63.9
35	64.2
34	64.2
31.5	64.4
30.6	64.5
29.8	64.5
27.8	64.6
27	64.7
25	64.8
23.6	64.9
undefined	65.0
35.5	64.1
42.8	63.5
57.8	62.4
63.1	62.0
122	60.2
194	59.6
239	58.9
342	57.5
470	58.3
484	58.5
512	58.8
705	60.1
725	60.2
1470	64.7
1570	65.2
1590	65.3
2180	67.9
2780	69.7
4940	68.0
6400	67.1
6780	67.2
7280	66.7
