
Frequency	dB	Unweighted
20	65.05
20.3	65.0
20.6	65.0
20.9	65.0
21.2	64.95
21.5	64.95
21.8	64.95
22.1	64.95
22.7	64.95
23	64.9
23.3	64.9
23.6	64.9
23.9	64.9
24.2	64.85
24.6	64.85
25	64.8
25.4	64.8
25.8	64.75
26.2	64.75
26.6	64.7
27	64.7
27.4	64.7
27.8	64.65
28.6	64.6
29	64.6
29.4	64.5
29.8	64.5
30.2	64.5
30.6	64.45
31	64.45
31.5	64.4
32	64.35
32.5	64.35
33	64.25
33.5	64.25
34	64.2
34.5	64.15
35	64.15
35.5	64.05
36	64.05
36.5	63.95
37	63.95
37.5	63.95
38	63.849999999999994
38.6	63.849999999999994
39.2	63.75
39.8	63.75
40.4	63.7
41	63.650000000000006
41.6	63.6
42.2	63.55
42.8	63.5
43.4	63.45
44	63.4
44.6	63.349999999999994
45.2	63.3
45.9	63.25
46.6	63.2
47.3	63.150000000000006
48	63.05
48.7	63.05
49.4	62.95
50.1	62.95
50.8	62.849999999999994
51.5	62.75
52.2	62.75
53	62.650000000000006
54.6	62.55
55.4	62.5
56.2	62.4
57	62.349999999999994
58.6	62.25
59.5	62.150000000000006
60.4	62.150000000000006
61.3	62.05
62.2	62.0
63.1	62.0
64	61.9
64.9	61.849999999999994
65.8	61.849999999999994
66.8	61.75
67.8	61.7
68.8	61.6
69.8	61.6
70.8	61.5
72.8	61.35
75	61.2
76.1	61.15
77.2	61.05
78.3	61.0
80.6	60.8
81.8	60.75
84.2	60.599999999999994
85.4	60.55
87.9	60.400000000000006
90.5	60.2
95.9	59.9
97.3	59.8
100	59.6
102	59.45
104	59.3
106	59.150000000000006
108	59.0
112	58.900000000000006
116	59.05
118	59.15
120	59.3
122	59.45
124	59.6
126	59.75
128	59.9
130	60.0
132	60.05
134	60.150000000000006
136	60.2
138	60.25
140	60.25
142	60.3
144	60.349999999999994
146	60.349999999999994
148	60.35
150	60.3
154	60.3
156	60.25
160	60.25
162	60.150000000000006
166	60.1
170	60.0
173	59.95
176	59.849999999999994
179	59.8
182	59.7
185	59.65
188	59.55
194	59.45
197	59.35
200	59.25
203	59.25
209	59.05
212	59.05
215	58.95
218	58.95
221	58.85
224	58.85
227	58.8
236	58.7
243	58.65
251	58.55
255	58.5
259	58.5
263	58.4
275	58.3
287	58.2
291	58.1
295	58.1
299	58.0
303	58.0
312	57.8
317	57.8
322	57.7
327	57.6
332	57.6
337	57.5
347	57.349999999999994
357	57.2
362	57.150000000000006
367	57.05
372	57.0
377	56.95
383	56.9
401	56.95
407	57.0
413	57.1
419	57.2
425	57.4
431	57.5
437	57.7
443	57.849999999999994
449	57.95
456	58.1
477	58.4
484	58.5
491	58.55
498	58.650000000000006
505	58.650000000000006
512	58.7
527	58.8
535	58.8
543	58.9
551	59.0
559	59.05
575	59.25
583	59.35
592	59.45
601	59.55
610	59.599999999999994
619	59.65
628	59.7
646	59.85
665	60.0
675	60.05
685	60.05
695	60.1
715	60.2
725	60.25
747	60.349999999999994
758	60.349999999999994
769	60.4
780	60.45
791	60.55
803	60.55
815	60.650000000000006
839	60.75
863	60.95
889	61.05
915	61.25
928	61.3
942	61.4
956	61.5
970	61.6
1010	61.95
1020	62.05
1030	62.05
1050	62.2
1070	62.2
1110	62.45
1130	62.599999999999994
1150	62.75
1170	62.9
1190	63.1
1210	63.2
1230	63.349999999999994
1250	63.45
1270	63.55
1290	63.650000000000006
1310	63.849999999999994
1350	64.05
1370	64.15
1430	64.5
1450	64.6
1470	64.7
1510	64.9
1530	65.0
1570	65.2
1590	65.25
1650	65.55
1710	65.85
1760	66.05
1820	66.35
1850	66.5
1880	66.6
1910	66.75
1940	66.9
1970	67.0
2030	67.3
2090	67.5
2150	67.8
2180	67.9
2210	68.0
2240	68.1
2270	68.3
2300	68.4
2330	68.5
2360	68.6
2460	68.9
2500	69.05
2540	69.2
2580	69.3
2620	69.4
2660	69.5
2700	69.6
2740	69.65
2780	69.75
2820	69.85
2860	69.9
2980	70.1
3060	70.19999999999999
3100	70.25
3150	70.30000000000001
3200	70.35
3250	70.35
3350	70.35
3500	70.30000000000001
3550	70.25
3600	70.19999999999999
3750	70.05000000000001
3800	70.0
3860	69.94999999999999
3920	69.9
4040	69.80000000000001
4160	69.69999999999999
4220	69.6
4280	69.5
4340	69.35
4460	69.05
4590	68.6
4660	68.44999999999999
4730	68.2
4870	67.85
4940	67.7
5010	67.55000000000001
5080	67.4
5150	67.25
5220	67.1
5300	66.95
5380	66.85
5460	66.75
5700	66.45
5780	66.45
5860	66.35
6040	66.4
6130	66.35
6220	66.35
6310	66.4
6400	66.4
6490	66.45
6580	66.5
6680	66.55000000000001
6780	66.6
6880	66.65
6980	66.65
7280	66.45
7390	66.19999999999999
7500	65.85
7610	65.45
7720	65.0
7830	64.55000000000001
7940	63.949999999999996
8060	63.35
8180	62.7
8300	62.099999999999994
8420	61.45
8540	60.85
8660	60.25
8790	59.65
8920	59.05
9050	58.5
9180	58.05
9310	57.650000000000006
9450	57.45
9590	57.5
9730	57.849999999999994
9870	58.75
10010	60.0
10160	61.45
10310	62.8
10610	64.85
10760	65.65
10920	66.6
11080	67.65
11240	68.75
11400	69.85
11570	70.6
11740	70.80000000000001
11910	70.2
12080	69.05
12260	67.5
12440	66.05
12620	64.75
12800	63.7
12990	62.849999999999994
13180	62.2
13370	61.75
13560	61.45
13760	61.2
14370	60.599999999999994
14580	60.150000000000006
14790	59.55
15010	58.85
15230	58.05
15450	57.25
15670	56.45
15900	55.650000000000006
16130	54.9
16600	53.8
16840	53.3
17080	52.6
17330	51.75
17580	50.75
17840	49.599999999999994
18100	48.400000000000006
18360	47.25
18630	46.2
18900	45.3
19170	44.6
19450	44.0
19730	43.55
20000	43.45
16360	54.25
14160	60.9
5950	66.35
5540	66.65
