20    69.57
20.3    69.62050016166613
20.6    69.669
20.9    69.7155
21.2    69.76149984666718
21.5    69.8066250378126
21.8    69.85200014749927
22.1    69.89575
22.4    69.9385
22.7    69.97849986666711
23    70.017
23.3    70.05250011333295
23.6    70.0865
23.9    70.11949999999999
24.2    70.15216673888912
24.6    70.19487494687527
25    70.23599999999999
25.4    70.2755
25.8    70.31150008374958
26.2    70.34499991625043
26.6    70.37675
27    70.40733330888898
27.4    70.43624996437492
27.8    70.46350000000001
28.2    70.4885
28.6    70.5121
29    70.53450000000001
29.4    70.5569
29.8    70.57900000000001
30.2    70.60050000000001
30.6    70.62066663444455
31    70.63862498906246
31.5    70.6585
32    70.6765
32.5    70.6935
33    70.708
33.5    70.72200000000001
34    70.7355
34.5    70.7495
35    70.7595
35.5    70.7665
36    70.773
36.5    70.781
37    70.78999999999999
37.5    70.797
38    70.80378570459185
38.6    70.813699982
39.2    70.82049999624999
39.8    70.81960000000001
40.4    70.80833330444435
41    70.801
41.6    70.80416667055556
42.2    70.80850000214286
42.8    70.80599998666662
43.4    70.79724999208338
44    70.79035715306121
44.6    70.78533334777782
45.2    70.77759999999999
45.9    70.76735715020408
46.6    70.76149999833333
47.3    70.75371428183674
48    70.74207144132652
48.7    70.738000001
49.4    70.74649997571431
50.1    70.73537499421874
50.8    70.70299996071435
51.5    70.6755
52.2    70.66200001928568
53    70.64349999999999
53.8    70.61999996928576
54.6    70.59435714877552
55.4    70.56187502859379
56.2    70.5363
57    70.5255
57.8    70.5051
58.6    70.48349999999999
59.5    70.4615
60.4    70.43924998593748
61.3    70.41692856510205
62.2    70.38550003857137
63.1    70.33924999999999
64    70.31
64.9    70.2713
65.8    70.2402
66.8    70.2283
67.8    70.191
68.8    70.14760000000001
69.8    70.11019999999999
70.8    70.0694
71.8    70.0298
72.8    69.99000000000001
73.9    69.94735
75    69.902
76.1    69.85479154864554
77.2    69.80819227840243
78.3    69.76196161585781
79.4    69.71700006000015
80.6    69.67124994562487
81.8    69.62803840375753
83    69.58665388387564
84.2    69.5471667333335
85.4    69.50666663208324
86.6    69.46499992730787
87.9    69.4171
89.2    69.36496666666667
90.5    69.31370828385404
91.8    69.26130762582855
93.1    69.20642313710044
94.5    69.14566672083347
95.9    69.08462490156225
97.3    69.02326921053259
98.7    68.96280781159736
100    68.90899999999999
102    68.82016666666667
104    68.73557149132644
106    68.64750000000001
108    68.56766666666667
110    68.48256244570305
112    68.3895
114    68.29866678333363
116    68.20495448130157
118    68.1115
120    68.01996146804728
122    67.9265
124    67.83173800498858
126    67.732
128    67.638
130    67.542
132    67.446
134    67.34899999999999
136    67.255
138    67.1585
140    67.07
142    66.98266666666666
144    66.8945
146    66.80959999999999
148    66.72899999999998
150    66.649
152    66.5746
154    66.4978
156    66.418
158    66.33340000000001
160    66.241
162    66.1426
164    66.0427
166    65.9379
168    65.8271
170    65.7115
173    65.5393
176    65.37450000000001
179    65.22149999999999
182    65.10149999999999
185    65.031
188    65.0309
191    65.0995
194    65.21109999999999
197    65.3385
200    65.4375
203    65.485
206    65.5005
209    65.483
212    65.446
215    65.4015
218    65.352
221    65.288875
224    65.221
227    65.14750000000001
230    65.0655
233    64.976
236    64.8815
239    64.78399999999999
243    64.664
247    64.533
251    64.410875
255    64.28225
259    64.157375
263    64.01
267    63.856249999999996
271    63.7465
275    63.635000000000005
279    63.521875
283    63.4185
287    63.3253
291    63.2415
295    63.1655
299    63.0991
303    63.040875
307    62.986000000000004
312    62.90875
317    62.822900000000004
322    62.7234
327    62.6156
332    62.5015
337    62.3853
342    62.2677
347    62.1515
352    62.0369
357    61.9233
362    61.8121
367    61.705
372    61.601600000000005
377    61.50271428571428
383    61.3891
389    61.28675
395    61.1945
401    61.12825
407    61.08316666666667
413    61.06433333333334
419    61.07107142857143
425    61.1015
431    61.152
437    61.212
443    61.27971428571429
449    61.35183333333333
456    61.443357142857145
463    61.54141666666667
470    61.64671428571428
477    61.753928571428574
484    61.8578
491    61.94492857142857
498    62.013999999999996
505    62.0611875
512    62.09128571428572
519    62.10507142857143
527    62.109125
535    62.1085625
543    62.108000000000004
551    62.111428571428576
559    62.12075
567    62.13145
575    62.1405
583    62.14535
592    62.1434
601    62.135374999999996
610    62.12085714285715
619    62.10642857142857
628    62.091375
637    62.07715
646    62.0647
655    62.054249999999996
665    62.04625
675    62.043
685    62.04375
695    62.04875
705    62.05675
715    62.0645
725    62.070750000000004
736    62.0744
747    62.07325
758    62.06916666666667
769    62.06346153846154
780    62.058076923076925
791    62.055
803    62.056875000000005
815    62.066192307692305
827    62.08188461538461
839    62.10254166666667
851    62.127250000000004
863    62.15434615384615
876    62.185100000000006
889    62.22036666666666
902    62.25991666666667
915    62.30615384615385
928    62.357692307692304
942    62.41833333333334
956    62.4845
970    62.554923076923075
984    62.62861538461539
998    62.70666666666666
1010    62.775999999999996
1020    62.834833333333336
1030    62.894499999999994
1050    63.0156875
1070    63.136
1090    63.2535
1110    63.36635714285714
1130    63.47322222222222
1150    63.575500000000005
1170    63.675045454545455
1190    63.7738076923077
1210    63.8745
1230    63.98271428571428
1250    64.09700000000001
1270    64.221
1290    64.352
1310    64.48599999999999
1330    64.62225000000001
1350    64.7595
1370    64.896
1390    65.0315
1410    65.16633333333334
1430    65.301
1450    65.436
1470    65.572
1490    65.70949999999999
1510    65.8483
1530    65.98830000000001
1550    66.12950000000001
1570    66.2715
1590    66.4144
1610    66.55799999999999
1630    66.7022
1650    66.84700000000001
1670    66.99180000000001
1690    67.1375
1710    67.2843
1730    67.4323
1760    67.6571
1790    67.8854
1820    68.1164
1850    68.3495
1880    68.58529999999999
1910    68.8209
1940    69.0564
1970    69.29140000000001
2000    69.525
2030    69.758
2060    69.991
2090    70.22399999999999
2120    70.4545
2150    70.67875000000001
2180    70.89850000000001
2210    71.10775000000001
2240    71.311
2270    71.50450000000001
2300    71.69
2330    71.8665
2360    72.0355
2390    72.195625
2420    72.35033333333334
2460    72.545
2500    72.7305
2540    72.906
2580    73.07300000000001
2620    73.235
2660    73.3965
2700    73.55883333333333
2740    73.72
2780    73.87375
2820    74.0136
2860    74.14009999999999
2900    74.2525
2940    74.3473
2980    74.4319
3020    74.50675
3060    74.57166666666666
3100    74.62674999999999
3150    74.68350000000001
3200    74.7225
3250    74.7435
3300    74.747
3350    74.7315
3400    74.69550000000001
3450    74.638
3500    74.56
3550    74.4625
3600    74.3435
3650    74.2015
3700    74.0445
3750    73.8815
3800    73.71792857142859
3860    73.5221
3920    73.32762500000001
3980    73.1369
4040    72.95916666666668
4100    72.7945
4160    72.64566666666667
4220    72.51714285714286
4280    72.4085
4340    72.3255
4400    72.2682142857143
4460    72.23150000000001
4520    72.2175
4590    72.22492857142856
4660    72.23916666666666
4730    72.25064285714285
4800    72.251
4870    72.229
4940    72.173
5010    72.07918749999999
5080    71.9545
5150    71.786
5220    71.5895
5300    71.3365
5380    71.054
5460    70.75042857142857
5540    70.43625
5620    70.118
5700    69.80199999999999
5780    69.51400000000001
5860    69.2539
5950    69.00325000000001
6040    68.801
6130    68.65221428571428
6220    68.55799999999999
6310    68.53005
6400    68.5575
6490    68.66235
6580    68.8416
6680    69.1275
6780    69.5057
6880    69.963
6980    70.4783
7080    71.0155
7180    71.5223
7280    71.9496
7390    72.2736
7500    72.4
7610    72.30741666666667
7720    72.05823076923076
7830    71.72846153846153
7940    71.36875
8060    70.993
8180    70.67823076923077
8300    70.44576923076923
8420    70.31083333333333
8540    70.28666666666666
8660    70.37207692307692
8790    70.5761
8920    70.90086666666667
9050    71.29408333333333
9180    71.73384615384614
9310    72.15238461538462
9450    72.49320833333334
9590    72.61387500000001
9730    72.43507692307692
9870    71.96992307692308
10010    71.2915
10160    70.45053333333334
10310    69.59985714285713
10460    68.81375
10610    68.1075
10760    67.52093333333333
10920    66.99587500000001
11080    66.5685
11240    66.26816666666667
11400    66.07741666666666
11570    66.03536363636363
11740    66.078375
11910    66.24228846153846
12080    66.43107142857144
12260    66.6285
12440    66.77316666666667
12620    66.78389999999999
12800    66.6685
12990    66.40005714285714
13180    66.123
13370    65.8017
13560    65.5302
13760    65.35579999999999
13960    65.3548
14160    65.638
14370    66.12100000000001
14580    66.91478000000001
14790    67.7593
15010    68.32748
15230    68.03004
15450    66.74860000000001
15670    64.66394
15900    62.101
16130    59.589240000000004
16360    57.49768
16600    55.8596
16840    54.4763
17080    53.14702
17330    51.98738
17580    51.08998
17840    50.480900000000005
18100    50.2425
18360    50.45216
18630    51.2884
18900    52.849000000000004
19170    54.28394
19450    52.8921
19730    47.0446
20000    46.574
