19.89411297344115    9.138865261202517
20.912863788254292    9.12487240383583
21.98378346448228    9.110879546469146
23.109543499474334    9.096886689102462
24.29295219437213    9.082893831735776
25.53696165964827    9.068900974369091
26.84467517938901    9.054908117002405
28.2195219358151    9.036308795571482
29.667195014290897    8.954370593257268
31.190426233803137    8.840187142493377
32.79244829724885    8.712184299536771
34.47920261592423    8.52890388780929
36.25384522716425    8.321439539744558
38.12016694505235    8.107065495583463
40.08398866514696    7.865052667036933
42.147670445773244    7.647223774827658
44.320155623769324    7.3844818579920535
46.60337973392053    7.1424690294455235
49.00444528722252    6.897001352850815
51.527844703751235    6.672262764545181
54.182865434073165    6.423340239902293
56.97013744304044    6.236604980126634
59.9069067465594    5.970408215242848
62.99282785195815    5.731850234744499
66.23565304621387    5.5174761905834036
69.65159851044031    5.23400518545872
73.24078776620213    4.981627812767652
77.01527191999737    4.725795592028405
80.98786930021802    4.435414890807364
85.16449906514384    4.153095501698736
89.55956919824504    3.8442889442207395
94.18215161290996    3.529724306662441
99.04508505069057    3.2013402769114236
104.15679643870958    2.8902304874013076
109.53523962340319    2.5583916096021113
115.19345946237814    2.2127333396101925
121.13966279133946    1.8947138540037152
127.3967624789786    1.5525104320599823
133.96635141017904    1.2724942749834796
140.88785032502295    0.9199263088952065
148.1584070001123    0.6122713674332658
156.1535663737012    0.3273006113253274
165.05464442203265    0.1566434048617502
172.3994097222163    -0.17213574000774656
181.26078435436585    -0.21023977470816035
192.12236474661427    -0.29112803087217287
202.90445216777505    -0.40140128750621784
220.20387326356612    -0.5003053475298316
232.46381825345313    -0.7868409040612683
280.2451915243541    -0.9477587637781468
289.29452552373994    -0.9566633093751271
329.8436334443904    -0.6135202844057375
356.48345033589226    -1.01517889472672
374.73848919999847    -1.0291717520934043
393.95282030798376    -1.0915324821345997
414.2148432354523    -1.2713580458139013
435.54218946560513    -1.4926417860713563
458.0123672180702    -1.7899321833887534
481.69097554475064    -2.1666840858142855
506.5869905812796    -2.533071444095274
532.7626534754842    -2.889094258231726
560.181431078908    -3.0931037582482865
588.9093856621032    -3.1623741843858433
619.0446657510452    -3.1487282573670896
650.7075690844418    -3.117808090107438
683.9545532886957    -3.0465813622857
718.9204517619079    -2.9972353387690944
755.7085718071603    -2.9835894117503443
794.3815394035018    -2.972246716763717
834.9767533904543    -2.907929685038326
877.5595176844319    -2.7664543802369437
922.1256808621013    -2.4660560652192913
968.7057214685807    -1.9652765634072367
1017.5303108278116    -1.3815807084388716
1068.73037376346    -0.7356975886032799
1122.5565378396218    -0.12436294924948044
1176.342073838881    0.3429586540541436
1236.2322332097558    0.74482044349093
1301.8932265218984    1.0877683201396096
1368.2942161674284    1.22578877689282
1444.337220470982    1.5180053178716797
1517.6014256709375    1.8621650414995976
1594.9240462079515    2.0393404427988457
1676.2036539280914    2.2084545319856694
1761.5159371153702    2.4259364938470114
1851.2031476962345    2.6295990635156308
1945.085541278372    2.981820099255973
2043.3119318918018    3.4929641452125644
2136.1529755234187    4.232248624275368
2212.838832783871    5.04004840528588
2281.713811474079    5.910649462811159
2353.0771262702574    6.667240534746513
2431.790829291567    7.550099539766103
2524.860434627974    8.343162840465908
2639.4551282951857    9.11968290404798
2772.820863207809    9.610097861715497
2913.856198245182    9.851763759914093
3062.771811776066    9.913777559607356
3212.8679640768623    9.765681667332885
3392.365554260893    9.488320972961196
3541.6910260901604    8.988084272589346
3744.9957376545467    8.311696579140067
3936.1268031706754    7.752326805582074
4114.053034521722    7.319339489982598
4399.225668963356    7.132321316768444
4633.3170613839875    6.813877805181157
4908.6664260222915    6.625022415501455
5179.147037549643    6.256245780955227
5456.051572265665    5.582342528693015
5739.7604469578    4.983328735167941
6039.816543923263    4.178751482776189
6354.533872421368    3.4997003761349568
6685.130989746929    2.8811091103368653
7001.808875637935    2.1816413133355965
7285.241676719611    1.3210319989741706
7563.380689755848    0.4177771549803708
7834.6757412328125    -0.518773193372553
8133.888971818682    -1.4313780626395989
8519.438878732899    -2.1531104359513513
8959.20617158124    -2.471129921557832
9416.532313244203    -2.3642030972382386
9775.628477089202    -1.4681181471017481
10011.212537382582    -0.5744356896246998
10229.576528477659    0.29328047685257275
10453.11169268642    1.1305939805058678
10680.488666882153    2.0439141412191155
10914.623028637596    2.8280229849304455
11178.710866148152    3.648232340582876
11552.33090832608    4.552882936763501
12079.271834686268    5.1604993179901335
12644.699521733006    4.877916518802522
13097.333063085087    3.9964106740743652
13472.707784762879    3.197042195378682
13768.926099942528    2.1652279743284666
13975.243966324215    1.185992974898518
14184.422544424893    0.21942575164522893
14396.02926490968    -0.7091381430780856
14611.363411232285    -1.6681047006253813
14778.699228593325    -2.5835218023218403
14971.083401933676    -3.6427830926016824
15199.742588429182    -4.725936259278306
15545.817518698983    -5.764296381407256
15992.732987855876    -6.6301706850303965
16453.634376777507    -7.5498830374043315
16775.626882950677    -8.505054562423389
17150.81306577411    -9.825060691492578
17405.18612461514    -10.687118761288435
17666.92514823251    -11.707524033292522
17907.157843826935    -12.800344992331581
18075.05566353712    -13.58807925817883
18362.32471152673    -15.264041947324962
18559.691261155058    -16.520695944698964
18749.565950967157    -17.96715457173243
245.26975563077505    -0.7658985552905229
262.41475650484244    -0.8654754939466223
301.7724255036459    -0.9046311715198705
319.70408721446245    -0.8401593231018545
343.6689059332793    -0.8604122597776716
18896.66116531751    -18.999279895584856
19113.305158071555    -20.373441649039115
19005.659225361083    -19.726697871191327
18674.73001687503    -17.30242135109591
19133.12280220498    -21.180183626625862
