20    67.20291959258617
20.3    67.21708822772189
20.6    67.23098394053187
20.9    67.24454044202916
21.2    67.25769782533541
21.5    67.27040882846248
21.8    67.28265089115855
22.1    67.29443244062531
22.4    67.30578692199447
22.7    67.31676747025372
23    67.3274334070039
23.3    67.3378332162466
23.6    67.34799239512294
23.9    67.3579111641419
24.2    67.36757173124678
24.6    67.3800112027487
25    67.39191438864557
25.4    67.40328435184728
25.8    67.41415606213369
26.2    67.42457571128921
26.6    67.43457192225159
27    67.44414346237505
27.4    67.45327206437817
27.8    67.46194820147582
28.2    67.47019618224192
28.6    67.47807516614911
29    67.48565950624968
29.4    67.4930114088526
29.8    67.50015626306708
30.2    67.50708137627356
30.6    67.51375362375646
31    67.52014183213522
31.5    67.52771252583793
32    67.5348515193077
32.5    67.5416200747032
33    67.5480704636453
33.5    67.5542116784724
34    67.56000818530521
34.5    67.56541662330032
35    67.57042033998289
35.5    67.57504315478451
36    67.57935078153118
36.5    67.58342300474598
37    67.58732439312107
37.5    67.59108694665063
38    67.59470621874175
38.6    67.59881181009303
39.2    67.6025665850724
39.8    67.60582693088989
40.4    67.60839868130765
41    67.61007907547506
41.6    67.61072324336405
42.2    67.61029348703696
42.8    67.6088647431858
43.4    67.60659099638526
44    67.60366155236645
44.6    67.60026392809083
45.2    67.59656525064366
45.9    67.5920528546441
46.6    67.58749292200989
47.3    67.58301442249069
48    67.578680920235
48.7    67.57446040335688
49.4    67.57022562847126
50.1    67.5658006629307
50.8    67.56099495956698
51.5    67.55560961356048
52.2    67.54947247987644
53    67.54143031674522
53.8    67.53233980011818
54.6    67.52246147020657
55.4    67.5122889791346
56.2    67.50238315254504
57    67.49308131865595
57.8    67.4843779785499
58.6    67.47606482599717
59.5    67.46691257091712
60.4    67.45773056215762
61.3    67.44820227549872
62.2    67.43791867265222
63.1    67.42648170050992
64    67.41360434514061
64.9    67.39916354808753
65.8    67.38320304764721
66.8    67.3638901788147
67.8    67.34320236925427
68.8    67.32141575398052
69.8    67.29874658402686
70.8    67.27534205968422
71.8    67.25128474302687
72.8    67.2266057199113
73.9    67.19873435842716
75    67.17007542786573
76.1    67.14060176927069
77.2    67.11033358610078
78.3    67.0793965420248
79.4    67.04803468626434
80.6    67.01373045123168
81.8    66.97979703882878
83    66.94668223808954
84.2    66.91473125192866
85.4    66.88412751950794
86.6    66.85488244684285
87.9    66.82459780796086
89.2    66.79554354721566
90.5    66.76745718815269
91.8    66.74003026061592
93.1    66.71287113993924
94.5    66.6833591968034
95.9    66.65290107767335
97.3    66.6208517506081
98.7    66.58673852594973
100    66.55300869875808
102    66.49729015555702
104    66.43734564488497
106    66.37381941113287
108    66.30743652655335
110    66.23886830920378
112    66.16868532947115
114    66.097258136296
116    66.02478930089006
118    65.9514572589197
120    65.87746901942539
122    65.80297404484037
124    65.72800881737092
126    65.65261702997654
128    65.57695992472856
130    65.50137399712995
132    65.42635771507202
134    65.35250224764468
136    65.28038926810802
138    65.21041720416486
140    65.1426809842836
142    65.07689836671665
144    65.01239218618284
146    64.94819626762443
148    64.88324140150681
150    64.81656096140232
152    64.74746218136974
154    64.67563409227469
156    64.60117732579806
158    64.52455724442436
160    64.4465044376454
162    64.36790056239545
164    64.2897018022104
166    64.21293951855162
168    64.1387767480833
170    64.06861175808186
173    63.97480587235336
176    63.90117082765545
179    63.85513165426816
182    63.8422775527178
185    63.86387021729058
188    63.91523823139285
191    63.98642999796005
194    64.06488010725823
197    64.13853544243558
200    64.19809314964883
203    64.23793037206539
206    64.25594072120808
209    64.25265894540034
212    64.23036477668686
215    64.19238785299564
218    64.14254602641685
221    64.08466251877749
224    64.02189934580987
227    63.9563842367129
230    63.88943722325962
233    63.82163763468032
236    63.75320364563113
239    63.6843246728597
243    63.59252632568307
247    63.50227924019262
251    63.415342020642655
255    63.332887098590916
259    63.25486215873387
263    63.18002068940962
267    63.106609229563915
271    63.03309994740147
275    62.95843372105852
279    62.88200545097759
283    62.8036618039515
287    62.723522613904265
291    62.64169451913794
295    62.55818961095794
299    62.47301982677834
303    62.38635250984825
307    62.2985093727833
312    62.18757409154229
317    62.07580395237346
322    61.96332757427966
327    61.84992541836084
332    61.735177038318255
337    61.61876692272425
342    61.500782947721
347    61.38184853768895
352    61.26301728673259
357    61.1455330009021
362    61.030843471472686
367    60.920700985771376
372    60.81721881301142
377    60.72288239678822
383    60.62573322167764
389    60.55083485147146
395    60.50239814135659
401    60.48295462078785
407    60.49244778603075
413    60.52752582764524
419    60.581716825768076
425    60.646729218178805
431    60.714157095499836
437    60.776908300648955
443    60.83011014970354
449    60.871363723353845
456    60.904235470543554
463    60.92292912559077
470    60.93118786536634
477    60.93323551309584
484    60.933018730266696
491    60.93393451671587
498    60.938845121847464
505    60.95008827967003
512    60.969406503410525
519    60.99794133524133
527    61.04251233449395
535    61.099630180134874
543    61.168065673167604
551    61.245651484625796
559    61.329511947592536
567    61.416447988598605
575    61.50327284635731
583    61.5870367866728
592    61.67451323026482
601    61.75242742520173
610    61.81966144244545
619    61.87658018421445
628    61.92476549815301
637    61.96658323602165
646    62.00468024632688
655    62.041485709682824
665    62.08317497992476
675    62.12741825924414
685    62.175304767139984
695    62.22748870519155
705    62.2843560005667
715    62.34608783756168
725    62.41274215079889
736    62.491775025569055
747    62.57682853211308
758    62.6678973699121
769    62.76476708079126
780    62.8669497215749
791    62.97378543125723
803    63.09484512981509
815    63.2198056827269
827    63.34790949923551
839    63.47856145528546
851    63.61140157598517
863    63.74627618444838
876    63.894599859961225
889    64.0451648870053
902    64.19785632068363
915    64.35242426778878
928    64.50854013658883
942    64.6781576728438
956    64.84917733280281
970    65.02153010581702
984    65.19507751599255
998    65.36956488444469
1010    65.51965425735857
1020    65.64494730728714
1030    65.77027391013827
1050    66.02032731309683
1070    66.26864810374313
1090    66.51436680808519
1110    66.75683215010724
1130    66.99590964234913
1150    67.23191564840366
1170    67.46528637619323
1190    67.6963875416632
1210    67.9252094019138
1230    68.15129506100865
1250    68.37392663321685
1270    68.59212154713545
1290    68.804337122454
1310    69.0085979723074
1330    69.2028905081277
1350    69.38567372141473
1370    69.55617478542399
1390    69.7143329470804
1410    69.86077146979474
1430    69.99650181107478
1450    70.12252491827209
1470    70.23982535725551
1490    70.34930703454484
1510    70.45142992234831
1530    70.54627005110268
1550    70.63399961695939
1570    70.71499733121735
1590    70.78952386176283
1610    70.85768764744918
1630    70.91978736789787
1650    70.97639243321548
1670    71.0280609316413
1690    71.07500701483585
1710    71.117154073606
1730    71.15447467001329
1760    71.20181310492978
1790    71.23970182500733
1820    71.2696942809117
1850    71.29336494685319
1880    71.31147772667099
1910    71.3245809363022
1940    71.33335247194736
1970    71.33841641149934
2000    71.34044399816456
2030    71.34007184362474
2060    71.33779167426991
2090    71.33407093765445
2120    71.32965208564933
2150    71.32542811765765
2180    71.32234839107329
2210    71.32128758869992
2240    71.32304866416146
2270    71.32832835420658
2300    71.33800542048671
2330    71.35325209492555
2360    71.37516514180055
2390    71.4045444599227
2420    71.44179257478572
2460    71.50307052632886
2500    71.57552934511575
2540    71.65726615005516
2580    71.7460903209155
2620    71.8382125546459
2660    71.92858778359974
2700    72.0120814114444
2740    72.0844285311064
2780    72.14299620896591
2820    72.18666536032427
2860    72.21523076276708
2900    72.22976911302439
2940    72.23285306819571
2980    72.22810680749781
3020    72.21929875865075
3060    72.20904930180262
3100    72.1990161828131
3150    72.18993413667071
3200    72.18905615345007
3250    72.19998213239273
3300    72.22478798000776
3350    72.26401972708423
3400    72.31713361620533
3450    72.3836461244805
3500    72.46298096759102
3550    72.55365132095778
3600    72.65466751879828
3650    72.76610499286667
3700    72.88665446981246
3750    73.0113635670474
3800    73.13227647571294
3860    73.25887695003334
3920    73.34706277478361
3980    73.37372689310237
4040    73.3141604975985
4100    73.14704577658182
4160    72.858445881388
4220    72.44643434405796
4280    71.92595235829755
4340    71.32918692169491
4400    70.69864035308706
4460    70.07714416413069
4520    69.49984903459695
4590    68.91164183632291
4660    68.4276561858272
4730    68.04723657768865
4800    67.76477414892707
4870    67.57457580021872
4940    67.47169118522058
5010    67.44940396539273
5080    67.49645651209909
5150    67.59424280010946
5220    67.71663617961296
5300    67.85199222143973
5380    67.95653672917561
5460    68.02715368822052
5540    68.08251637041087
5620    68.14736160572664
5700    68.23986619515658
5780    68.36434200951759
5860    68.50813139100735
5950    68.66302723840178
6040    68.77888353877518
6130    68.83769160876824
6220    68.83235931103917
6310    68.76214975115599
6400    68.64121429108823
6490    68.50100786737886
6580    68.37220083503995
6680    68.26207746520826
6780    68.19510097860524
6880    68.17361960413993
6980    68.19345818604211
7080    68.25350131564518
7180    68.36155561646564
7280    68.52307496403105
7390    68.74739431178438
7500    68.9819753481119
7610    69.18975850618665
7720    69.34516844985788
7830    69.42923365736468
7940    69.43000404567512
8060    69.3304173749415
8180    69.1294062223292
8300    68.84710364657627
8420    68.52202697762053
8540    68.19555343566645
8660    67.90374434488237
8790    67.66171938584678
8920    67.51731970164224
9050    67.47082796829943
9180    67.51632567775582
9310    67.65665969296654
9450    67.90172352421938
9590    68.16795405732947
9730    68.32522105546448
9870    68.26008028439561
10010    67.95619616863573
10160    67.48777759781645
10310    67.07254957422523
10460    66.87518791825204
10610    66.9625521405232
10760    67.29028309987785
10920    67.77308680435809
11080    68.2483215467456
11240    68.61551982351284
11400    68.86134571011755
11570    69.05736759157928
11740    69.22091975310553
11910    69.34883571116592
12080    69.47387235247825
12260    69.62207336882395
12440    69.74298425289281
12620    69.74535297920656
12800    69.52609814014838
12990    68.97449049275764
13180    68.09525405114363
13370    66.98917026959764
13560    65.80717138543383
13760    64.63395036569257
13960    63.65812368841557
14160    62.97475210043221
14370    62.64030887245296
14580    62.72130894136088
14790    63.21783955339595
15010    64.14346389546108
15230    65.2725222296251
15450    66.14690098107104
15670    66.17019295348467
15900    64.85929341431081
16130    62.41841381269424
16360    59.70742850034303
16600    57.25889430057046
16840    55.19172136417619
17080    53.446644705732524
17330    52.005543410695886
17580    50.923755256374974
17840    50.153270364715894
18100    49.72091198123196
18360    49.60471033504547
18630    49.79999354623554
18900    50.32177952397507
19170    51.16403371739442
19450    52.19814671007188
19730    52.90863166287032
20000    53.086678504192435
