
Frequency	dB	Unweighted
20	69.0
20.3	68.9
20.6	68.9
20.9	68.8
21.2	68.8
21.5	68.7
21.8	68.7
22.1	68.6
22.4	68.6
22.7	68.5
23	68.5
23.3	68.5
23.6	68.4
23.9	68.4
24.2	68.3
24.6	68.3
25	68.2
25.4	68.1
25.8	68.1
26.2	68.0
26.6	67.9
27	67.9
27.4	67.8
27.8	67.8
28.2	67.7
28.6	67.6
29	67.6
29.4	67.5
29.8	67.5
30.2	67.4
30.6	67.3
31	67.3
31.5	67.2
32	67.1
32.5	67.1
33	67.0
34	66.9
34.5	66.8
35.5	66.6
36	66.6
36.5	66.5
37	66.4
37.5	66.4
38	66.3
38.6	66.2
39.2	66.2
39.8	66.1
40.4	66.0
41	65.9
41.6	65.9
42.2	65.8
42.8	65.7
43.4	65.6
44	65.6
44.6	65.5
45.2	65.4
45.9	65.3
46.6	65.3
47.3	65.2
48	65.1
48.7	65.0
49.4	65.0
50.1	64.9
50.8	64.8
51.5	64.7
52.2	64.7
53	64.6
53.8	64.5
54.6	64.4
55.4	64.3
56.2	64.3
57	64.2
57.8	64.1
58.6	64.0
59.5	64.0
60.4	63.9
61.3	63.8
62.2	63.7
63.1	63.7
64	63.6
64.9	63.5
65.8	63.5
66.8	63.4
67.8	63.3
68.8	63.2
69.8	63.2
70.8	63.1
71.8	63.0
72.8	62.9
73.9	62.9
75	62.8
76.1	62.7
77.2	62.6
78.3	62.5
79.4	62.4
80.6	62.4
81.8	62.3
83	62.2
84.2	62.1
85.4	62.0
86.6	62.0
87.9	61.9
89.2	61.8
90.5	61.7
91.8	61.6
93.1	61.6
94.5	61.5
95.9	61.4
97.3	61.3
98.7	61.3
100	61.2
102	61.1
104	61.0
108	60.8
110	60.7
112	60.6
114	60.5
116	60.4
118	60.3
120	60.2
122	60.1
124	60.0
126	59.9
128	59.8
130	59.8
132	59.7
134	59.6
136	59.6
138	59.5
140	59.4
142	59.4
144	59.3
148	59.2
150	59.2
152	59.1
154	59.0
156	59.0
158	58.9
160	58.9
162	58.9
166	58.9
168	58.9
170	58.9
173	59.0
176	59.2
179	59.3
182	59.5
185	59.6
188	59.7
191	59.8
194	59.9
197	59.9
200	59.9
203	59.9
206	59.9
209	59.9
212	59.8
215	59.8
218	59.7
221	59.7
224	59.6
227	59.5
233	59.4
236	59.3
239	59.3
243	59.2
247	59.1
251	59.0
255	59.0
259	58.9
263	58.8
267	58.8
271	58.7
275	58.7
279	58.6
283	58.5
287	58.5
291	58.4
295	58.3
299	58.3
303	58.2
307	58.1
312	58.0
317	57.9
322	57.9
327	57.8
332	57.7
337	57.6
342	57.5
347	57.5
352	57.4
357	57.3
362	57.3
367	57.2
372	57.2
377	57.2
383	57.2
389	57.3
395	57.5
401	57.7
407	57.9
413	58.2
419	58.4
425	58.7
431	58.9
437	59.1
443	59.2
449	59.3
456	59.4
463	59.5
470	59.5
477	59.5
484	59.6
491	59.6
498	59.6
505	59.7
519	59.7
527	59.7
535	59.8
543	59.8
551	59.8
559	59.8
567	59.9
575	59.9
583	59.9
592	59.9
601	60.0
610	60.0
619	60.0
628	60.0
637	60.0
646	60.0
655	60.1
665	60.1
675	60.1
685	60.1
695	60.1
705	60.2
715	60.2
725	60.2
736	60.2
747	60.3
758	60.3
769	60.4
780	60.4
791	60.5
803	60.6
815	60.6
827	60.7
839	60.8
851	60.8
863	60.9
876	61.0
889	61.0
902	61.1
915	61.2
928	61.3
942	61.3
956	61.4
970	61.5
984	61.6
998	61.7
1010	61.8
1020	61.8
1030	61.9
1050	62.0
1070	62.2
1090	62.3
1110	62.4
1130	62.6
1150	62.7
1190	62.9
1210	63.0
1230	63.2
1250	63.3
1270	63.4
1290	63.5
1310	63.6
1350	63.8
1390	64.0
1430	64.2
1450	64.3
1470	64.4
1490	64.5
1510	64.5
1530	64.6
1570	64.8
1610	64.9
1630	65.0
1670	65.2
1690	65.3
1710	65.3
1730	65.4
1760	65.6
1790	65.7
1820	65.8
1850	65.9
1880	66.1
1910	66.2
1940	66.3
1970	66.5
2000	66.6
2030	66.7
2060	66.9
2090	67.0
2120	67.2
2150	67.3
2180	67.4
2210	67.5
2240	67.6
2270	67.8
2300	67.9
2330	68.0
2360	68.1
2390	68.2
2420	68.3
2460	68.5
2500	68.6
2540	68.7
2580	68.8
2620	68.9
2660	69.0
2700	69.1
2740	69.2
2780	69.3
2820	69.3
2860	69.4
2900	69.4
2940	69.4
2980	69.4
3020	69.3
3060	69.3
3100	69.2
3150	69.2
3200	69.1
3250	69.0
3300	68.9
3350	68.8
3400	68.7
3450	68.6
3500	68.5
3550	68.4
3600	68.3
3650	68.3
3700	68.3
3750	68.2
3800	68.2
3860	68.2
3920	68.2
3980	68.3
4040	68.3
4100	68.4
4160	68.5
4220	68.6
4280	68.7
4340	68.9
4400	69.0
4460	69.1
4590	69.2
4660	69.1
4730	68.7
4800	68.1
4870	67.6
4940	67.3
5010	67.2
5080	67.2
5150	67.3
5220	67.5
5300	67.7
5380	67.9
5460	68.1
5540	68.3
5620	68.5
5700	68.7
5780	68.9
5860	69.0
5950	69.2
6040	69.4
6130	69.6
6220	69.8
6310	69.9
6400	70.0
6490	70.0
6580	70.0
6680	69.9
6780	69.7
6880	69.4
6980	69.1
7080	68.8
7180	68.3
7280	67.8
7390	67.2
7500	66.6
7610	65.9
7720	65.4
7830	64.9
7940	64.5
8060	64.1
8180	63.9
8300	63.7
8420	63.7
8540	63.8
8660	64.0
8790	64.3
8920	64.7
9050	65.2
9180	65.7
9310	66.0
9450	66.1
9590	66.0
9730	65.7
10010	64.5
10160	63.7
10310	62.9
10460	62.0
10610	61.1
10760	60.3
10920	59.5
11080	58.7
11240	58.0
11400	57.5
11570	57.0
11740	56.6
11910	56.3
12080	56.2
12260	56.1
12440	56.1
12620	56.3
12800	56.6
12990	57.0
13180	57.5
13370	57.9
13560	58.1
13760	58.1
14160	57.2
14370	56.5
14580	56.0
14790	55.9
15010	56.4
15230	57.7
15900	62.5
16130	61.6
16360	59.8
16600	58.0
16840	56.8
17080	56.3
17330	56.5
17580	57.5
17840	59.0
18100	59.9
18360	59.5
18630	58.7
18900	57.5
19170	56.1
19450	54.9
19730	54.2
20000	54.1
