20    70.26514651042935
20.3    70.24595328365051
20.6    70.22640764362318
20.9    70.20581279167327
21.2    70.18368862972616
21.5    70.15998159148066
21.8    70.13507090136885
22.1    70.10961062730635
22.4    70.08430630292085
22.7    70.05971887969712
23    70.03614392805815
23.3    70.0135869515365
23.6    69.99181935697939
23.9    69.97047482193689
24.2    69.94915210295352
24.6    69.9201747496989
25    69.89012392049531
25.4    69.85888673194472
25.8    69.82668612121415
26.2    69.7939387159997
26.6    69.76111542587199
27    69.72868272970264
27.4    69.69712459747605
27.8    69.66693835105166
28.2    69.63848994621387
28.6    69.6117233876373
29    69.58586971533329
29.4    69.55937407617228
29.8    69.53020135430273
30.2    69.49646922850431
30.6    69.45713173454709
31    69.41239452365123
31.5    69.35109760701476
32    69.28759912576348
32.5    69.22540393752138
33    69.16632362258375
33.5    69.11044810035513
34    69.05696857939544
34.5    69.00500949291441
35    68.95393612935857
35.5    68.90326437626594
36    68.85255024775896
36.5    68.80141083199642
37    68.74958215259515
37.5    68.69691933929195
38    68.64336944032246
38.6    68.57802645964253
39.2    68.51186900514126
39.8    68.44556636509824
40.4    68.37988701771886
41    68.31544508644642
41.6    68.25261626802754
42.2    68.19162941154528
42.8    68.13265406314302
43.4    68.07577388564354
44    68.02088838770739
44.6    67.96764652736297
45.2    67.91547486285583
45.9    67.85504216252511
46.6    67.79408267240183
47.3    67.73177036018254
48    67.66753484297266
48.7    67.60106955031873
49.4    67.53235958649238
50.1    67.46158983389739
50.8    67.38895406984463
51.5    67.31460642534236
52.2    67.23875522835985
53    67.15060381637002
53.8    67.06140453040842
54.6    66.97185380070172
55.4    66.88269252574514
56.2    66.7943934138475
57    66.70708959927364
57.8    66.62057984611604
58.6    66.53434323293587
59.5    66.43704610699615
60.4    66.33936437908838
61.3    66.24183055464152
62.2    66.14516858085466
63.1    66.04967204360108
64    65.95520624707427
64.9    65.86183911160711
65.8    65.77023451104606
66.8    65.67178069508256
67.8    65.57773818545478
68.8    65.48761168069828
69.8    65.39942831545562
70.8    65.31060488703967
71.8    65.21897287445023
72.8    65.1232888436428
73.9    65.01322385570809
75    64.89972925468166
76.1    64.7863917075438
77.2    64.67824273367212
78.3    64.58074462536908
79.4    64.49901817034842
80.6    64.4327417256105
81.8    64.39335254719543
83    64.3809453030854
84.2    64.3926462978234
85.4    64.42326126269268
86.6    64.4663444686322
87.9    64.51948185105172
89.2    64.57223655106645
90.5    64.61924295701456
91.8    64.65746670927413
93.1    64.6859786965409
94.5    64.70662410280588
95.9    64.71895684170443
97.3    64.72560998651062
98.7    64.72885945056682
100    64.72996152390455
102    64.7279791563947
104    64.71937172612826
106    64.70117321071615
108    64.67203134471441
110    64.63398402185317
112    64.5915908942676
114    64.55012864863292
116    64.5129976050612
118    64.47959057275872
120    64.44578860228862
122    64.40612026024773
124    64.3560617296416
126    64.29363088075492
128    64.21914024698377
130    64.13418848568588
132    64.04084917087225
134    63.94124118968658
136    63.837295160448775
138    63.730595117255305
140    63.622313098956134
142    63.51328412905244
144    63.40420185210765
146    63.29576300703629
148    63.1886664175686
150    63.083613122926174
152    62.981372881516776
154    62.88290013689189
156    62.78932497413304
158    62.7018143635094
160    62.621388456409115
162    62.548596221475876
164    62.48331112799549
166    62.42512884062676
168    62.37378046945943
170    62.32906309095405
173    62.27358145648007
176    62.23023646591905
179    62.196434767290484
182    62.16895741657921
185    62.14411725070086
188    62.118135333455214
191    62.08762249030044
194    62.04974059538351
197    62.002684861950385
200    61.94572357433697
203    61.878859810943666
206    61.80311131363452
209    61.720932950859826
212    61.635144077322565
215    61.54754054978365
218    61.458894026658974
221    61.36971615499894
224    61.28062433344766
227    61.192274508983594
230    61.10519441160275
233    61.01962129354986
236    60.93550458252476
239    60.85272523854266
243    60.74451310170575
247    60.63920753045289
251    60.53705937394782
255    60.43791780004224
259    60.341618303869595
263    60.24787197964524
267    60.155920273513615
271    60.0649881325554
275    59.974873441289276
279    59.88593688488574
283    59.798416086354095
287    59.71210022281136
291    59.62656969390203
295    59.54145755670813
299    59.456574883491115
303    59.372107607860926
307    59.28874378568085
312    59.18698729692686
317    59.08755993418502
322    58.98971334209887
327    58.89323058912008
332    58.79865920462855
337    58.70860848755423
342    58.62543452388509
347    58.550219958638294
352    58.48502287594832
357    58.43285688678435
362    58.39624066270887
367    58.37664465741325
372    58.37601499742623
377    58.397035907521044
383    58.45234308825119
389    58.53819497152039
395    58.64956028652135
401    58.77858295525394
407    58.91508180488519
413    59.04879258352925
419    59.17016618331081
425    59.27371035099198
431    59.3622896946429
437    59.440682117091974
443    59.51060004047605
449    59.571985484898434
456    59.632648932496586
463    59.681905169777494
470    59.7205466579843
477    59.74958915292804
484    59.769842068799356
491    59.78249884856844
498    59.7898867393926
505    59.79530820401463
512    59.80217176015193
519    59.81310841979786
527    59.83227640668571
535    59.85887458657433
543    59.89249454144346
551    59.93260619895193
559    59.97893529252414
567    60.03119969080566
575    60.08868445333755
583    60.150337891641236
592    60.223154052445594
601    60.297582064622446
610    60.371128515809005
619    60.44185048174701
628    60.509078514806724
637    60.57301590237935
646    60.634479852043796
655    60.694728828304704
665    60.76002612557251
675    60.82121279288802
685    60.87633392804164
695    60.92494518723312
705    60.96907176598269
715    61.01328210227878
725    61.06248668893103
736    61.124991177061254
747    61.19380650812454
758    61.26397599570363
769    61.33299441420285
780    61.40106270717901
791    61.46838120246932
803    61.540127461542426
815    61.609395303451365
827    61.676414247888005
839    61.74286519371069
851    61.81314308971537
863    61.888535149536466
876    61.9737284069363
889    62.06050348604971
902    62.14835940474751
915    62.23773957936258
928    62.32943723226013
942    62.432323227017164
956    62.541621930141574
970    62.658641101309684
984    62.78267917498289
998    62.91156142886486
1010    63.02386106214709
1020    63.11761663528668
1030    63.21096590770766
1050    63.39574591393493
1070    63.578012810492744
1090    63.75915803074715
1110    63.94082886270831
1130    64.12372577813457
1150    64.30829731014312
1170    64.49494974299213
1190    64.68357167605512
1210    64.8732208085384
1230    65.0625832556536
1250    65.25043753327341
1270    65.4354757331321
1290    65.61647333364755
1310    65.79263346042876
1330    65.9636121077373
1350    66.12948559062544
1370    66.29074177063708
1390    66.4483329654427
1410    66.60346040166874
1430    66.7568712255769
1450    66.90868855163505
1470    67.05897038723944
1490    67.20800020265565
1510    67.3561464021513
1530    67.50384070612401
1550    67.65144096096304
1570    67.79897079359154
1590    67.94624658567946
1610    68.09317731110383
1630    68.23984351438855
1650    68.3863708147132
1670    68.53289973278939
1690    68.67961883104988
1710    68.82670376556632
1730    68.9741883486317
1760    69.19569583386024
1790    69.41631381501246
1820    69.63495449332542
1850    69.85096609385
1880    70.06387239370457
1910    70.27340002082173
1940    70.47921867323302
1970    70.68059795199488
2000    70.8764195788751
2030    71.06555508207609
2060    71.24722259913392
2090    71.42086529163389
2120    71.58559250276286
2150    71.7401150504385
2180    71.88346108475929
2210    72.01491233732321
2240    72.1338952534511
2270    72.24000297856075
2300    72.33295424493488
2330    72.41251921099706
2360    72.47848923203293
2390    72.5307211300095
2420    72.56917282905688
2460    72.59929453263646
2500    72.60626696151004
2540    72.59130675130875
2580    72.55703597932829
2620    72.50675709025941
2660    72.44329143730744
2700    72.36922019493574
2740    72.2871940975302
2780    72.19969224567805
2820    72.1087237296583
2860    72.01579331272384
2900    71.92222428428391
2940    71.82954006695786
2980    71.73938141131279
3020    71.65298259213586
3060    71.5708146285151
3100    71.49296793994984
3150    71.4019957998585
3200    71.31828671943971
3250    71.24217502758012
3300    71.17430440557919
3350    71.11586494295291
3400    71.0684381066797
3450    71.03295250998315
3500    71.00967602589257
3550    70.9989324951043
3600    71.00105344433916
3650    71.0161422752513
3700    71.04420066143355
3750    71.08493255902198
3800    71.13729610774286
3860    71.21331593330967
3920    71.30032900533654
3980    71.39264205854928
4040    71.48257940107331
4100    71.56175653313926
4160    71.62412140961757
4220    71.66866560446897
4280    71.70356043518984
4340    71.74450711269722
4400    71.80623805090734
4460    71.89601169908693
4520    72.01254951701094
4590    72.17103121939775
4660    72.33432539072189
4730    72.48116243687261
4800    72.59047100019272
4870    72.64336233179668
4940    72.62898992499747
5010    72.54592251906428
5080    72.39836756337061
5150    72.19260736564117
5220    71.93632591620806
5300    71.59634870267689
5380    71.22734660388318
5460    70.8478400591513
5540    70.47225053773943
5620    70.10941470393347
5700    69.76496407180251
5780    69.44783807166675
5860    69.1720185567874
5950    68.91923509190644
6040    68.71296522842255
6130    68.53215787531401
6220    68.37375842650849
6310    68.24723629531105
6400    68.15920025811761
6490    68.1107407969287
6580    68.10085034205466
6680    68.13269288831037
6780    68.20432704237274
6880    68.309320750544
6980    68.43816942660993
7080    68.57581994280179
7180    68.70410221656442
7280    68.80215652397068
7390    68.84623034024818
7500    68.79319072318864
7610    68.61882667843332
7720    68.31203497515111
7830    67.87857724199156
7940    67.340051846657
8060    66.67071878113262
8180    65.96216291921839
8300    65.25598817097105
8420    64.57997568924151
8540    63.94704118732918
8660    63.36065505944322
8790    62.77936928488906
8920    62.25758421677338
9050    61.79919345309722
9180    61.407357510097896
9310    61.08712672487556
9450    60.827572482034086
9590    60.661375028372355
9730    60.59388459492146
9870    60.63030862490933
10010    60.778796430072816
10160    61.07243206801101
10310    61.5150782924791
10460    62.115699054500965
10610    62.88177023664433
10760    63.80201657855737
10920    64.85303593737314
11080    65.71675036652556
11240    66.06754047377399
11400    65.8145102271508
11570    65.26012981227512
11740    64.95416192853168
11910    65.00179110072239
12080    65.07131674103623
12260    64.848509486583
12440    64.32483741543125
12620    63.70116833594935
12800    63.16998578673855
12990    62.83785919799156
13180    62.80544848990944
13370    63.105556392459604
13560    63.733884136644946
13760    64.61801430369962
13960    65.32937575411941
14160    65.27681872414982
14370    64.05735339098489
14580    61.977867471235214
14790    59.67922348137253
15010    57.473601519633185
15230    55.602249602960256
15450    54.06271534252423
15670    52.81741177114918
15900    51.79738005843444
16130    51.067245533625254
16360    50.67597462289225
16600    50.581731865727875
16840    50.71384347439394
17080    51.106535969692644
17330    51.782514144500844
17580    52.59487774868205
17840    53.26762485133996
18100    53.33837579780098
18360    52.60019775704958
18630    51.225541563299025
18900    49.66495895319011
19170    48.15330740279242
19450    46.670026512013784
19730    45.256973624189015
20000    44.38184501520746
