20    75.94177997665915
20.3    75.95740645210336
20.6    75.97273887749685
20.9    75.98768681501092
21.2    76.00212354239723
21.5    76.01589922252707
21.8    76.02887229181579
22.1    76.04093314365198
22.4    76.05202096477171
22.7    76.06212427514836
23    76.07126357924676
23.3    76.07947142536746
23.6    76.08677643179303
23.9    76.09319614402196
24.2    76.09874200434166
24.6    76.10480855791593
25    76.10942493827847
25.4    76.11268502202167
25.8    76.11468091139753
26.2    76.1154725609869
26.6    76.11508963793594
27    76.1135624752558
27.4    76.11094570796175
27.8    76.10731563973692
28.2    76.10274922821775
28.6    76.09729590024205
29    76.09096489833267
29.4    76.0837490573221
29.8    76.07566350541671
30.2    76.06676737937673
30.6    76.05715281736447
31    76.04691307599883
31.5    76.03333304638701
32    76.01894023793676
32.5    76.00373864413486
33    75.98767812863967
33.5    75.97064988591599
34    75.95252475318328
34.5    75.93322624795434
35    75.91277213925642
35.5    75.89123259598327
36    75.86864921155507
36.5    75.84501296018082
37    75.82032350009126
37.5    75.79467726628971
38    75.76829972036593
38.6    75.7361286009559
39.2    75.7039130660477
39.8    75.67202955924157
40.4    75.64056277316399
41    75.60931450614395
41.6    75.57790735176746
42.2    75.54587652398195
42.8    75.51272156820939
43.4    75.47798518440098
44    75.44140021599057
44.6    75.40303408352251
45.2    75.36332805184588
45.9    75.31630776587171
46.6    75.269931493868
47.3    75.22576944580439
48    75.18531754315458
48.7    75.14973349520645
49.4    75.11959353049079
50.1    75.09475747271068
50.8    75.07438202281767
51.5    75.05710398834974
52.2    75.04132950517098
53    75.02317294842672
53.8    75.00313921797868
54.6    74.98023387105144
55.4    74.95442832401964
56.2    74.92651542750829
57    74.89777299543954
57.8    74.869492313824
58.6    74.8425720340239
59.5    74.81428992636572
60.4    74.78771899087118
61.3    74.7617418211025
62.2    74.73492532015368
63.1    74.70600805850844
64    74.67423699239934
64.9    74.63939051189601
65.8    74.6016169962434
66.8    74.55682097549845
67.8    74.51000141836319
68.8    74.46179268030927
69.8    74.41216202446739
70.8    74.36072991000896
71.8    74.30708733920376
72.8    74.25086749223009
73.9    74.18565188205528
75    74.11657295971818
76.1    74.0435123475335
77.2    73.96665720876047
78.3    73.88649815115681
79.4    73.80373582744863
80.6    73.71139452490087
81.8    73.61785577799803
83    73.52397846237042
84.2    73.43046268590692
85.4    73.3378625766218
86.6    73.24660666057406
87.9    73.14956951646855
89.2    73.05447736853456
90.5    72.9610575562933
91.8    72.86873664416063
93.1    72.77672090979016
94.5    72.67694978350923
95.9    72.57551266286316
97.3    72.47188145217874
98.7    72.36644565374549
100    72.26848273816896
102    72.1248828049972
104    72.00421407845413
106    71.92517911793863
108    71.90480551612475
110    71.95282501977638
112    72.06768149337202
114    72.2364358379828
116    72.43906087897165
118    72.65427232586313
120    72.86408397255451
122    73.05577171984295
124    73.2216740281944
126    73.35760149194783
128    73.46151286145104
130    73.53307842357216
132    73.57367098219493
134    73.58625278604691
136    73.57496713631764
138    73.54450581813339
140    73.49945089689325
142    73.44378987987722
144    73.38066124198707
146    73.312357247318
148    73.24050311641251
150    73.16626641212736
152    73.09054355987757
154    73.01409335144382
156    72.93760590472152
158    72.86171154555963
160    72.78694665305392
162    72.71372509552864
164    72.64234317732617
166    72.5729718192483
168    72.50565585367238
170    72.44031725622344
173    72.34558950780958
176    72.25403701723863
179    72.16485819403263
182    72.07750673345271
185    71.9918308166142
188    71.90807255581888
191    71.82672839776794
194    71.74833696856699
197    71.67329929431162
200    71.6016676180509
203    71.53303849376528
206    71.46663928044438
209    71.40150693074347
212    71.33666476571646
215    71.27127970223715
218    71.20473326626686
221    71.13667192736084
224    71.067104160827
227    70.99638435968953
230    70.9250080311477
233    70.85341925112328
236    70.78194376642276
239    70.71082739312234
243    70.61685146542311
247    70.52402956520193
251    70.43236671958516
255    70.34176811442894
259    70.25210995800211
263    70.16326442937432
267    70.07510288741868
271    69.9874811069291
275    69.9002336997334
279    69.81320417143476
283    69.72626353211804
287    69.63930758978552
291    69.55230336814226
295    69.4653200545222
299    69.3784988899125
303    69.29202932208851
307    69.20611537384269
312    69.0997952363609
317    68.99497666672573
322    68.89183862808648
327    68.7903216584371
332    68.6901042789187
337    68.59064230011074
342    68.49130980430769
347    68.39150342282194
352    68.29085056453124
357    68.18946906990845
362    68.0881054272379
367    67.98828528208603
372    67.8923882114452
377    67.8034933174832
383    67.71091452043855
389    67.63913189626862
395    67.5926791697225
401    67.57386996376226
407    67.58222837857596
413    67.61452251755475
419    67.6653744393062
425    67.72846582592817
431    67.79797780985294
437    67.86952528769052
443    67.94037418057125
449    68.00916789328197
456    68.08622768757935
463    68.15961033274324
470    68.22868619766362
477    68.29207990170192
484    68.34802559143027
491    68.39502401972982
498    68.43235576563146
505    68.46039905673317
512    68.48068340214843
519    68.49565015937435
527    68.50994147644766
535    68.52508595533874
543    68.54395744080905
551    68.56780777547245
559    68.59629523627554
567    68.62796941404977
575    68.66088489278042
583    68.69315422554293
592    68.726968837492
601    68.75723869462342
610    68.7840732822776
619    68.80839534426062
628    68.83138380965106
637    68.85383792781761
646    68.87580137781856
655    68.89656815069996
665    68.9168312840537
675    68.93261023126945
685    68.94285817787369
695    68.94735368610715
705    68.94665969259745
715    68.9418730521952
725    68.93434812062091
736    68.92456794531978
747    68.91499189749612
758    68.90758680588429
769    68.9044703157337
780    68.90696711663321
791    68.91401072080347
803    68.92329235575237
815    68.93116934102068
827    68.93730012107136
839    68.94303354742371
851    68.9496420813382
863    68.95772988670889
876    68.96828214606911
889    68.98057678520848
902    68.99453794655014
915    69.01021626273359
928    69.0277009136029
942    69.04854936809929
956    69.0712277751758
970    69.09510713453025
984    69.1191934386072
998    69.14230974929208
1010    69.1605168788988
1020    69.17415918257862
1030    69.18623441005101
1050    69.20584825543996
1070    69.22060780110932
1090    69.23174578607819
1110    69.23948288756327
1130    69.24350558971457
1150    69.24349690346688
1170    69.23928709421803
1190    69.23106547976397
1210    69.21933336348248
1230    69.20476479318094
1250    69.18788280341693
1270    69.16882994617609
1290    69.14718879054297
1310    69.12216013617416
1330    69.09283429465083
1350    69.05841136499231
1370    69.0182453231248
1390    68.97186266524093
1410    68.9191236027637
1430    68.86031961264165
1450    68.7959891190215
1470    68.72674517586896
1490    68.65312825856803
1510    68.5755228175953
1530    68.49422143578502
1550    68.40950530458498
1570    68.3215965710871
1590    68.23057975343582
1610    68.13650959972901
1630    68.03962597067562
1650    67.94027561483549
1670    67.8387742048749
1690    67.73542404030346
1710    67.63057270650425
1730    67.52460373393723
1760    67.36439452810625
1790    67.20385930046247
1820    67.04416205297036
1850    66.88641176625364
1880    66.73182429770429
1910    66.5815101220208
1940    66.43653176947711
1970    66.29809620868735
2000    66.16730123539215
2030    66.04498686437091
2060    65.93193936350998
2090    65.82895557258301
2120    65.73667139617535
2150    65.65549957285822
2180    65.5856506148551
2210    65.52705745894522
2240    65.47957347499973
2270    65.44298916971019
2300    65.41704914805915
2330    65.40145843659059
2360    65.39592009733758
2390    65.40019875226146
2420    65.41421170853395
2460    65.44800861753521
2500    65.49860874548348
2540    65.56573294427794
2580    65.64918460371513
2620    65.74893020222527
2660    65.86481894288974
2700    65.99659505228838
2740    66.14422316474412
2780    66.30793922867095
2820    66.48846872981422
2860    66.68704777773232
2900    66.90497511457461
2940    67.14325523750455
2980    67.40224883941622
3020    67.68205431445949
3060    67.98326142400973
3100    68.30709379438818
3150    68.74538601392779
3200    69.22111747046267
3250    69.7339699868709
3300    70.28540504391789
3350    70.87935175384717
3400    71.51889873950175
3450    72.20272971962814
3500    72.92558582645293
3550    73.6802144369932
3600    74.45601510458201
3650    75.23525494334379
3700    75.99074809301425
3750    76.68606195270299
3800    77.2784997857877
3860    77.7959555259765
3920    78.05843892388778
3980    78.05791740685845
4040    77.82876490507897
4100    77.43583906180014
4160    76.95431397424716
4220    76.45155977399992
4280    75.97852758387288
4340    75.56809273136292
4400    75.23725143752038
4460    74.98963219224825
4520    74.81799307501379
4590    74.69601984443896
4660    74.63549145452882
4730    74.6120383861444
4800    74.60330556074518
4870    74.59148493070985
4940    74.56091284039348
5010    74.4978393813865
5080    74.39290102836989
5150    74.24326117103874
5220    74.05231361616195
5300    73.79260337196175
5380    73.50214310628995
5460    73.19685019376575
5540    72.89362973143251
5620    72.61181676503658
5700    72.37546952657615
5780    72.21933372741267
5860    72.19745263739786
5950    72.3784259081969
6040    72.71982889072873
6130    73.10677742156034
6220    73.48102278331362
6310    73.83887507244323
6400    74.17558229279692
6490    74.47179377495635
6580    74.70086969034105
6680    74.83889662619956
6780    74.81108295323133
6880    74.59093407835384
6980    74.18742025799023
7080    73.64187807900737
7180    73.01050521990257
7280    72.34860193829121
7390    71.63813640603779
7500    70.98279724177817
7610    70.4050210975201
7720    69.91899905334571
7830    69.53354408946593
7940    69.2547993797253
8060    69.0776675755311
8180    69.03541708255253
8300    69.14703521996962
8420    69.43624831362456
8540    69.76688645958116
8660    69.87349981792323
8790    69.92901717607552
8920    70.451182706661
9050    71.31827210084937
9180    72.22682616389427
9310    73.06837100963116
9450    73.78571675161123
9590    74.1494474199605
9730    74.08248923675026
9870    73.73444786420876
10010    73.45235223502034
10160    73.39164973988258
10310    73.37892584149829
10460    73.28721659499337
10610    73.24830756240965
10760    73.43884506701656
10920    73.62420928874218
11080    73.3471958459878
11240    72.65197762962208
11400    71.65647031917177
11570    70.25175648547919
11740    68.59179247893476
11910    66.87547435202447
12080    65.25648904389084
12260    63.729088792000425
12440    62.43259722963374
12620    61.486541235953624
12800    61.21252197203111
12990    61.84220968866978
13180    62.92528027658078
13370    63.91824109514879
13560    64.86492239857625
13760    65.99500290131155
13960    67.06099056051107
14160    67.49497911659648
14370    66.82089118163351
14580    65.25307382974319
14790    63.503606342278545
15010    62.017688545072076
15230    61.050740809711726
15450    60.554326316992174
15670    60.321398617038724
15900    59.99708957616135
16130    59.322054760792184
16360    58.44007914529868
16600    57.70001856173758
16840    57.51084658841671
17080    57.86736386056226
17330    58.04340983276195
17580    57.76075280881696
17840    59.21676538832044
18100    62.79002414671969
18360    64.56733697430985
18630    62.37731985559004
18900    57.04912420806566
19170    50.70346378967673
19450    44.37421533981595
19730    41.10170918521132
20000    41.43648949614095
