
Frequency	dB	Unweighted
20	49.9
21.189261887185914	50.5
21.49746679841394	50.6
21.810154653305165	50.8
22.449240966187475	51.1
22.77577269513385	51.2
23.44315377638505	51.5
23.784142300054445	51.6
24.837156241469714	52.0
25.56494047120865	52.2
25.936791093020236	52.3
26.3140504066728	52.4
26.69679708340074	52.5
27.08511093873791	52.6
27.47907294916184	52.7
28.284271247461966	53.0
28.695675446220072	53.1
29.536522918790062	53.3
30.402009102982383	53.5
30.844216508158908	53.7
31.29285596815558	53.8
32.67830906482211	54.1
33.153626015361866	54.2
33.63585661014871	54.3
34.125101410453844	54.4
34.62146244024586	54.5
35.12504320746613	54.6
35.635948725613716	54.7
36.15428553564419	54.8
37.21368696608603	55.0
38.30413122794313	55.3
39.4265279456077	55.5
40.000000000000206	55.6
42.37852377437204	56.0
42.9949335968281	56.1
44.89848193237519	56.4
45.55154539026795	56.4
46.21410787489121	56.5
46.88630755277036	56.6
47.56828460010916	56.7
48.260181232021196	56.8
48.962141732186545	56.9
49.674312482939705	56.9
51.129880942417586	57.1
51.873582186040764	57.2
52.628100813345895	57.3
54.95814589832399	57.5
56.56854249492426	57.6
58.226127313687975	57.8
59.073045837580466	57.8
60.804018205965114	58.0
62.58571193631152	58.1
63.49604207872855	58.1
65.35661812964459	58.2
66.3072520307241	58.3
67.27171322029778	58.4
68.25020282090806	58.4
70.25008641493265	58.5
71.27189745122783	58.5
74.42737393217246	58.6
75.50994501453623	58.6
76.60826245588666	58.6
78.85305589121582	58.7
80.00000000000082	58.7
82.34417893148023	58.9
83.541902594194	59.0
84.75704754874454	59.1
85.98986719365665	59.2
87.24061861322157	59.3
88.50956263110764	59.4
89.79696386475084	59.4
92.42821574978288	59.6
93.77261510554118	59.7
96.52036246404286	59.8
97.92428346437356	59.8
100.79368399159105	59.9
102.25976188483567	60.0
105.25620162669229	60.0
108.34044375495276	60.1
109.9162917966485	60.1
111.51506107592134	60.1
114.78270178488147	60.1
121.60803641193078	60.2
123.3768660326369	60.2
125.17142387262359	60.2
128.83922655594208	60.2
130.71323625928977	60.2
134.5434264405962	60.2
140.50017282986593	60.2
142.5437949024563	60.2
146.7206469127495	60.2
151.01989002907314	60.2
155.4451105845792	60.2
160.00000000000236	60.2
164.6883578629612	60.1
167.08380518838874	60.1
169.51409509748981	60.1
174.4812372264439	60.1
179.5939277295025	60.1
182.20618156107355	60.0
184.85643149956664	60.0
190.27313840043846	60.0
195.84856692874806	59.9
201.58736798318304	59.9
204.5195237696723	59.9
210.5124032533856	59.9
219.83258359329807	59.8
223.03012215184378	59.8
226.2741699796992	59.8
229.5654035697641	59.8
232.90450925475412	59.8
236.2921833503241	59.7
243.21607282386276	59.7
250.34284774524843	59.7
253.9841683149166	59.7
257.67845311188546	59.6
261.42647251858085	59.6
265.22900812289896	59.6
269.08685288119375	59.6
285.0875898049141	59.6
293.44129382550057	59.6
297.7094957286928	59.6
302.0397800581479	59.6
306.4330498235497	59.5
315.41222356486645	59.5
320.00000000000654	59.5
324.6545071800142	59.5
334.16761037677935	59.5
339.02819019498156	59.5
343.95946877463007	59.4
348.9624744528898	59.4
354.03825052443415	59.4
359.187855459007	59.4
369.71286299913527	59.4
380.54627680087896	59.4
386.08144985617537	59.4
397.3944998635236	59.4
414.9886574883323	59.4
421.0248065067734	59.4
433.3617750198154	59.4
446.06024430368984	59.4
459.13080713953053	59.4
493.50746413055253	59.4
439.6651671865984	59.4
403.1747359663683	59.4
364.4123631221491	59.4
375.0904604221685	59.4
391.6971338574982	59.4
409.0390475393468	59.4
427.1487533344206	59.4
452.54833995940066	59.4
465.8090185095106	59.4
472.58436670065066	59.4
479.45826460054917	59.4
486.432145647728	59.4
507.9683366298358	59.5
515.3569062237735	59.5
522.8529450371643	59.5
538.1737057623901	59.5
553.9433990439449	59.6
578.4685685703187	59.6
586.8825876510039	59.7
595.4189914573883	59.7
604.0795601162986	59.7
668.3352207535618	60.0
678.0563803899662	60.0
687.9189375492632	60.0
697.9249489057827	60.1
718.3757109180171	60.2
739.425725998274	60.3
750.1809208443404	60.3
772.1628997123541	60.4
783.3942677149998	60.4
794.7889997270506	60.5
806.34947193274	60.5
818.0780950786972	60.5
829.9773149766683	60.5
842.0496130135506	60.5
866.7235500396347	60.5
879.3303343732008	60.5
892.1204886073838	60.4
905.0966799188055	60.4
918.2616142790653	60.4
931.6180370190256	60.5
945.1687334013056	60.5
958.9165292011028	60.6
972.8642912954606	60.7
987.0149282611097	60.8
1001.3713909810035	60.9
1030.7138124475518	61.1
1060.916032491606	61.3
1076.3474115247852	61.5
1107.8867980878947	61.7
1124.0013826389438	61.8
1156.9371371406426	62.0
1173.765175302013	62.1
1190.837982914782	62.2
1208.1591202326028	62.3
1225.73219929421	62.4
1243.5608846766518	62.5
1261.648894259477	62.6
1298.6180287200684	62.7
1375.8378750985323	63.1
1395.8498978115715	63.2
1416.153002097749	63.3
1436.7514218360407	63.4
1457.6494524886093	63.5
1478.8514519965543	63.6
1522.1851072035295	63.8
1589.5779994541087	64.0
1612.6989438654878	64.0
1636.156190157402	64.1
1659.9546299533442	64.2
1684.099226027109	64.3
1733.4471000792773	64.5
1758.6606687464096	64.6
1784.2409772147755	64.7
1836.5232285581387	64.8
1890.3374668026197	65.0
1917.833058402214	65.1
1974.0298565222283	65.4
2031.8733465193618	65.7
2061.4276248951132	65.9
2091.411780148677	66.1
2121.832064983222	66.4
2152.694823049581	66.6
2215.7735961758003	67.1
2248.002765277899	67.3
2313.874274281297	67.7
2347.530350604038	67.9
2381.6759658295764	68.1
2416.318240465218	68.3
2487.1217693533167	68.7
2560.0000000000887	69.1
2635.0137258074315	69.5
2832.3060041955137	70.5
2873.502843672097	70.6
2915.2989049772345	70.8
2957.7029039931244	70.9
3000.723683377391	71.0
3044.370214407075	71.2
3088.6515988494466	71.3
3133.57707086003	71.4
3319.9092599067053	71.5
3517.3213374928373	71.1
3568.4819544295697	70.9
3620.386719675257	70.7
3673.0464571162966	70.5
3726.472148076138	70.2
3780.6749336052594	69.9
3835.6661168044484	69.5
3891.45716518188	69.2
4005.4855639240527	68.4
4122.855249790247	67.5
4182.823560297375	67.1
4243.664129966465	66.7
4305.389646099183	66.4
4368.012980538242	66.2
4695.060701208099	66.5
4832.63648093046	66.8
4974.243538706657	67.0
5046.595577037959	67.1
5194.472114880326	67.1
5270.027451614888	67.1
5346.6817660285715	67.1
5424.451043119808	67.1
5503.351500394186	67.0
5664.612008391055	66.8
5830.597809954497	66.6
5915.405807986278	66.6
6001.447366754812	66.5
6088.740428814181	66.5
6267.154141720092	66.5
6450.795775462017	66.6
6639.818519813445	66.8
6736.396904108505	66.9
6834.380053350861	67.1
6933.788400317181	67.2
7136.963908859177	67.7
7240.773439350552	68.0
7346.092914232631	68.3
7452.944296152315	68.7
7561.349867210557	69.0
7671.332233608935	69.3
7782.914330363799	69.6
7896.119426088994	69.8
8010.971127848146	70.0
8127.49338607753	70.0
8245.710499580537	70.0
8365.647120594791	69.8
8487.328259932974	69.4
8610.77929219841	68.9
8736.025961076528	68.3
8863.094384703289	67.6
9255.497097125279	65.1
9390.121402416245	64.3
9526.7038633184	63.5
9665.272961860968	62.8
9805.857594353829	62.3
9948.487077413367	61.8
10093.19115407597	61.5
10388.944229760706	61.4
10540.05490322983	61.4
10693.363532057198	61.4
10848.902086239672	61.3
11006.703000788428	61.2
11166.799182492743	61.0
11329.224016782166	60.7
11494.0113746885	60.4
11661.195619909053	60.2
11830.811615972614	60.0
12002.894733509682	59.9
12534.308283440243	60.0
12716.62399563306	60.3
13279.637039626952	61.5
13472.793808217073	61.9
7034.642674985712	67.5
8992.011061111683	66.8
9122.802873757471	65.9
12177.48085762842	59.8
12354.606395397908	59.9
12901.591550924093	60.7
13089.249521259411	61.1
13668.760106701786	62.1
13867.576800634426	62.3
14481.54687870117	61.8
14692.18582846533	61.4
14905.888592304698	60.9
15122.699734421185	60.6
15342.664467217943	60.3
15565.828660727671	60.0
16021.942255696367	59.5
16491.42099916115	58.6
16731.294241189662	57.9
16974.65651986603	57.2
17221.558584396902	56.5
17726.188769406665	54.6
17984.022122223458	53.4
18245.605747515034	52.2
18510.99419425065	50.9
18780.242804832582	49.6
19053.40772663689	48.2
19330.545923722028	47.0
19611.71518870775	46.0
19896.974154826825	45.4
20186.382308152035	45.3
17472.051922153143	55.6
16254.986772155136	59.1
14273.927817718419	62.1
14069.285349971487	62.2
10240.000000000457	61.4
6544.624760629676	66.7
6358.3119978165005	66.5
6177.303197698925	66.5
5747.005687344222	66.7
5583.399591246343	66.9
4902.928797176889	67.0
4496.00553055582	66.1
4431.5471923516225	66.1
3466.8942001585724	71.3
3417.190026675413	71.4
2712.225521559891	69.9
2673.340883014273	69.7
1810.193359837619	64.7
1544.3257994247153	63.8
1356.112760779938	63.0
1336.6704415071292	62.9
1280.0000000000375	62.7
1015.9366732596762	61.0
854.2975066688449	60.5
728.8247262443015	60.2
640.0000000000159	59.8
570.1751796098309	59.6
310.89022116916016	59.5
276.97169952197106	59.6
187.54523021108326	60.0
171.97973438731407	60.1
153.216524911774	60.2
138.48584976098482	60.2
118.14609167516147	60.2
106.78718833360406	60.0
77.72255529228926	58.6
61.68843301631817	58.0
43.62030930661056	56.2
29.966141537533712	53.4
24.130090616010463	51.7
