
Frequency	dB	Unweighted
20	66.3
20.3	66.3
20.6	66.3
20.9	66.2
21.2	66.2
21.5	66.2
21.8	66.2
22.1	66.1
22.7	66.1
23	66.0
23.3	66.0
23.9	66.0
24.2	65.9
24.6	65.9
25	65.9
25.4	65.8
25.8	65.8
26.2	65.7
26.6	65.7
27	65.7
27.4	65.6
27.8	65.6
28.2	65.5
28.6	65.5
29	65.4
29.4	65.4
29.8	65.4
30.2	65.3
30.6	65.3
31	65.2
31.5	65.2
32.5	65.1
33	65.0
33.5	65.0
34	64.9
34.5	64.9
35	64.9
35.5	64.8
36	64.8
36.5	64.7
37	64.6
37.5	64.6
38	64.5
38.6	64.5
39.2	64.4
39.8	64.3
40.4	64.3
41	64.2
41.6	64.2
42.2	64.1
43.4	64.1
44	64.0
44.6	64.0
45.2	63.9
45.9	63.9
46.6	63.8
47.3	63.7
48	63.7
48.7	63.6
49.4	63.5
50.1	63.5
50.8	63.4
51.5	63.4
52.2	63.3
53	63.2
53.8	63.2
54.6	63.1
55.4	63.0
56.2	62.9
57	62.9
57.8	62.8
58.6	62.7
59.5	62.7
60.4	62.6
61.3	62.5
62.2	62.4
63.1	62.4
64	62.3
64.9	62.2
65.8	62.2
66.8	62.1
67.8	62.0
68.8	61.9
69.8	61.8
70.8	61.7
71.8	61.6
72.8	61.6
73.9	61.5
75	61.4
76.1	61.3
77.2	61.2
78.3	61.1
79.4	61.1
80.6	61.0
81.8	61.0
83	60.9
84.2	60.9
85.4	60.9
86.6	60.8
87.9	60.8
89.2	60.7
91.8	60.6
93.1	60.6
94.5	60.6
95.9	60.5
97.3	60.5
98.7	60.5
100	60.5
102	60.4
104	60.4
106	60.4
108	60.3
110	60.3
112	60.2
114	60.2
116	60.1
118	60.1
120	60.0
122	60.0
124	59.9
126	59.9
128	59.8
130	59.8
132	59.7
134	59.7
136	59.6
138	59.6
140	59.5
142	59.4
144	59.4
148	59.3
150	59.2
152	59.1
154	59.1
156	59.0
158	58.9
160	58.9
162	58.8
166	58.7
168	58.6
170	58.6
173	58.6
176	58.5
179	58.5
182	58.5
185	58.6
188	58.7
191	58.7
194	58.8
197	58.9
200	59.0
203	59.0
206	59.1
209	59.1
212	59.1
215	59.1
218	59.2
221	59.1
224	59.1
227	59.1
230	59.1
233	59.0
236	59.0
239	58.9
243	58.8
247	58.7
255	58.6
259	58.5
263	58.5
267	58.4
271	58.3
275	58.3
279	58.2
283	58.2
287	58.1
291	58.0
295	58.0
299	57.9
307	57.8
312	57.7
317	57.6
322	57.6
327	57.5
332	57.4
337	57.4
342	57.3
347	57.2
352	57.1
357	57.1
367	56.9
372	56.9
377	56.8
383	56.8
389	56.8
395	56.8
401	56.8
407	56.8
413	56.9
419	57.0
425	57.1
431	57.2
437	57.3
443	57.4
449	57.6
456	57.7
463	57.8
470	57.9
477	58.0
484	58.1
491	58.2
505	58.3
512	58.3
519	58.3
527	58.4
535	58.4
543	58.5
551	58.5
559	58.6
567	58.6
575	58.7
583	58.8
592	58.9
601	59.0
610	59.1
619	59.2
628	59.3
637	59.4
655	59.7
665	59.8
675	59.9
685	60.0
695	60.1
705	60.2
715	60.3
725	60.3
736	60.4
758	60.5
769	60.6
791	60.7
803	60.8
815	60.8
827	60.9
839	61.0
851	61.0
863	61.1
876	61.2
889	61.3
902	61.4
915	61.5
928	61.6
942	61.7
956	61.8
970	61.9
984	62.0
998	62.1
1010	62.2
1030	62.4
1050	62.5
1070	62.7
1090	62.9
1110	63.0
1130	63.2
1150	63.4
1190	63.7
1210	63.9
1230	64.0
1250	64.2
1270	64.3
1290	64.5
1310	64.6
1330	64.7
1350	64.9
1370	65.0
1390	65.1
1410	65.2
1430	65.3
1470	65.6
1510	65.8
1530	65.9
1550	66.0
1570	66.1
1590	66.2
1610	66.3
1630	66.4
1650	66.5
1670	66.6
1690	66.7
1710	66.8
1730	66.9
1760	67.0
1790	67.2
1820	67.3
1850	67.4
1880	67.6
1910	67.7
1940	67.8
1970	68.0
2000	68.1
2030	68.2
2060	68.3
2090	68.4
2120	68.5
2150	68.6
2180	68.7
2210	68.8
2240	68.8
2270	68.9
2300	69.0
2330	69.0
2360	69.1
2390	69.1
2460	69.2
2500	69.2
2540	69.2
2580	69.2
2620	69.2
2660	69.1
2700	69.1
2740	69.0
2780	69.0
2820	68.9
2860	68.8
2900	68.7
2940	68.6
2980	68.5
3020	68.4
3060	68.3
3100	68.2
3150	68.0
3200	67.9
3250	67.7
3300	67.6
3350	67.4
3400	67.3
3450	67.1
3500	67.0
3550	66.9
3600	66.7
3650	66.6
3700	66.5
3750	66.4
3800	66.2
3860	66.1
3920	66.0
3980	65.9
4040	65.8
4100	65.7
4160	65.7
4220	65.6
4280	65.5
4340	65.5
4400	65.5
4520	65.5
4590	65.5
4660	65.5
4730	65.6
4800	65.7
4870	65.8
4940	65.9
5010	66.0
5080	66.1
5150	66.3
5220	66.4
5300	66.6
5380	66.8
5460	67.1
5540	67.3
5620	67.5
5700	67.8
5780	68.0
5860	68.3
5950	68.6
6040	68.9
6130	69.1
6220	69.4
6400	69.8
6490	69.9
6580	70.0
6680	70.0
6780	70.0
6880	69.8
6980	69.7
7080	69.5
7180	69.2
7280	69.0
7390	68.7
7500	68.4
7610	68.1
7720	67.8
7830	67.5
7940	67.2
8060	66.9
8180	66.7
8300	66.4
8420	66.1
8540	65.9
8660	65.7
8790	65.4
8920	65.2
9050	65.0
9180	64.7
9310	64.5
9450	64.3
9590	64.1
9730	64.0
9870	63.9
10010	63.8
10160	63.8
10310	63.8
10460	63.9
10610	64.0
10760	64.2
10920	64.4
11240	64.7
11400	64.8
11570	65.0
11740	65.3
11910	65.8
12080	66.3
12260	66.9
12440	67.4
12620	67.7
12800	67.7
12990	67.5
13180	67.1
13370	66.5
13560	66.0
13760	65.4
13960	65.0
14160	64.8
14370	64.8
14580	65.0
14790	65.3
15010	65.6
15230	65.7
15450	65.2
15900	62.4
16130	60.6
16360	58.9
16600	57.3
16840	56.0
17080	54.9
17330	53.9
17580	53.2
17840	52.5
18100	51.8
18360	51.0
18630	49.8
18900	48.4
19170	46.8
19450	45.3
19730	44.1
20000	43.4
23.6	66.0
146	59.3
