20.58529975725124    -0.25406739702581405
21.639147982783836    -0.18813753904144548
22.746947139104652    0.06350378805827361
23.911459201669352    0.5318084957925642
25.135587543094058    0.8659882536102153
26.42238417187174    1.0660430615112269
27.775057341668994    1.352075401410083
29.59725679734511    2.1566341706812366
31.112465073363904    2.600865169456135
32.7052432449793    2.439814342966187
34.37956244196804    1.8557540590468236
36.1395970929715    1.6087257005590274
37.81769801936266    2.1380471522033666
39.394509226127816    3.005806184337473
41.22374828092481    3.7403273456833475
43.33416564127206    4.143289129099278
45.55262415800576    4.28487921524175
47.88465491312545    4.233879629709044
50.33607214802203    3.9421429545823656
52.91298775960004    3.5403550384984435
55.62182653851752    3.1935927428931414
58.46934218753548    2.8949778652066342
61.46263415991434    2.6273148990393516
64.60916535983863    2.3734083379917266
67.91678074900118    2.181405599982554
71.3937269057366    2.027232976052428
75.04867258546933    1.8799385546821377
78.89073033373768    1.7120095256323538
82.92947920567939    1.4959330786637857
87.17498864862361    1.269539327855469
91.63784360733341    1.0809756911262092
96.32917091449124    0.9061684595166035
101.2606670322247    0.7382394304668232
106.44462721383753    0.573749502696959
111.89397615845357    0.4161377774869237
117.62230023499929    0.251647849717056
123.64388135586942    0.10435342834676575
129.97373258472737    -0.0051108789444818115
136.25606595846133    -0.08897026398541641
170.6578578995767    -0.5709243616247619
187.72453388758285    -0.6520296370457892
197.03661444464558    -0.692625489417118
207.43735089646822    -0.7299550991518018
218.0569428737199    -0.7362463680456273
224.07684909630984    -0.7378020958350326
316.37819271184725    -0.4170369544560302
332.5749253763373    -0.36830260287123195
349.60083702676303    -0.3195682512864373
367.4983768289506    -0.2742730009815517
386.3121671003736    -0.277125168595461
406.08911456294203    -0.31092924772860187
421.1053651719005    -0.3198817540076355
509.5423243910506    -0.028130935901053533
672.0818096272267    0.3192215933988969
709.7024113754416    0.33812038601153205
746.0350679655288    0.28024259791900263
778.9066941265188    0.519806114826384
831.8930994797969    1.106282196500544
874.4812122135345    1.3991927389592291
919.2495898723637    1.6783468762982565
966.3098494037953    1.8577670765197851
1015.7793218971528    1.8136456935469063
1067.7813451145676    1.5253481197001442
1124.357658699411    1.1183043187095087
1179.908288918034    0.6942594772929844
1240.3127654731773    0.2408850420103512
1303.8096016821767    -0.09899905103512552
1370.5571084645892    -0.36322291592248845
1440.7217013429472    -0.6549595910491703
1514.478315351531    -0.78849760729981
1592.01084118607    -0.5059043686808664
1673.5125836817851    0.16874641584826477
1759.1867437628534    0.7849324786188525
1849.2469250648967    1.3323365157911695
1943.9176664936085    1.9691571862412474
2034.181263748973    2.7888916348560926
2114.193170119402    3.621577288149087
2207.3482649727907    4.420854538362459
2320.3517227608963    5.0955053228915865
2422.5905285057934    5.812674030047011
2500.7959834374537    6.60213890044623
2575.674167039277    7.423708868394717
2683.067057253898    8.361232526492794
2820.4245643397967    8.881123753425795
2964.8139809345703    8.97800552292939
3116.5953001131525    9.267476964108159
3276.1469445127213    9.505361886088222
3428.2710871376994    9.030465763997702
3546.982072090668    8.171038518469079
3653.1848877483108    7.290253352860182
3805.504652648792    6.504787269721394
4000.3244693501397    5.910409681962289
4176.585849177413    4.996584607118546
4360.613617520592    4.347570330828173
4583.851800945082    4.57169884768858
4818.518487536748    5.040003555422874
5065.1987505238285    5.608042200274671
5324.507615498173    6.3342795040025095
5594.269626348977    7.077359001539358
5817.24600016332    7.810186377349863
6073.564160012501    8.713496441280629
6384.495498791423    9.040797996538453
6711.344722833067    8.707792106052807
7054.9267357500175    8.240661265650521
7416.098159504179    8.217174490357126
7795.759470144848    8.637331780172627
8194.85724288421    9.181296716065026
8614.38651210772    9.319447700927585
9055.393252203345    8.893586075884263
9497.39908514127    8.15764715937516
9848.591273459977    7.299351273666721
10097.540294087024    6.436659592659991
10305.899364004668    5.597555769966915
10494.714067624382    4.735883522808857
10686.988051316954    3.8269236330519796
10858.115272517905    2.9243984062907344
11031.98269757193    2.018720670022894
11234.099996587569    0.9678978524695729
11465.91156242222    -0.009285886612044436
11889.894858962416    -0.4075446577773363
12301.60708761033    0.565495895341499
12526.985214666916    1.396721253221056
12814.523339335474    2.290737513267473
13318.566150013516    2.6674078899029965
13779.749080313646    1.7790348752684295
14032.208292911868    0.851159928472029
14256.901424498466    -0.09234792187485752
14452.357027896416    -1.0514886757722373
14617.282066587835    -2.0104997856871663
14817.678323901753    -3.083130881821699
15014.00580992328    -4.148170026343937
15157.795867283903    -5.262811390698339
15358.629755778502    -6.336047059937705
15505.720297871132    -7.316391519311466
15647.116001088489    -8.177545190539725
15796.969393701258    -9.046290813380281
16006.272040177371    -9.928484406520425
16299.52344935355    -10.932019581474933
16598.14752674182    -11.840979471231808
16940.644261620175    -12.68197479962884
17567.070704947735    -13.37118153907484
18466.40306874747    -12.703408957105545
19323.869410086532    -12.669318089768801
141.743393069181    -0.2712186186441201
147.50089647798762    -0.3398648607665571
154.1046269573889    -0.4087385589596444
159.09229491798294    -0.4105582075248506
164.24139107302062    -0.478749537505994
175.7432827521671    -0.4826162907070568
181.4312958766204    -0.484435939272263
233.15823756812847    -0.6315090345551262
240.704512421957    -0.5669570017044059
247.50758721450202    -0.5021775127830352
252.48433264256371    -0.6360581559681435
258.5886954423113    -0.6374228923920491
265.8972341061682    -0.639015084886605
276.69776736990434    -0.5749179641771853
287.93700966787713    -0.6435642062996259
300.82817475428857    -0.579694541660853
439.1278105208904    -0.4685595055408278
462.4559037566136    -0.33877307162743264
483.16041620323705    -0.27490340698866333
498.7981279014751    -0.14397969272201294
451.5389585646101    -0.40378001661945717
525.2961290635678    -0.08056494022454785
542.2975827154362    -0.01601290737382044
564.3252773646511    0.0480842133355992
584.914187118508    0.17878047153159926
606.2542650759806    0.24310504831166924
630.8798290772233    0.3072021690210889
653.8969229190192    0.43789842721708894
20000   -12