
Frequency	dB	Unweighted
20.290906698750476	52.2
20.586044732869844	52.2
20.885475648548283	52.2
21.49746679841394	52.3
22.12739065777668	52.4
22.449240966187475	52.5
22.77577269513385	52.5
23.107053937445478	52.6
23.44315377638505	52.7
23.784142300054445	52.8
24.130090616010463	53.0
24.481070866093134	53.1
24.837156241469714	53.3
25.56494047120865	53.7
25.936791093020236	53.8
26.69679708340074	54.1
27.47907294916184	54.4
28.284271247461966	54.6
28.695675446220072	54.7
29.11306365684382	54.9
29.536522918790062	55.0
29.966141537533712	55.1
30.402009102982383	55.2
30.844216508158908	55.3
31.29285596815558	55.4
31.74802103936409	55.6
32.67830906482211	55.8
33.63585661014871	56.0
34.62146244024586	56.2
35.12504320746613	56.2
35.635948725613716	56.3
36.15428553564419	56.4
36.68016172818701	56.5
37.21368696608603	56.6
37.754972507267915	56.7
38.30413122794313	56.8
38.86127764614443	56.8
39.4265279456077	56.9
40.000000000000206	57.0
40.58181339750116	57.0
41.77095129709678	57.1
42.37852377437204	57.2
42.9949335968281	57.2
43.62030930661056	57.2
44.25478131555359	57.3
44.89848193237519	57.4
45.55154539026795	57.4
46.21410787489121	57.5
46.88630755277036	57.6
47.56828460010916	57.6
48.962141732186545	57.8
49.674312482939705	57.8
50.39684199579528	57.9
51.129880942417586	57.9
51.873582186040764	57.9
52.628100813345895	57.9
53.393594166801776	57.9
54.17022187747612	57.9
54.95814589832399	57.9
55.75753053796041	57.9
57.39135089244048	57.8
58.226127313687975	57.8
59.073045837580466	57.8
59.932283075067765	57.8
60.804018205965114	57.8
61.68843301631817	57.9
62.58571193631152	58.0
63.49604207872855	58.1
64.41961327797075	58.2
66.3072520307241	58.4
67.27171322029778	58.5
68.25020282090806	58.6
69.2429248804921	58.7
70.25008641493265	58.9
71.27189745122783	59.0
72.30857107128878	59.1
74.42737393217246	59.3
76.60826245588666	59.5
78.85305589121582	59.7
81.16362679500274	59.9
84.75704754874454	60.2
85.98986719365665	60.3
87.24061861322157	60.4
88.50956263110764	60.4
89.79696386475084	60.5
91.10309078053635	60.6
92.42821574978288	60.6
93.77261510554118	60.7
96.52036246404286	60.8
97.92428346437356	60.8
99.34862496587989	60.8
102.25976188483567	60.9
103.74716437208203	60.9
105.25620162669229	60.9
106.78718833360406	61.0
108.34044375495276	61.0
109.9162917966485	61.0
111.51506107592134	61.0
113.13708498984903	61.1
114.78270178488147	61.1
116.45225462737648	61.1
119.86456615013608	61.1
121.60803641193078	61.1
123.3768660326369	61.1
128.83922655594208	61.1
130.71323625928977	61.1
134.5434264405962	61.1
136.50040564181674	61.1
140.50017282986593	61.1
144.61714214257822	61.0
148.8547478643456	61.0
151.01989002907314	61.0
155.4451105845792	61.1
160.00000000000236	61.1
162.3272535900062	61.1
164.6883578629612	61.1
167.08380518838874	61.1
169.51409509748981	61.1
171.97973438731407	61.1
177.01912526221608	61.1
182.20618156107355	61.2
184.85643149956664	61.2
187.54523021108326	61.2
190.27313840043846	61.3
193.04072492808663	61.2
198.69724993176072	61.2
201.58736798318304	61.2
204.5195237696723	61.2
207.49432874416505	61.2
210.5124032533856	61.2
213.57437666720915	61.2
219.83258359329807	61.3
223.03012215184378	61.3
226.2741699796992	61.3
229.5654035697641	61.3
232.90450925475412	61.3
236.2921833503241	61.4
239.72913230027333	61.4
250.34284774524843	61.3
257.67845311188546	61.3
265.22900812289896	61.3
269.08685288119375	61.3
273.0008112836349	61.3
276.97169952197106	61.3
281.00034565973334	61.2
289.23428428515797	61.3
293.44129382550057	61.3
297.7094957286928	61.3
302.0397800581479	61.4
306.4330498235497	61.4
315.41222356486645	61.4
320.00000000000654	61.4
324.6545071800142	61.3
329.3767157259242	61.3
334.16761037677935	61.3
339.02819019498156	61.3
343.95946877463007	61.3
348.9624744528898	61.3
354.03825052443415	61.3
359.187855459007	61.2
364.4123631221491	61.2
375.0904604221685	61.1
380.54627680087896	61.1
386.08144985617537	61.1
391.6971338574982	61.0
397.3944998635236	61.0
403.1747359663683	60.9
421.0248065067734	60.8
439.6651671865984	60.7
459.13080713953053	60.7
465.8090185095106	60.7
472.58436670065066	60.7
479.45826460054917	60.7
486.432145647728	60.7
500.6856954904994	60.9
515.3569062237735	60.9
530.4580162458005	60.9
553.9433990439449	61.0
562.0006913194694	61.0
570.1751796098309	61.0
578.4685685703187	61.0
586.8825876510039	61.1
595.4189914573883	61.1
604.0795601162986	61.2
621.780442338323	61.2
640.0000000000159	61.1
649.3090143600314	61.0
658.7534314518515	61.0
668.3352207535618	61.0
678.0563803899662	61.0
708.0765010488715	60.9
728.8247262443015	60.9
761.0925536017613	61.0
783.3942677149998	61.0
794.7889997270506	61.0
806.34947193274	61.1
829.9773149766683	61.1
842.0496130135506	61.1
854.2975066688449	61.1
879.3303343732008	60.9
892.1204886073838	60.9
905.0966799188055	60.7
918.2616142790653	60.7
945.1687334013056	60.5
972.8642912954606	60.4
1001.3713909810035	60.4
1030.7138124475518	60.3
1060.916032491606	60.1
1092.0032451345498	60.1
1140.350359219667	60.3
1173.765175302013	60.2
1190.837982914782	60.2
1208.1591202326028	60.2
1243.5608846766518	60.1
1261.648894259477	60.1
1280.0000000000375	60.2
1298.6180287200684	60.2
1317.5068629037087	60.2
1336.6704415071292	60.3
1375.8378750985323	60.4
1416.153002097749	60.6
1436.7514218360407	60.6
1457.6494524886093	60.7
1478.8514519965543	60.8
1544.3257994247153	61.2
1589.5779994541087	61.5
1612.6989438654878	61.7
1636.156190157402	61.9
1708.5950133376978	62.2
1758.6606687464096	62.4
1784.2409772147755	62.4
1863.2360740380593	62.5
1917.833058402214	62.6
1974.0298565222283	62.8
2002.7427819620161	63.0
2061.4276248951132	63.5
2091.411780148677	63.7
2121.832064983222	63.9
2152.694823049581	64.1
2184.0064902691106	64.3
2248.002765277899	64.7
2280.7007184393456	65.0
2313.874274281297	65.2
2381.6759658295764	65.7
2416.318240465218	66.1
2451.4643985884327	66.4
2487.1217693533167	66.7
2523.2977885189675	66.9
2560.0000000000887	67.1
2597.236057440151	67.3
2635.0137258074315	67.5
2712.225521559891	67.8
2751.6757501970797	67.9
2791.699795623158	68.1
2915.2989049772345	68.2
3000.723683377391	68.3
3044.370214407075	68.3
3088.6515988494466	68.4
3133.57707086003	68.4
3225.3978877309914	68.5
3319.9092599067053	68.5
3368.198452054235	68.4
3517.3213374928373	68.4
3726.472148076138	67.9
3780.6749336052594	67.7
4182.823560297375	65.6
4305.389646099183	64.4
4368.012980538242	63.8
4431.5471923516225	63.2
4496.00553055582	62.7
4561.401436878714	62.3
4627.748548562617	62.3
4695.060701208099	62.6
4832.63648093046	63.7
4902.928797176889	64.3
4974.243538706657	64.6
5046.595577037959	64.7
5270.027451614888	64.3
5346.6817660285715	64.0
5424.451043119808	63.5
5503.351500394186	63.1
5583.399591246343	62.9
5747.005687344222	64.0
5830.597809954497	65.2
5915.405807986278	66.6
6001.447366754812	68.1
6088.740428814181	69.5
6267.154141720092	71.1
6358.3119978165005	71.4
6450.795775462017	71.3
6736.396904108505	70.0
6933.788400317181	69.1
7136.963908859177	68.4
7240.773439350552	68.2
7346.092914232631	68.2
7452.944296152315	68.5
7782.914330363799	70.8
7896.119426088994	71.7
8010.971127848146	72.6
8127.49338607753	73.3
8245.710499580537	73.6
8365.647120594791	73.2
8487.328259932974	72.3
8610.77929219841	70.8
8736.025961076528	69.0
8863.094384703289	67.1
8992.011061111683	65.1
9122.802873757471	63.1
9255.497097125279	61.6
9390.121402416245	61.4
9665.272961860968	63.5
9805.857594353829	64.2
10240.000000000457	60.8
10540.05490322983	63.6
10848.902086239672	65.6
11006.703000788428	64.8
11166.799182492743	63.4
11329.224016782166	62.3
11494.0113746885	61.7
11661.195619909053	61.8
11830.811615972614	62.4
12002.894733509682	63.6
12177.48085762842	65.1
12354.606395397908	66.8
12534.308283440243	68.7
12716.62399563306	70.3
12901.591550924093	71.2
13089.249521259411	71.5
13279.637039626952	71.0
13472.793808217073	69.8
13668.760106701786	68.1
13867.576800634426	66.4
14069.285349971487	64.3
9948.487077413367	63.8
14273.927817718419	61.8
14481.54687870117	59.6
14692.18582846533	58.3
14905.888592304698	58.0
15122.699734421185	58.4
15342.664467217943	58.8
15792.238852178061	58.3
16021.942255696367	57.6
16254.986772155136	57.3
16491.42099916115	57.3
16731.294241189662	57.4
16974.65651986603	57.6
17221.558584396902	57.6
17726.188769406665	55.1
17984.022122223458	52.7
18245.605747515034	51.5
18510.99419425065	52.7
18780.242804832582	55.5
19053.40772663689	57.4
19330.545923722028	57.4
19611.71518870775	55.8
19896.974154826825	53.6
20186.382308152035	52.7
10693.363532057198	65.2
10388.944229760706	61.5
10093.19115407597	62.1
9526.7038633184	62.3
6177.303197698925	70.5
7561.349867210557	69.1
6834.380053350861	69.5
