20.835855667861875    -4.234048383087391
21.90318756515166    -4.0009712096901815
23.02519431703499    -3.9225379991412623
24.204676682799946    -3.9712564913787247
25.444578892671128    -3.7759811755666597
26.747995997212875    -3.511975209599786
28.118181593211233    -3.2960806987412745
29.55855594531964    -3.0423843302976223
31.072714523742064    -3.0292452373957666
32.66443697926494    -2.954248559354589
34.337696578041935    -3.1713571444713153
36.0966701196821    -3.0070106212289005
37.945748363399716    -2.8426640979864892
39.88954698825094    -2.843271135115593
41.932918114816694    -2.9194818874149746
44.08096241709215    -3.0128753022530574
46.339041854816664    -3.205928159815599
48.712793058026456    -3.4127271474091003
51.20814139724078    -3.1487211814422302
53.83131577440373    -2.7163251225961
56.58886417150278    -2.1739600235022927
59.48766999567667    -1.7553100946871254
62.53496926161319    -1.4775579986892993
65.73836865412805    -1.3097749429391428
69.10586451601246    -1.1523014847122113
72.645862808547    -1.0498125466091182
76.36720009450725    -0.9610697385369811
80.2791655960394    -0.9204383855732061
84.39152438246664    -0.8798070326094347
88.71454174590758    -0.729206639397983
93.25900882555361    -0.6610830263722853
98.03626954456861    -0.6616900635013891
103.05824892685115    -0.5660741904137758
108.33748286434303    -0.47045831732615895
113.88714940919039    -0.4057712368082065
119.72110166886785    -0.375449481367653
125.85390238638061    -0.40011224605093787
131.70137411625848    -0.3796630659947411
146.86793677277953    -0.07895448690425155
154.39135391031112    -0.10018071907979476
162.30016357577682    -0.11797041874759984
170.61410778239613    -0.09795826083026427
179.3539398424094    -0.0641999728819691
188.54147617160692    -0.054497412487855
198.19965074758332    -0.006992994508600248
208.35257235765624    -0.024782694176401776
219.02558477934983    0.008975593771893386
230.24533004367004    -0.001941040880431899
242.039814939084    0.007761519513682202
254.43848092221762    0.007154482384578387
267.4722776097769    0.006547445255474571
281.1737400351479    0.005940408126370755
295.57706986252214    0.005333370997263387
310.7182207612748    0.004726333868159571
326.63498815370644    -0.03711909335382302
343.3671035601815    -0.07209145556032581
360.95633377716166    -0.07269849268942963
379.44658513570727    -0.08361512734175136
398.8840131006987    -0.14951628211791856
419.317137484355    -0.17761557930894512
440.79696356165016    -0.1507303563761262
463.1433415264721    -0.11772961063026699
487.11393965072045    -0.038538857878918975
511.83420244979976    0.028902967164583515
539.2152387496947    0.12088426815213182
572.3338181659431    0.26191692843099545
604.3906709154697    0.4124621364488945
633.9099272072773    0.44968454950170766
678.9068943199852    0.41860976701091346
713.3603465363811    0.5375995796705162
749.902750374126    0.6297789202503914
788.317065490266    0.7185217283225249
821.2061367666598    0.7489538541501908
875.1152537928704    1.036849992090577
919.9436706847524    0.9915680323608527
967.0684559147724    0.9531591376466046
1009.7053477705122    0.9023755903821389
1068.6836898020042    0.5636168900137868
1123.427790952522    0.33276217486610804
1180.9761985965106    0.2324956950125454
1241.472565378621    0.21470599534474033
1305.0679026549594    0.17286056812275064
1371.9209574484457    0.1378882059162514
1442.1986087139833    0.16820996135680844
1516.0762839026104    0.14354719667352
1593.7383968644376    0.4694107477797118
1675.3788081835019    1.1079987570902396
1761.2013090935925    1.8050078190323369
1851.4201301830271    2.5913667261756785
1946.2604761581983    3.3330507107184033
2045.959088000774    3.7791928995954898
2150.7648339218017    4.118802580732639
2260.9393305878884    4.5683813021174675
2376.757596170122    5.2104058439357335
2498.508736845905    5.7699536055682366
2626.4966684673614    6.047705701566068
2761.0408751977125    6.308275135025198
2902.4772070093654    6.689123206255228
3051.158718034423    6.654150844048724
3207.456547860297    6.234286840975349
3371.760847970357    6.529221599511876
3528.4208788837036    7.304562420434946
3683.984736348372    8.25706499288152
3850.2910841980183    8.87857903776186
4061.847414008362    8.891293371901204
4250.570508597614    8.049936566405282
4448.0621271615755    7.168486881652395
4675.917352554073    6.580232785699758
4915.444627988689    6.706777451357034
5120.519991446088    7.424843367542946
5285.920169698633    8.281299176451219
5506.451999888591    8.836047976316923
5788.524018147078    8.271849607918467
6016.347550638288    8.60014214368037
6196.5972423430185    9.46202581055473
6455.123078324734    9.841020519310302
6693.9647822409715    9.002065105873317
6847.7080031526475    8.18526905606653
7101.07548004641    7.3174467695645316
7380.558141823246    7.621110822354298
7550.0706531319665    8.5091785496373
7705.958125043935    9.408614426792617
7991.081142306423    9.955268920476376
8324.473946762979    9.210026565985597
8593.366457084858    8.318596483695286
8850.823600569027    7.562200628234391
9074.687452619004    6.775618471898941
9262.053922466966    5.888916578156428
9404.350480877107    4.801927908005309
9517.907438586286    3.913438408171567
9609.116021833055    3.0249788660143295
9877.546886496624    2.1961533637657915
10251.884005479125    3.272604289814275
10399.262375573076    4.246278705565977
10541.917706163696    5.178558970418749
10931.972172505244    5.779510677724801
11310.745548208548    4.969793383200381
11512.865848229478    3.9224667058371576
11649.615332717414    2.9722365370274133
11787.989123590443    1.9564831484034286
11938.84571922272    0.897876617477575
12053.253766440888    -0.14368044789948442
12163.232942788496    -0.9901324075538795
12274.215617400048    -1.9039376769532268
12584.667312406897    -2.679506564823395
13002.975532439408    -2.2018331330688277
13119.634128942    -1.1889868873019793
13239.343427646058    -0.1605717158934219
13337.915830496317    0.7906848975164422
13441.291132720035    1.7639889155047364
13594.770886483853    2.737248785338185
13949.177824554848    3.826889629612891
14226.41628583606    3.870752660956816
14543.721733890217    2.8579348618433187
14719.336285605114    1.9140926419741966
14853.641968737871    1.072890940317734
14989.173115856998    0.20333784547241862
15132.811962185293    -0.7229235542699577
15358.326657197795    -1.7923558434514817
15614.530607864397    -2.7583043321054923
15792.82555655417    -3.525729999644877
16009.46887887504    -4.346285869245893
16229.084077820373    -5.247395697272374
16421.85266477433    -6.137142893945903
16632.01105235076    -7.067223109082281
16768.530938418564    -8.095532968746468
16860.166180029188    -9.002843773022079
17021.734453361103    -10.130715079885203
17177.048227671617    -11.390887369776951
17685.49288072527    -12.187504033807151
18180.384327356478    -11.038759847235095
18710.90034598055    -10.210618641386635
19233.58975331972    -11.378400799981922
19351.874420866003    -12.472839077083012
19506.28973086532    -13.452633793586582
19684.273677753616    -14.700205464283297
19818.82658223789    -15.39332229780118
136.89401451972589    -0.2620008587376539
141.6173939932842    -0.2624130528123665
851.2917604349346    0.9157921854873337
