
Frequency	dB	Unweighted
20	51.0
21.189261887185914	51.5
21.49746679841394	51.6
21.810154653305165	51.7
22.449240966187475	52.0
22.77577269513385	52.1
23.44315377638505	52.4
23.784142300054445	52.5
24.837156241469714	52.8
25.56494047120865	53.1
25.936791093020236	53.2
26.3140504066728	53.3
26.69679708340074	53.5
27.08511093873791	53.6
27.47907294916184	53.7
28.284271247461966	53.9
28.695675446220072	54.0
29.536522918790062	54.3
30.402009102982383	54.5
30.844216508158908	54.6
31.29285596815558	54.7
32.67830906482211	55.0
33.153626015361866	55.1
33.63585661014871	55.2
34.125101410453844	55.3
34.62146244024586	55.4
35.12504320746613	55.5
35.635948725613716	55.6
36.15428553564419	55.7
37.21368696608603	55.9
38.30413122794313	56.1
39.4265279456077	56.3
40.000000000000206	56.4
42.37852377437204	56.7
42.9949335968281	56.8
44.89848193237519	57.0
45.55154539026795	57.1
46.21410787489121	57.1
46.88630755277036	57.2
47.56828460010916	57.2
48.260181232021196	57.3
48.962141732186545	57.3
49.674312482939705	57.4
51.129880942417586	57.5
51.873582186040764	57.6
52.628100813345895	57.7
54.95814589832399	57.9
56.56854249492426	58.0
58.226127313687975	58.1
59.073045837580466	58.2
60.804018205965114	58.3
62.58571193631152	58.4
63.49604207872855	58.4
65.35661812964459	58.5
66.3072520307241	58.5
67.27171322029778	58.5
68.25020282090806	58.6
70.25008641493265	58.7
71.27189745122783	58.7
74.42737393217246	58.9
75.50994501453623	58.9
76.60826245588666	59.0
78.85305589121582	59.1
80.00000000000082	59.2
82.34417893148023	59.4
83.541902594194	59.5
84.75704754874454	59.6
85.98986719365665	59.6
87.24061861322157	59.7
88.50956263110764	59.8
89.79696386475084	59.8
92.42821574978288	60.0
93.77261510554118	60.0
96.52036246404286	60.1
97.92428346437356	60.1
100.79368399159105	60.2
102.25976188483567	60.2
105.25620162669229	60.3
108.34044375495276	60.3
109.9162917966485	60.3
111.51506107592134	60.4
114.78270178488147	60.4
121.60803641193078	60.5
123.3768660326369	60.5
125.17142387262359	60.5
128.83922655594208	60.5
130.71323625928977	60.5
134.5434264405962	60.5
140.50017282986593	60.6
142.5437949024563	60.5
146.7206469127495	60.5
151.01989002907314	60.5
155.4451105845792	60.5
160.00000000000236	60.5
164.6883578629612	60.5
167.08380518838874	60.5
169.51409509748981	60.5
174.4812372264439	60.5
179.5939277295025	60.4
182.20618156107355	60.4
184.85643149956664	60.4
190.27313840043846	60.4
195.84856692874806	60.4
201.58736798318304	60.3
204.5195237696723	60.3
210.5124032533856	60.3
219.83258359329807	60.3
223.03012215184378	60.2
226.2741699796992	60.2
229.5654035697641	60.2
232.90450925475412	60.2
236.2921833503241	60.2
243.21607282386276	60.2
250.34284774524843	60.1
253.9841683149166	60.1
257.67845311188546	60.1
261.42647251858085	60.1
265.22900812289896	60.1
269.08685288119375	60.0
285.0875898049141	60.0
293.44129382550057	60.0
297.7094957286928	60.0
302.0397800581479	60.0
306.4330498235497	59.9
315.41222356486645	59.9
320.00000000000654	59.9
324.6545071800142	59.9
334.16761037677935	59.9
339.02819019498156	59.9
343.95946877463007	59.9
348.9624744528898	59.9
354.03825052443415	59.9
359.187855459007	59.9
369.71286299913527	59.9
380.54627680087896	59.9
386.08144985617537	59.8
397.3944998635236	59.8
414.9886574883323	59.8
421.0248065067734	59.8
433.3617750198154	59.7
446.06024430368984	59.7
459.13080713953053	59.7
493.50746413055253	59.7
439.6651671865984	59.7
403.1747359663683	59.8
364.4123631221491	59.9
375.0904604221685	59.9
391.6971338574982	59.8
409.0390475393468	59.8
427.1487533344206	59.7
452.54833995940066	59.7
465.8090185095106	59.7
472.58436670065066	59.7
479.45826460054917	59.7
486.432145647728	59.7
507.9683366298358	59.7
515.3569062237735	59.7
522.8529450371643	59.8
538.1737057623901	59.8
553.9433990439449	59.8
578.4685685703187	59.9
586.8825876510039	59.9
595.4189914573883	60.0
604.0795601162986	60.0
668.3352207535618	60.2
678.0563803899662	60.3
687.9189375492632	60.3
697.9249489057827	60.3
718.3757109180171	60.4
739.425725998274	60.5
750.1809208443404	60.6
772.1628997123541	60.7
783.3942677149998	60.7
794.7889997270506	60.7
806.34947193274	60.8
818.0780950786972	60.8
829.9773149766683	60.9
842.0496130135506	60.9
866.7235500396347	60.9
879.3303343732008	61.0
892.1204886073838	61.0
905.0966799188055	61.0
918.2616142790653	61.0
931.6180370190256	61.0
945.1687334013056	61.1
958.9165292011028	61.1
972.8642912954606	61.1
987.0149282611097	61.2
1001.3713909810035	61.2
1030.7138124475518	61.4
1060.916032491606	61.5
1076.3474115247852	61.6
1107.8867980878947	61.8
1124.0013826389438	61.9
1156.9371371406426	62.1
1173.765175302013	62.2
1190.837982914782	62.3
1208.1591202326028	62.3
1225.73219929421	62.4
1243.5608846766518	62.5
1261.648894259477	62.6
1298.6180287200684	62.7
1375.8378750985323	63.0
1395.8498978115715	63.0
1416.153002097749	63.1
1436.7514218360407	63.2
1457.6494524886093	63.2
1478.8514519965543	63.3
1522.1851072035295	63.4
1589.5779994541087	63.7
1612.6989438654878	63.8
1636.156190157402	63.9
1659.9546299533442	63.9
1684.099226027109	64.0
1733.4471000792773	64.2
1758.6606687464096	64.3
1784.2409772147755	64.4
1836.5232285581387	64.6
1890.3374668026197	64.8
1917.833058402214	65.0
1974.0298565222283	65.3
2031.8733465193618	65.6
2061.4276248951132	65.8
2091.411780148677	66.0
2121.832064983222	66.2
2152.694823049581	66.4
2215.7735961758003	66.8
2248.002765277899	67.0
2313.874274281297	67.5
2347.530350604038	67.7
2381.6759658295764	67.9
2416.318240465218	68.1
2487.1217693533167	68.5
2560.0000000000887	68.9
2635.0137258074315	69.3
2832.3060041955137	70.3
2873.502843672097	70.4
2915.2989049772345	70.6
2957.7029039931244	70.7
3000.723683377391	70.9
3044.370214407075	71.0
3088.6515988494466	71.1
3133.57707086003	71.3
3319.9092599067053	71.4
3517.3213374928373	71.2
3568.4819544295697	71.0
3620.386719675257	70.8
3673.0464571162966	70.6
3726.472148076138	70.4
3780.6749336052594	70.1
3835.6661168044484	69.9
3891.45716518188	69.6
4005.4855639240527	68.9
4122.855249790247	68.3
4182.823560297375	67.9
4243.664129966465	67.6
4305.389646099183	67.4
4368.012980538242	67.1
4695.060701208099	66.7
4832.63648093046	66.7
4974.243538706657	66.6
5046.595577037959	66.6
5194.472114880326	66.5
5270.027451614888	66.5
5346.6817660285715	66.4
5424.451043119808	66.3
5503.351500394186	66.2
5664.612008391055	65.9
5830.597809954497	65.6
5915.405807986278	65.4
6001.447366754812	65.3
6088.740428814181	65.1
6267.154141720092	65.0
6450.795775462017	64.9
6639.818519813445	65.0
6736.396904108505	65.1
6834.380053350861	65.2
6933.788400317181	65.4
7136.963908859177	65.9
7240.773439350552	66.1
7346.092914232631	66.4
7452.944296152315	66.7
7561.349867210557	67.0
7671.332233608935	67.2
7782.914330363799	67.5
7896.119426088994	67.6
8010.971127848146	67.7
8127.49338607753	67.8
8245.710499580537	67.7
8365.647120594791	67.6
8487.328259932974	67.4
8610.77929219841	67.0
8736.025961076528	66.6
8863.094384703289	66.1
9255.497097125279	64.3
9390.121402416245	63.7
9526.7038633184	63.1
9665.272961860968	62.5
9805.857594353829	62.0
9948.487077413367	61.7
10093.19115407597	61.5
10388.944229760706	61.5
10540.05490322983	61.6
10693.363532057198	61.7
10848.902086239672	61.8
11006.703000788428	61.9
11166.799182492743	61.8
11329.224016782166	61.7
11494.0113746885	61.6
11661.195619909053	61.4
11830.811615972614	61.2
12002.894733509682	61.0
12534.308283440243	60.7
12716.62399563306	60.7
13279.637039626952	61.4
13472.793808217073	61.8
7034.642674985712	65.6
8992.011061111683	65.5
9122.802873757471	64.9
12177.48085762842	60.8
12354.606395397908	60.7
12901.591550924093	60.9
13089.249521259411	61.1
13668.760106701786	62.1
13867.576800634426	62.4
14481.54687870117	62.4
14692.18582846533	62.2
14905.888592304698	61.9
15122.699734421185	61.6
15342.664467217943	61.2
15565.828660727671	60.8
16021.942255696367	60.0
16491.42099916115	59.2
16731.294241189662	58.6
16974.65651986603	58.0
17221.558584396902	57.4
17726.188769406665	55.8
17984.022122223458	55.0
18245.605747515034	54.0
18510.99419425065	52.9
18780.242804832582	51.7
19053.40772663689	50.5
19330.545923722028	49.4
19611.71518870775	48.5
19896.974154826825	48.2
20186.382308152035	48.2
17472.051922153143	56.6
16254.986772155136	59.6
14273.927817718419	62.5
14069.285349971487	62.5
10240.000000000457	61.5
6544.624760629676	64.9
6358.3119978165005	64.9
6177.303197698925	65.0
5747.005687344222	65.7
5583.399591246343	66.1
4902.928797176889	66.7
4496.00553055582	66.8
4431.5471923516225	66.9
3466.8942001585724	71.3
3417.190026675413	71.4
2712.225521559891	69.7
2673.340883014273	69.5
1810.193359837619	64.5
1544.3257994247153	63.5
1356.112760779938	62.9
1336.6704415071292	62.8
1280.0000000000375	62.6
1015.9366732596762	61.3
854.2975066688449	60.9
728.8247262443015	60.5
640.0000000000159	60.1
570.1751796098309	59.9
310.89022116916016	59.9
276.97169952197106	60.0
187.54523021108326	60.4
171.97973438731407	60.5
153.216524911774	60.5
138.48584976098482	60.6
118.14609167516147	60.4
106.78718833360406	60.3
77.72255529228926	59.1
61.68843301631817	58.3
43.62030930661056	56.9
29.966141537533712	54.4
24.130090616010463	52.6
