
Frequency	dB	Unweighted
20	49.9
21.189261887185914	50.3
21.49746679841394	50.4
21.810154653305165	50.6
22.449240966187475	50.9
22.77577269513385	51.0
23.44315377638505	51.4
23.784142300054445	51.5
24.837156241469714	52.0
25.56494047120865	52.3
25.936791093020236	52.4
26.3140504066728	52.6
26.69679708340074	52.7
27.08511093873791	52.9
27.47907294916184	53.0
28.284271247461966	53.3
28.695675446220072	53.5
29.536522918790062	53.7
30.402009102982383	54.0
30.844216508158908	54.2
31.29285596815558	54.3
32.67830906482211	54.8
33.153626015361866	54.9
33.63585661014871	55.1
34.125101410453844	55.2
34.62146244024586	55.3
35.12504320746613	55.5
35.635948725613716	55.6
36.15428553564419	55.7
37.21368696608603	56.0
38.30413122794313	56.2
39.4265279456077	56.5
40.000000000000206	56.6
42.37852377437204	56.9
42.9949335968281	57.0
44.89848193237519	57.2
45.55154539026795	57.3
46.21410787489121	57.4
46.88630755277036	57.6
47.56828460010916	57.7
48.260181232021196	57.8
48.962141732186545	57.9
49.674312482939705	58.0
51.129880942417586	58.1
51.873582186040764	58.2
52.628100813345895	58.2
54.95814589832399	58.2
56.56854249492426	58.2
58.226127313687975	58.2
59.073045837580466	58.3
60.804018205965114	58.4
62.58571193631152	58.6
63.49604207872855	58.7
65.35661812964459	59.0
66.3072520307241	59.1
67.27171322029778	59.2
68.25020282090806	59.3
70.25008641493265	59.5
71.27189745122783	59.6
74.42737393217246	59.8
75.50994501453623	59.8
76.60826245588666	59.9
78.85305589121582	60.0
80.00000000000082	60.0
82.34417893148023	60.1
83.541902594194	60.1
84.75704754874454	60.2
85.98986719365665	60.2
87.24061861322157	60.2
88.50956263110764	60.3
89.79696386475084	60.3
92.42821574978288	60.3
93.77261510554118	60.3
96.52036246404286	60.4
97.92428346437356	60.4
100.79368399159105	60.4
102.25976188483567	60.4
105.25620162669229	60.3
108.34044375495276	60.3
109.9162917966485	60.3
111.51506107592134	60.3
114.78270178488147	60.3
121.60803641193078	60.2
123.3768660326369	60.2
125.17142387262359	60.2
128.83922655594208	60.2
130.71323625928977	60.2
134.5434264405962	60.3
140.50017282986593	60.3
142.5437949024563	60.3
146.7206469127495	60.2
151.01989002907314	60.2
155.4451105845792	60.1
160.00000000000236	60.1
164.6883578629612	60.1
167.08380518838874	60.0
169.51409509748981	60.0
174.4812372264439	60.0
179.5939277295025	59.9
182.20618156107355	59.9
184.85643149956664	59.8
190.27313840043846	59.8
195.84856692874806	59.8
201.58736798318304	59.7
204.5195237696723	59.7
210.5124032533856	59.6
219.83258359329807	59.5
223.03012215184378	59.5
226.2741699796992	59.4
229.5654035697641	59.4
232.90450925475412	59.4
236.2921833503241	59.4
243.21607282386276	59.3
250.34284774524843	59.3
253.9841683149166	59.3
257.67845311188546	59.2
261.42647251858085	59.2
265.22900812289896	59.2
269.08685288119375	59.2
285.0875898049141	59.0
293.44129382550057	59.0
297.7094957286928	58.9
302.0397800581479	58.9
306.4330498235497	58.9
315.41222356486645	58.8
320.00000000000654	58.8
324.6545071800142	58.8
334.16761037677935	58.7
339.02819019498156	58.7
343.95946877463007	58.7
348.9624744528898	58.7
354.03825052443415	58.7
359.187855459007	58.7
369.71286299913527	58.7
380.54627680087896	58.6
386.08144985617537	58.6
397.3944998635236	58.6
414.9886574883323	58.6
421.0248065067734	58.6
433.3617750198154	58.6
446.06024430368984	58.6
459.13080713953053	58.6
493.50746413055253	58.5
439.6651671865984	58.6
403.1747359663683	58.6
364.4123631221491	58.7
375.0904604221685	58.7
391.6971338574982	58.6
409.0390475393468	58.6
427.1487533344206	58.6
452.54833995940066	58.6
465.8090185095106	58.6
472.58436670065066	58.6
479.45826460054917	58.6
486.432145647728	58.5
507.9683366298358	58.5
515.3569062237735	58.5
522.8529450371643	58.5
538.1737057623901	58.6
553.9433990439449	58.6
578.4685685703187	58.6
586.8825876510039	58.6
595.4189914573883	58.6
604.0795601162986	58.7
668.3352207535618	59.1
678.0563803899662	59.1
687.9189375492632	59.2
697.9249489057827	59.2
718.3757109180171	59.3
739.425725998274	59.3
750.1809208443404	59.4
772.1628997123541	59.4
783.3942677149998	59.5
794.7889997270506	59.5
806.34947193274	59.6
818.0780950786972	59.7
829.9773149766683	59.7
842.0496130135506	59.8
866.7235500396347	60.0
879.3303343732008	60.0
892.1204886073838	60.0
905.0966799188055	60.0
918.2616142790653	60.0
931.6180370190256	60.1
945.1687334013056	60.1
958.9165292011028	60.2
972.8642912954606	60.3
987.0149282611097	60.4
1001.3713909810035	60.5
1030.7138124475518	60.6
1060.916032491606	60.7
1076.3474115247852	60.7
1107.8867980878947	60.8
1124.0013826389438	60.9
1156.9371371406426	61.1
1173.765175302013	61.2
1190.837982914782	61.3
1208.1591202326028	61.4
1225.73219929421	61.5
1243.5608846766518	61.5
1261.648894259477	61.6
1298.6180287200684	61.7
1375.8378750985323	62.0
1395.8498978115715	62.1
1416.153002097749	62.2
1436.7514218360407	62.3
1457.6494524886093	62.4
1478.8514519965543	62.6
1522.1851072035295	62.8
1589.5779994541087	63.2
1612.6989438654878	63.4
1636.156190157402	63.6
1659.9546299533442	63.7
1684.099226027109	63.8
1733.4471000792773	64.2
1758.6606687464096	64.4
1784.2409772147755	64.6
1836.5232285581387	64.8
1890.3374668026197	65.0
1917.833058402214	65.1
1974.0298565222283	65.5
2031.8733465193618	66.0
2061.4276248951132	66.3
2091.411780148677	66.5
2121.832064983222	66.8
2152.694823049581	67.0
2215.7735961758003	67.5
2248.002765277899	67.7
2313.874274281297	68.1
2347.530350604038	68.4
2381.6759658295764	68.6
2416.318240465218	68.8
2487.1217693533167	69.3
2560.0000000000887	69.8
2635.0137258074315	70.1
2832.3060041955137	70.9
2873.502843672097	71.1
2915.2989049772345	71.3
2957.7029039931244	71.4
3000.723683377391	71.7
3044.370214407075	71.9
3088.6515988494466	72.2
3133.57707086003	72.4
3319.9092599067053	73.0
3517.3213374928373	72.7
3568.4819544295697	72.5
3620.386719675257	72.3
3673.0464571162966	71.9
3726.472148076138	71.6
3780.6749336052594	71.2
3835.6661168044484	70.7
3891.45716518188	70.2
4005.4855639240527	69.1
4122.855249790247	68.4
4182.823560297375	68.3
4243.664129966465	68.4
4305.389646099183	68.7
4368.012980538242	69.0
4695.060701208099	69.6
4832.63648093046	68.9
4974.243538706657	67.9
5046.595577037959	67.4
5194.472114880326	66.3
5270.027451614888	65.8
5346.6817660285715	65.5
5424.451043119808	65.5
5503.351500394186	65.7
5664.612008391055	66.6
5830.597809954497	67.5
5915.405807986278	67.9
6001.447366754812	68.1
6088.740428814181	68.3
6267.154141720092	68.3
6450.795775462017	68.1
6639.818519813445	67.8
6736.396904108505	67.8
6834.380053350861	67.7
6933.788400317181	67.8
7136.963908859177	68.0
7240.773439350552	68.2
7346.092914232631	68.4
7452.944296152315	68.7
7561.349867210557	69.0
7671.332233608935	69.2
7782.914330363799	69.1
7896.119426088994	68.8
8010.971127848146	68.5
8127.49338607753	68.3
8245.710499580537	68.2
8365.647120594791	68.1
8487.328259932974	67.8
8610.77929219841	67.1
8736.025961076528	66.2
8863.094384703289	65.2
9255.497097125279	62.2
9390.121402416245	61.7
9526.7038633184	61.5
9665.272961860968	61.6
9805.857594353829	62.2
9948.487077413367	63.1
10093.19115407597	64.2
10388.944229760706	66.4
10540.05490322983	67.0
10693.363532057198	67.1
10848.902086239672	66.5
11006.703000788428	65.3
11166.799182492743	63.7
11329.224016782166	62.0
11494.0113746885	60.6
11661.195619909053	60.0
11830.811615972614	59.9
12002.894733509682	60.2
12534.308283440243	62.0
12716.62399563306	62.6
13279.637039626952	65.3
13472.793808217073	66.2
7034.642674985712	67.9
8992.011061111683	64.1
9122.802873757471	63.0
12177.48085762842	60.7
12354.606395397908	61.4
12901.591550924093	63.4
13089.249521259411	64.3
13668.760106701786	66.6
13867.576800634426	66.4
14481.54687870117	64.8
14692.18582846533	64.4
14905.888592304698	64.1
15122.699734421185	64.0
15342.664467217943	64.0
15565.828660727671	64.1
16021.942255696367	64.1
16491.42099916115	63.5
16731.294241189662	63.2
16974.65651986603	62.8
17221.558584396902	61.9
17726.188769406665	59.2
17984.022122223458	58.0
18245.605747515034	57.0
18510.99419425065	56.1
18780.242804832582	54.7
19053.40772663689	52.8
19330.545923722028	50.5
19611.71518870775	48.6
19896.974154826825	47.5
20186.382308152035	47.2
17472.051922153143	60.6
16254.986772155136	63.9
14273.927817718419	65.4
14069.285349971487	65.9
10240.000000000457	65.3
6544.624760629676	68.0
6358.3119978165005	68.2
6177.303197698925	68.4
5747.005687344222	67.0
5583.399591246343	66.1
4902.928797176889	68.4
4496.00553055582	69.7
4431.5471923516225	69.4
3466.8942001585724	72.9
3417.190026675413	73.0
2712.225521559891	70.4
2673.340883014273	70.3
1810.193359837619	64.7
1544.3257994247153	63.0
1356.112760779938	61.9
1336.6704415071292	61.9
1280.0000000000375	61.7
1015.9366732596762	60.5
854.2975066688449	59.9
728.8247262443015	59.3
640.0000000000159	59.0
570.1751796098309	58.6
310.89022116916016	58.8
276.97169952197106	59.1
187.54523021108326	59.8
171.97973438731407	60.0
153.216524911774	60.2
138.48584976098482	60.3
118.14609167516147	60.3
106.78718833360406	60.3
77.72255529228926	59.9
61.68843301631817	58.5
43.62030930661056	57.1
29.966141537533712	53.9
24.130090616010463	51.7
