20    62.08384389432417
20.3    62.173251962375375
20.6    62.26091279680581
20.9    62.346393875508284
21.2    62.42940359809738
21.5    62.50993548309771
21.8    62.58827892769792
22.1    62.66492057662991
22.4    62.74038788217052
22.7    62.81508611725545
23    62.889186812027376
23.3    62.96259941881915
23.6    63.035033660271466
23.9    63.10611612027538
24.2    63.17551241842889
24.6    63.26508112015058
25    63.35116987239442
25.4    63.43387730687437
25.8    63.51330419137035
26.2    63.589446375993234
26.6    63.66228280780713
27    63.73194838640868
27.4    63.79881011988151
27.8    63.86336649427695
28.2    63.926045054506915
28.6    63.987068239555086
29    64.04649522094911
29.4    64.10438704101547
29.8    64.16095958432649
30.2    64.21661501995132
30.6    64.27186814987162
31    64.32725857650368
31.5    64.39746009805755
32    64.46946778210257
32.5    64.54355302697847
33    64.61901185665472
33.5    64.69405830693464
34    64.76641884420756
34.5    64.83428138882012
35    64.89679748749245
35.5    64.95375740359066
36    65.00492701250143
36.5    65.04987616186888
37    65.08851064958992
37.5    65.12167815346075
38    65.1511175633926
38.6    65.18413503029392
39.2    65.21653583689266
39.8    65.24889632735025
40.4    65.28125198085806
41    65.31397340831924
41.6    65.3477539294694
42.2    65.3831590646072
42.8    65.42037321739399
43.4    65.4592295228369
44    65.49932871414998
44.6    65.54014716994357
45.2    65.58114031919227
45.9    65.62855162530748
46.6    65.67496966901857
47.3    65.7200143472395
48    65.76346970704472
48.7    65.80521001878614
49.4    65.84515030152374
50.1    65.8832553495472
50.8    65.91954421933696
51.5    65.95404552251443
52.2    65.98677203546504
53    66.0220253042006
53.8    66.05502238116642
54.6    66.08576244892741
55.4    66.11423832707376
56.2    66.14050730196458
57    66.16473373356285
57.8    66.18721924340369
58.6    66.20836830611836
59.5    66.23108166305508
60.4    66.25316418432129
61.3    66.2750372206119
62.2    66.29690913284719
63.1    66.31875294199145
64    66.34040438531001
64.9    66.36163832653519
65.8    66.38220995324582
66.8    66.40408746742145
67.8    66.42488223092933
68.8    66.44459247548608
69.8    66.46312798155364
70.8    66.48030586231994
71.8    66.495923459231
72.8    66.5098135830232
73.9    66.52302079271294
75    66.5341700195304
76.1    66.54349528998532
77.2    66.55117413614587
78.3    66.55725650827729
79.4    66.56181146217865
80.6    66.56518037967112
81.8    66.56691143509374
83    66.56699232707018
84.2    66.56551106211839
85.4    66.56256668412152
86.6    66.55814623623424
87.9    66.55161125027153
89.2    66.54326513453714
90.5    66.5332226173991
91.8    66.52164798211297
93.1    66.50875903246401
94.5    66.49373110381833
95.9    66.47784783226737
97.3    66.46127743581087
98.7    66.44382671894896
100    66.42621182078906
102    66.39378005543307
104    66.35014285370067
106    66.29022983795862
108    66.21056492123375
110    66.1105682632921
112    65.99352653827339
114    65.86686046257327
116    65.74197013945378
118    65.63280801618438
120    65.55367794046609
122    65.51680061170929
124    65.52969251282019
126    65.59409104627278
128    65.70554010091047
130    65.85363120992935
132    66.0240096455955
134    66.20152708006708
136    66.37286516844463
138    66.52808659001153
140    66.66135803160829
142    66.77064940924802
144    66.85681138217498
146    66.92247699404155
148    66.97109783813985
150    67.00633935857189
152    67.03170177243251
154    67.05016230577255
156    67.06400967450574
158    67.07494853461232
160    67.08423726108067
162    67.09270775154774
164    67.10071752527965
166    67.10820558523938
168    67.11482569510196
170    67.12008940741546
173    67.12435229200403
176    67.12304687746666
179    67.11533022505921
182    67.10087110208369
185    67.07975817255529
188    67.05243469411892
191    67.01969964658903
194    66.98267919641634
197    66.94278199854205
200    66.90167069126825
203    66.86104096327773
206    66.82229228106587
209    66.78638072145478
212    66.75376281671518
215    66.72434584726693
218    66.6975228341275
221    66.67233664674535
224    66.6477261973421
227    66.62267860083173
230    66.59619797471416
233    66.56730942355465
236    66.5354333785993
239    66.50064696866434
243    66.45088246519416
247    66.39921597203312
251    66.34744271773906
255    66.2963729905577
259    66.2455681804903
263    66.19373982933747
267    66.1394461701581
271    66.0816049911173
275    66.01969550542023
279    65.95366901266544
283    65.883771127268
287    65.81025734272956
291    65.73313814500172
295    65.65219886245717
299    65.5672024693715
303    65.47804680732123
307    65.38483807453467
312    65.26304261897292
317    65.1359185612165
322    65.00389123425212
327    64.86697634071608
332    64.72475709030974
337    64.57671242039572
342    64.42257099802828
347    64.26262793065368
352    64.09800671836325
357    63.93085111804952
362    63.76458738507084
367    63.60407077051438
372    63.45530104691025
377    63.3246421826461
383    63.19958058238025
389    63.11521855659289
395    63.07373438792672
401    63.072496276241495
407    63.10458121329957
413    63.160186009351236
419    63.22860801509256
425    63.3001536046293
431    63.367470498960834
437    63.42600027522576
443    63.47367435141595
449    63.510224134493896
456    63.53987373057612
463    63.55726943844766
470    63.56387604006737
477    63.5604403737225
484    63.54728339041142
491    63.52506974657463
498    63.49535523423839
505    63.460954046700344
512    63.425886973741676
519    63.394559688594406
527    63.36791774976926
535    63.35383850268803
543    63.35241617060416
551    63.361061335905745
559    63.37534487096811
567    63.39019040595508
575    63.401055725599335
583    63.404602442067215
592    63.397503743005544
601    63.37807305607488
610    63.347552064992286
619    63.308590079961675
628    63.264623742605025
637    63.21931075441077
646    63.17587303981732
655    63.13647521905682
665    63.09844057692242
675    63.06595125535382
685    63.0375199527778
695    63.01167182370989
705    62.987734862174314
715    62.966013382449304
725    62.94745172996862
736    62.932065184700605
747    62.92330850779945
758    62.92212564130769
769    62.928805574202826
780    62.94291335805798
791    62.96343365314465
803    62.99163218320733
815    63.02448560471847
827    63.061113441627384
839    63.10128900966078
851    63.14519025778446
863    63.19278027818235
876    63.24704443790737
889    63.30039822185357
902    63.34766097279703
915    63.38452381679453
928    63.41011539064827
942    63.430265648487946
956    63.454505720365475
970    63.49683371138768
984    63.56701357439862
998    63.66690905736296
1010    63.7723794807549
1020    63.87023642174859
1030    63.97383492790739
1050    64.18920988330791
1070    64.40633505629555
1090    64.6197647369283
1110    64.8278287352641
1130    65.03110141646891
1150    65.23093901913654
1170    65.42784830753365
1190    65.62157088494416
1210    65.81187198798372
1230    65.99873687614007
1250    66.18193066514098
1270    66.36043594751875
1290    66.53271788255066
1310    66.69779756074763
1330    66.85536406158559
1350    67.00534096405524
1370    67.14793563096842
1390    67.28391699439418
1410    67.41446832584865
1430    67.54077624133711
1450    67.66377690461854
1470    67.7839425090065
1490    67.9015159219489
1510    68.01683069424288
1530    68.13035993781196
1550    68.24264713970516
1570    68.3542402425143
1590    68.46558889414118
1610    68.57693558634125
1630    68.68837546274574
1650    68.80000013746476
1670    68.91199928150584
1690    69.02458977331843
1710    69.13792156782539
1730    69.25208905854407
1760    69.42507224185215
1790    69.60005194537045
1820    69.77663409949771
1850    69.95431019239113
1880    70.13207656649863
1910    70.30907466390326
1940    70.48459648208568
1970    70.65776110505033
2000    70.82764242954133
2030    70.99337980570152
2060    71.15414804534883
2090    71.3093692854663
2120    71.45829709878564
2150    71.60006093711408
2180    71.73388086611132
2210    71.8588327520697
2240    71.97393536326209
2270    72.07866480814388
2300    72.17327779791033
2330    72.2579945860655
2360    72.3321912700146
2390    72.39486873126603
2420    72.44540744538915
2460    72.49390885496703
2500    72.52250218499213
2540    72.53329793368877
2580    72.52770767069
2620    72.50663635726532
2660    72.470748729999
2700    72.42133058174235
2740    72.360608470842
2780    72.2912880638282
2820    72.2163760871172
2860    72.13786886859164
2900    72.05666149594492
2940    71.97377316862078
2980    71.89064721780795
3020    71.80855203953726
3060    71.72864418886269
3100    71.65218944292755
3150    71.56339146505559
3200    71.48472983299229
3250    71.41994097193856
3300    71.37248041437843
3350    71.34345241172439
3400    71.3331122623481
3450    71.3426617678366
3500    71.37279949793611
3550    71.42195584774868
3600    71.48861793856342
3650    71.57238091364047
3700    71.67382696793985
3750    71.7937319687945
3800    71.9328240266664
3860    72.12640398764498
3920    72.3500095863334
3980    72.60386065597669
4040    72.8873232558139
4100    73.1973754238003
4160    73.52935297553792
4220    73.87976739171224
4280    74.24407069165895
4340    74.61567339632265
4400    74.98977574266746
4460    75.36248323781804
4520    75.72625170690704
4590    76.12053478844967
4660    76.4521130633853
4730    76.68504492199258
4800    76.78730241920832
4870    76.73945158628064
4940    76.53894253013617
5010    76.20014659230799
5080    75.75011095966502
5150    75.22254503561025
5220    74.65213517996267
5300    73.98591110990768
5380    73.33509573240742
5460    72.72013064627092
5540    72.15265262545314
5620    71.63832672684859
5700    71.18037081215999
5780    70.78064667635596
5860    70.43884927971791
5950    70.12130012687322
6040    69.87109440464837
6130    69.68624096818849
6220    69.56692582579763
6310    69.51180627484962
6400    69.51680378668293
6490    69.57854649131158
6580    69.69465519133777
6680    69.8828306076957
6780    70.12325106896725
6880    70.40170316300384
6980    70.70048985756543
7080    70.99667849040247
7180    71.2612936915111
7280    71.45984372098235
7390    71.5583753187394
7500    71.49162593752175
7610    71.23444033258966
7720    70.78674227705648
7830    70.18905014714028
7940    69.53018287079628
8060    68.82769520984489
8180    68.1356222497563
8300    67.44740685214617
8420    66.81583588205214
8540    66.27650092974298
8660    65.83585289043232
8790    65.4684924274139
8920    65.21264650756288
9050    65.06705110273728
9180    65.03467726402067
9310    65.12420997950065
9450    65.37062843263607
9590    65.78568359115134
9730    66.38348968705444
9870    67.17511779912948
10010    68.1485266418241
10160    69.29362256537014
10310    70.26300729603513
10460    70.63503836058356
10610    70.14349838563642
10760    68.91373949372394
10920    67.20193901288506
11080    65.4675894364052
11240    63.919022944589244
11400    62.61051008314762
11570    61.475302364691814
11740    60.57909773027174
11910    59.90357237476333
12080    59.43522884632246
12260    59.15379615118768
12440    59.08933834383113
12620    59.24173055270692
12800    59.60859299551777
12990    60.21709767802522
13180    61.00410163631453
13370    61.83379583234047
13560    62.44985082678599
13760    62.53960687743736
13960    61.88315883449131
14160    60.60349244062655
14370    58.93262977868479
14580    57.27418720115752
14790    55.84286239887151
15010    54.69200268927496
15230    53.94950995215168
15450    53.64627330091235
15670    53.74575414010185
15900    54.1715576871322
16130    54.8176591106332
16360    55.589559083411714
16600    56.354866678345246
16840    56.76757123583717
17080    56.53743473902905
17330    55.59557381883342
17580    54.27749017666103
17840    52.960372985404064
18100    52.03104166620632
18360    51.592324562050706
18630    51.104945549524814
18900    50.067327583885884
19170    48.473292611718335
19450    45.9915074798774
19730    43.62581982112036
20000    42.68197938107648
