20    65.96652874039897
20.3    65.98399875357815
20.6    66.00107877097005
20.9    66.01748826311213
21.2    66.03285489319146
21.5    66.04688847312474
21.8    66.05954795373316
22.1    66.07110926460072
22.4    66.0821095214865
22.7    66.0931883830654
23    66.1048939888212
23.3    66.11752954344851
23.6    66.13108594214688
23.9    66.14527991902122
24.2    66.15967149423656
24.6    66.17840877982175
25    66.19596740602769
25.4    66.21209394803651
25.8    66.22693373061409
26.2    66.24076994101202
26.6    66.25377784470993
27    66.26593780242489
27.4    66.27713598186452
27.8    66.2873422230357
28.2    66.29671673907546
28.6    66.30557723222583
29    66.31426613057576
29.4    66.32301042280923
29.8    66.33186473180687
30.2    66.34075321626636
30.6    66.34955327554893
31    66.35816059139731
31.5    66.36855120585656
32    66.37844951744157
32.5    66.38775463648697
33    66.39638661705443
33.5    66.4043549846823
34    66.4117636984576
34.5    66.4187398652911
35    66.42538054093046
35.5    66.43178429031178
36    66.43810126479883
36.5    66.44448215303862
37    66.45097132511927
37.5    66.45747927509055
38    66.4638904174317
38.6    66.4714308335906
39.2    66.47890067277675
39.8    66.48630472148764
40.4    66.49346172763262
41    66.50020575774434
41.6    66.5066032575905
42.2    66.51291496805905
42.8    66.51940541610932
43.4    66.52628463043018
44    66.53381477386324
44.6    66.54231039776943
45.2    66.55189619635583
45.9    66.56405864233199
46.6    66.57632160766642
47.3    66.58743727955905
48    66.59586671989504
48.7    66.60025139055097
49.4    66.60063380321145
50.1    66.59874466995382
50.8    66.59663180431104
51.5    66.59538940489497
52.2    66.59523601072073
53    66.59625755881123
53.8    66.59805197995112
54.6    66.59955799066294
55.4    66.59961502130295
56.2    66.59766313747458
57    66.59396853787963
57.8    66.58930230426246
58.6    66.58445147663693
59.5    66.5793660036687
60.4    66.57484013866562
61.3    66.57069774952873
62.2    66.56661417763812
63.1    66.56232635717535
64    66.5577267751724
64.9    66.55285251672399
65.8    66.54784131500952
66.8    66.54229122612891
67.8    66.53679314329722
68.8    66.5311077846022
69.8    66.52482400676246
70.8    66.51756715412517
71.8    66.50912862392948
72.8    66.49945266872075
73.9    66.48744748652882
75    66.47435601555742
76.1    66.46084024546691
77.2    66.44754109155899
78.3    66.43478289398084
79.4    66.42258097801619
80.6    66.40970714245029
81.8    66.3969338185354
83    66.38405313324822
84.2    66.37130189350344
85.4    66.35905096783287
86.6    66.34729304335514
87.9    66.33460274663906
89.2    66.32136411746751
90.5    66.30724846361689
91.8    66.29203798660635
93.1    66.27542775862355
94.5    66.25569883365924
95.9    66.2340746853587
97.3    66.21082495038462
98.7    66.18643096877233
100    66.16332475098542
102    66.12759234277021
104    66.09164204312583
106    66.05536204586583
108    66.01873262174608
110    65.98170807891012
112    65.9441857709785
114    65.90590225118498
116    65.86654874095274
118    65.82576099057661
120    65.78339339407215
122    65.74011217320603
124    65.69766986302565
126    65.65869324224286
128    65.62608289069584
130    65.60201772953567
132    65.58715201824202
134    65.58125697093354
136    65.58329730503277
138    65.59123137315288
140    65.6022079397096
142    65.61309581526538
144    65.62104487431904
146    65.62377266739082
148    65.61981844811189
150    65.60863761333914
152    65.59020278060117
154    65.56474837023663
156    65.53284726835771
158    65.49547434969531
160    65.45398501052007
162    65.41003317663635
164    65.36540686819714
166    65.32186720454473
168    65.28098565730545
170    65.24404475564775
173    65.19817474834596
176    65.16601297515923
179    65.1491259338632
182    65.1475324072913
185    65.159248374121
188    65.18065380342614
191    65.20752476756623
194    65.235905380969
197    65.2624076262064
200    65.28460315564918
203    65.30118604415338
206    65.31150212479963
209    65.31479732632059
212    65.31006298641374
215    65.29643442597168
218    65.27358865794034
221    65.24190045444524
224    65.20239788819818
227    65.15653271356254
230    65.10590920096134
233    65.05212312932
236    64.99660817626908
239    64.94058634029861
243    64.8666958261493
247    64.79511273321133
251    64.72667009232293
255    64.6614857374191
259    64.59934528519449
263    64.53968038211627
267    64.48148317363012
271    64.42352156192291
275    64.36459818081354
279    64.30382743544754
283    64.24080509198114
287    64.1755571473831
291    64.10846217350259
295    64.04017564008386
299    63.971481052627055
303    63.90308530141645
307    63.83535942071336
312    63.75164087072528
317    63.66871489546953
322    63.58633147345411
327    63.504274083366454
332    63.42246371839977
337    63.3408096386771
342    63.25909179387739
347    63.176959122317
352    63.09399959715998
357    63.009965689152665
362    62.92484160214963
367    62.838731525773056
372    62.751764179967836
377    62.66406771320931
383    62.55818014137998
389    62.45222338899018
395    62.34718729774572
401    62.244390449210414
407    62.1452794645192
413    62.05140745913879
419    61.964572816036636
425    61.886873801903704
431    61.8206282058356
437    61.768014498405805
443    61.730930701456785
449    61.711037152716884
456    61.71129318319291
463    61.73767870332365
470    61.78921685840497
477    61.862748369652536
484    61.95316336890697
491    62.0538680231991
498    62.15740205168686
505    62.2563981761935
512    62.344668075366556
519    62.41798180586249
527    62.481234318288124
535    62.52339904269159
543    62.54776236930301
551    62.55923786669755
559    62.56331347545081
567    62.56514578962976
575    62.56894105543899
583    62.577686659868306
592    62.59554138471266
601    62.62220662228348
610    62.6560389863774
619    62.69398709305136
628    62.73245351726632
637    62.76808729595843
646    62.798482988363006
655    62.822548177443636
665    62.842123289604885
675    62.85573909718922
685    62.86560505182662
695    62.87391384467154
705    62.882447197641696
715    62.8923654795217
725    62.90434431263587
736    62.92036853843959
747    62.939525505475196
758    62.96154434114631
769    62.985757204570334
780    63.01156802672193
791    63.03873681682687
803    63.07007909437114
815    63.10363426035252
827    63.140065571539225
839    63.18002689949168
851    63.22374527973554
863    63.271083405423624
876    63.326256628613194
889    63.385298360528964
902    63.448064482784645
915    63.514699673093475
928    63.58552936549364
942    63.66682228488249
956    63.753502264196314
970    63.8458274572928
984    63.94428275392166
998    64.0495740401164
1010    64.14591429686999
1020    64.23082858261634
1030    64.32014730216528
1050    64.51244264562173
1070    64.72327272246073
1090    64.95286517663537
1110    65.20101081948965
1130    65.46596478486113
1150    65.74434949351041
1170    66.03170335901888
1190    66.3225878521704
1210    66.6108214460034
1230    66.89080129576638
1250    67.1582548889822
1270    67.41009962839925
1290    67.64458998970572
1310    67.86137318382279
1330    68.06106038225313
1350    68.24522161541537
1370    68.4160983542596
1390    68.57593465187512
1410    68.72723746702019
1430    68.87295069185399
1450    69.01578882499322
1470    69.15774375972796
1490    69.30026904381359
1510    69.44446308311151
1530    69.5912167693273
1550    69.74134745516216
1570    69.89561717666518
1590    70.05465256855487
1610    70.21870213443606
1630    70.3876117707238
1650    70.56101532547936
1670    70.73856969075092
1690    70.92006027892867
1710    71.10527425763775
1730    71.29386491325477
1760    71.58231690093143
1790    71.87623151853163
1820    72.17308567759162
1850    72.47040194399
1880    72.76550658763072
1910    73.05504206487755
1940    73.33543734981961
1970    73.60315204066211
2000    73.85442560387345
2030    74.08547567650646
2060    74.29309149508379
2090    74.47454907217686
2120    74.62729797782944
2150    74.7501406694011
2180    74.84368453369251
2210    74.90952619977921
2240    74.950018492059
2270    74.96804637292716
2300    74.96653988908332
2330    74.94806992478394
2360    74.91465811583953
2390    74.867936234209
2420    74.809309002262
2460    74.7147113107606
2500    74.60395774934113
2540    74.47963989913242
2580    74.34514620452958
2620    74.20402357155825
2660    74.05988503622612
2700    73.91639925519497
2740    73.77692376048229
2780    73.64516091506582
2820    73.5239970207357
2860    73.41467050728104
2900    73.3180134682296
2940    73.23533984734941
2980    73.1678577140692
3020    73.11618019302523
3060    73.08080306262008
3100    73.06262636704642
3150    73.06557236100085
3200    73.09757690750689
3250    73.158467248249
3300    73.2485782803536
3350    73.3686275070846
3400    73.51813581552065
3450    73.69524530585436
3500    73.89799019876776
3550    74.12350914707459
3600    74.36683684301822
3650    74.62007038080853
3700    74.87214809642522
3750    75.10835179169342
3800    75.30971943128594
3860    75.47443786170552
3920    75.52084618242482
3980    75.42100548482267
4040    75.16312161524553
4100    74.75526021359876
4160    74.22391303711855
4220    73.61102559094977
4280    72.96797658477524
4340    72.35011256666971
4400    71.80991710413892
4460    71.3917918609645
4520    71.13002459220523
4590    71.04631347274892
4660    71.18868746901892
4730    71.49621850715437
4800    71.86766077480979
4870    72.18710162338374
4940    72.35773006622613
5010    72.33139495635665
5080    72.11573021858129
5150    71.7580839459043
5220    71.3206884415574
5300    70.79266074153404
5380    70.28587222969388
5460    69.82918436210133
5540    69.43415812764745
5620    69.10362541845551
5700    68.83747130331764
5780    68.63482183723104
5860    68.49607280650167
5950    68.41860299972444
6040    68.42507806047152
6130    68.51625228893857
6220    68.69399996818098
6310    68.95777394300946
6400    69.29573073411181
6490    69.68232614444011
6580    70.09550153487675
6680    70.57550124518644
6780    71.02547312068702
6880    71.32981777433565
6980    71.40955740436746
7080    71.25460783377031
7180    70.91006971980696
7280    70.45632417389268
7390    69.93399999077953
7500    69.46375932870367
7610    69.07623469079195
7720    68.78463305027944
7830    68.61193844242875
7940    68.58348060905058
8060    68.731716242619
8180    69.05840354341288
8300    69.5252223610282
8420    70.06418584703857
8540    70.59416133663103
8660    71.04654321937176
8790    71.40986933225062
8920    71.6527478909984
9050    71.82165625376359
9180    71.96988584701126
9310    72.13026670822615
9450    72.30717101411834
9590    72.42256121039235
9730    72.37417798303474
9870    72.06196738581322
10010    71.42009944782295
10160    70.34321287360353
10310    68.89541165125996
10460    67.16496768519897
10610    65.29120694051714
10760    63.423531068503266
10920    61.55928485403289
11080    59.910949487238284
11240    58.53410439996276
11400    57.4349971285249
11570    56.54068508069915
11740    55.88271624475763
11910    55.41885636871711
12080    55.098890341351215
12260    54.82206167860706
12440    54.38480875867843
12620    53.29528121397491
12800    50.92676775406858
12990    47.79524544763565
13180    47.73794871979854
13370    50.96547538190227
13560    53.95268272729622
13760    56.279164472507475
13960    58.31220470173702
14160    60.216979659881275
14370    62.067123667452066
14580    63.681429527741834
14790    64.9180497761394
15010    65.63735765525698
15230    65.61695148304236
15450    64.72486069882058
15670    62.98645068463302
15900    60.58638290876113
16130    58.021214518488115
16360    55.665017972825076
16600    53.74649833436706
16840    52.45678034689731
17080    51.72563171828544
17330    51.552215093174155
17580    51.98615545929546
17840    52.833104982265866
18100    53.234348218546046
18360    52.11082431636444
18630    48.91091980923657
18900    44.30546993639757
19170    40.05537804954642
19450    38.450954211941095
19730    40.76129044645986
20000    43.6808933264018
