20    67.22924862140485
20.3    67.25298129625236
20.6    67.27635881467504
20.9    67.29938455825953
21.2    67.32203834230523
21.5    67.34426010554131
21.8    67.36596823111165
22.1    67.38710094885028
22.4    67.40764619791858
22.7    67.42761118143787
23    67.44694447987484
23.3    67.46544979223222
23.6    67.48274143850963
23.9    67.49828469615474
24.2    67.51152127336185
24.6    67.52492343552294
25    67.53335455164111
25.4    67.53758633482296
25.8    67.53909529839382
26.2    67.53950583793323
26.6    67.54002510768089
27    67.54115869830613
27.4    67.54278712897671
27.8    67.54447443998635
28.2    67.54579711152721
28.6    67.54653730105856
29    67.54668657812636
29.4    67.5463249637685
29.8    67.54547704727696
30.2    67.5440482713681
30.6    67.54187217979965
31    67.538828623009
31.5    67.53386598122295
32    67.5279488135775
32.5    67.52140557653848
33    67.51421925331299
33.5    67.5060191113111
34    67.49641430944422
34.5    67.48530747232871
35    67.4728854115876
35.5    67.45939767237289
36    67.445030790098
36.5    67.4299225102535
37    67.41411799184644
37.5    67.39748724591057
38    67.37984372951739
38.6    67.35747006602038
39.2    67.3345608058607
39.8    67.3118731179725
40.4    67.28932470927884
41    67.2664629627254
41.6    67.24353669711834
42.2    67.22129762388741
42.8    67.19966270045597
43.4    67.17734501054986
44    67.15311790105494
44.6    67.1270283189919
45.2    67.10033153128454
45.9    67.07070145714958
46.6    67.04495867403482
47.3    67.0239699394647
48    67.00600192749519
48.7    66.98754027164831
49.4    66.96564951839214
50.1    66.93910631030334
50.8    66.90769605681555
51.5    66.87139682023428
52.2    66.83026371896165
53    66.77793343831917
53.8    66.72173831234525
54.6    66.66473067883422
55.4    66.61001414724744
56.2    66.55963325719809
57    66.51466909063609
57.8    66.4756938615225
58.6    66.44196376464093
59.5    66.40684444289867
60.4    66.371125089566
61.3    66.33460363585702
62.2    66.29841764518119
63.1    66.26238935103669
64    66.22538595153101
64.9    66.18613504912989
65.8    66.14377411300234
66.8    66.09269533217434
67.8    66.03762374889172
68.8    65.97950826204551
69.8    65.91944868263323
70.8    65.85814997491681
71.8    65.79594878671625
72.8    65.73293733800598
73.9    65.66277827858212
75    65.59191792294675
76.1    65.52052688345594
77.2    65.44880749972103
78.3    65.37694790241383
79.4    65.30497743797329
80.6    65.22640140723917
81.8    65.14811635433222
83    65.0704783677142
84.2    64.99356062731238
85.4    64.91733679206621
86.6    64.84164427023771
87.9    64.759534000781
89.2    64.67609366143083
90.5    64.59052648755505
91.8    64.50343581467901
93.1    64.41538755280678
94.5    64.31871060733914
95.9    64.21906988263868
97.3    64.1164245732204
98.7    64.01211382042473
100    63.91569110009522
102    63.771421774431076
104    63.635625917413954
106    63.51454980561785
108    63.415338493503214
110    63.34400174226921
112    63.303835253617194
114    63.29460746699128
116    63.31193885958237
118    63.347176739633554
120    63.38825274014724
122    63.42338243337961
124    63.44468828312198
126    63.44907293661822
128    63.43822983774943
130    63.417728561883735
132    63.39469494160832
134    63.37499609431656
136    63.36224697212184
138    63.35744714059874
140    63.358548689653304
142    63.36121288102267
144    63.36015619778872
146    63.35054983967212
148    63.32892425823729
150    63.29355212046363
152    63.24465727662243
154    63.18406613455456
156    63.11442242028484
158    63.03852045024144
160    62.95891630858641
162    62.87771862815505
164    62.796433417363644
166    62.71599507476168
168    62.636932754725144
170    62.55947547895157
173    62.44628872264113
176    62.33645354850205
179    62.22994716400832
182    62.1270595852432
185    62.02811479659709
188    61.93367515704533
191    61.84459355767902
194    61.761536843946686
197    61.68436473268957
200    61.612160672094795
203    61.54390650771553
206    61.478763189115284
209    61.41564366115533
212    61.35312695539833
215    61.28976191709755
218    61.22429126832475
221    61.15575560324264
224    61.083560512840734
227    61.00746226302069
230    60.92746770954837
233    60.84383359044874
236    60.75713151786903
239    60.66818236372447
243    60.54780721315376
247    60.4280468146383
251    60.31242169060772
255    60.20441430633301
259    60.106694539479335
263    60.0203057134877
267    59.94451169616782
271    59.87717971232925
275    59.81512066404569
279    59.75453350817177
283    59.69156632037402
287    59.62308384106133
291    59.54749155367391
295    59.46475200431698
299    59.37579339476039
303    59.281944019034796
307    59.18445309594587
312    59.059196940232226
317    58.932297366340975
322    58.805729884521746
327    58.68110347837877
332    58.559962385619755
337    58.4439985115995
342    58.33521211625169
347    58.23643094474127
352    58.15137849587309
357    58.08413601550741
362    58.0386225461839
367    58.017991034921224
372    58.0236987354626
377    58.05483073367637
383    58.12092188021474
389    58.20960053502892
395    58.30974398448083
401    58.41010850657892
407    58.50168671086652
413    58.57895530248298
419    58.64023451300042
425    58.68695091114527
431    58.72208427786811
437    58.74887836099663
443    58.77037101016718
449    58.78912711889529
456    58.80964173987131
463    58.82931338772338
470    58.84775637356938
477    58.864738595575616
484    58.880926626345826
491    58.89769044533932
498    58.91677453005584
505    58.939929861446885
512    58.96856629768146
519    59.00345863728614
527    59.05105593845032
535    59.10613870689407
543    59.167607833513884
551    59.2346975138625
559    59.3073134441403
567    59.38574355133237
575    59.47010685469661
583    59.5599570630686
592    59.665993556677094
601    59.77438901845247
610    59.88132190797202
619    59.98256990386459
628    60.074030539095496
637    60.15264721431025
646    60.21732301018206
655    60.269108996407894
665    60.314589780205395
675    60.351329082785426
685    60.38310365334192
695    60.412917348086296
705    60.44275083045021
715    60.47372245486568
725    60.506387038476234
736    60.54480446719678
747    60.586311201149805
758    60.631114156329794
769    60.67913783127613
780    60.73009767764145
791    60.78373511352146
803    60.84494102639832
815    60.90836349275709
827    60.973424477840965
839    61.03988334958039
851    61.10791172150534
863    61.17817201980318
876    61.25770014674191
889    61.34149249589258
902    61.43000746075637
915    61.523367281779315
928    61.621378023749855
942    61.73170950532527
956    61.84619599896042
970    61.963382939590666
984    62.08139633308453
998    62.1986020369198
1010    62.29777234008422
1020    62.379460449406125
1030    62.46042941637142
1050    62.621229431659586
1070    62.78270679927576
1090    62.94763747786399
1110    63.11815332181662
1130    63.29539915745358
1150    63.47950911000878
1170    63.66939973796582
1190    63.86336087060895
1210    64.05969955025654
1230    64.25694219698207
1250    64.45410103867482
1270    64.65062681167714
1290    64.84623075489364
1310    65.04100994131537
1330    65.23531465199352
1350    65.42979001452123
1370    65.62543586557214
1390    65.82300757536359
1410    66.02264769388063
1430    66.22440944491919
1450    66.42840888015189
1470    66.63436876733039
1490    66.84167152747042
1510    67.0497258112452
1530    67.25822943080136
1550    67.46722782209707
1570    67.67708967339803
1590    67.88849277090334
1610    68.10217186894337
1630    68.31862891420599
1650    68.53822476107467
1670    68.76114758528364
1690    68.98747061006299
1710    69.21735712378405
1730    69.45102709062772
1760    69.80824548904516
1790    70.17269067638964
1820    70.54444056545762
1850    70.92322765391737
1880    71.30756346883378
1910    71.69612238922687
1940    72.08768745433777
1970    72.48065149297145
2000    72.87265615245803
2030    73.2604629972908
2060    73.64066251878087
2090    74.00946801101296
2120    74.36307502449966
2150    74.69787384294838
2180    75.00944261178728
2210    75.29263603274799
2240    75.54235811832662
2270    75.75439552791437
2300    75.92564587357145
2330    76.05462532052022
2360    76.14156401399035
2390    76.18782990445379
2420    76.19535785393204
2460    76.15006459251403
2500    76.0508758086548
2540    75.90868490958755
2580    75.73381037048503
2620    75.53608449298251
2660    75.32439860104215
2700    75.10626174987274
2740    74.8871649176273
2780    74.67103050856237
2820    74.46081760884843
2860    74.25904378525175
2900    74.06867146667898
2940    73.89237145534867
2980    73.73177172758241
3020    73.58773584931615
3060    73.46045644537323
3100    73.34961521991224
3150    73.23250211366599
3200    73.13438804588131
3250    73.04900304880559
3300    72.97024161229314
3350    72.89301735905096
3400    72.8176784387773
3450    72.7555453962993
3500    72.72713244629784
3550    72.75170480245072
3600    72.83756013058522
3650    72.98142421427579
3700    73.17348685685268
3750    73.4022057457347
3800    73.65687872842776
3860    73.9842526659873
3920    74.32221787671898
3980    74.6554105699922
4040    74.96483410024825
4100    75.22606376320468
4160    75.41184507907434
4220    75.4958847306122
4280    75.45895211277008
4340    75.29330182212404
4400    75.00285535846922
4460    74.60087138151303
4520    74.10757004247014
4590    73.44995021321694
4660    72.74170926125964
4730    72.01190250413688
4800    71.2778094930475
4870    70.55005793555998
4940    69.83762327360586
5010    69.15118970470158
5080    68.50617616537971
5150    67.92070759947858
5220    67.40624387755652
5300    66.89943341930848
5380    66.45551363601786
5460    66.05722754336941
5540    65.70233768628879
5620    65.39339604552094
5700    65.13092580775725
5780    64.91510346763208
5860    64.74725775613817
5950    64.6150280489058
6040    64.53970962318287
6130    64.52178042580032
6220    64.56272263396403
6310    64.66216773096585
6400    64.8194709121939
6490    65.0349816437563
6580    65.30875941797142
6680    65.67944402998329
6780    66.11574811867793
6880    66.61046468921876
6980    67.14799664108517
7080    67.69925152541326
7180    68.22140096724226
7280    68.66020481094105
7390    68.97396669593039
7500    69.04590282374268
7610    68.84857551652763
7720    68.40747602070127
7830    67.79150402651848
7940    67.08573906263251
8060    66.30133983789135
8180    65.56394671019049
8300    64.9051855212554
8420    64.33992698918193
8540    63.87504815524025
8660    63.51479031468313
8790    63.24772943793663
8920    63.112692536496795
9050    63.11664117806231
9180    63.2676497111914
9310    63.57005734482303
9450    64.0648318856228
9590    64.71633145966976
9730    65.46132310057207
9870    66.17639598071786
10010    66.70384645752449
10160    66.90071037640192
10310    66.59294508983191
10460    65.7165210245815
10610    64.36879243462386
10760    62.79967424146321
10920    61.14516654737815
11080    59.66581776696789
11240    58.41487585543234
11400    57.38616096202199
11570    56.51682987826169
11740    55.859265612363586
11910    55.39733722195837
12080    55.122230267265905
12260    55.03540647130103
12440    55.16531132025759
12620    55.52797800657963
12800    56.14274823649828
12990    57.06857741247646
13180    58.21753169752364
13370    59.407310248372276
13560    60.27926156720062
13760    60.36501178791351
13960    59.39178326347334
14160    57.68946336685971
14370    55.71490893927974
14580    53.952300793075196
14790    52.52318128685832
15010    51.38760687264025
15230    50.62072081328341
15450    50.24774606337171
15670    50.28742791331041
15900    50.67546278967994
16130    51.09513652576105
16360    51.255346994941775
16600    51.09635513606949
16840    50.49593101639792
17080    49.25866400800794
17330    47.30997949452108
17580    45.055643618777324
17840    42.93823181069817
18100    41.35300084787703
18360    40.40426212956717
18630    40.210956291599906
18900    40.76370501145223
19170    41.21893184629499
19450    40.16577879221299
19730    37.31875441950701
20000    35.02120077717547
