20    62.57550133492752
20.3    62.584357971956706
20.6    62.59312409864427
20.9    62.60195978044692
21.2    62.611161407796665
21.5    62.621073937811346
21.8    62.631928232328164
22.1    62.643687414999086
22.4    62.65598647535134
22.7    62.66821027626821
23    62.67967717971921
23.3    62.68984788131401
23.6    62.69848241146973
23.9    62.70568022310967
24.2    62.711796271067705
24.6    62.71903004074417
25    62.72595017345356
25.4    62.732854210989146
25.8    62.739568779935745
26.2    62.74575933833566
26.6    62.75123223301058
27    62.75604076157314
27.4    62.76039709224091
27.8    62.76451431698903
28.2    62.768515882135304
28.6    62.77242685600501
29    62.776207678073504
29.4    62.779781754182444
29.8    62.783056802717375
30.2    62.78595207107507
30.6    62.78842753602429
31    62.790498447100816
31.5    62.792612722330446
32    62.794337607208746
32.5    62.79578078833758
33    62.7969862556012
33.5    62.79793604671787
34    62.79856723627316
34.5    62.79880827672899
35    62.798619463314935
35.5    62.798005898862186
36    62.79699332354477
36.5    62.79559403635537
37    62.79378791754749
37.5    62.79153491167557
38    62.7887981501307
38.6    62.78483907665346
39.2    62.780113927038926
39.8    62.7746098264115
40.4    62.768358763986356
41    62.76148012718153
41.6    62.754190068700794
42.2    62.74673603243214
42.8    62.73929682369368
43.4    62.73195260463828
44    62.72474856044982
44.6    62.71776265915521
45.2    62.71109943221743
45.9    62.70382691012992
46.6    62.69707790844285
47.3    62.690702826569876
48    62.68443695441931
48.7    62.67791148217215
49.4    62.67069142626718
50.1    62.66239332946301
50.8    62.652820125786846
51.5    62.64196982379705
52.2    62.62992233011203
53    62.614775484671505
53.8    62.59825749201196
54.6    62.58055723500257
55.4    62.561938497342034
56.2    62.54266409034062
57    62.5230049194747
57.8    62.50327009409419
58.6    62.48366708273626
59.5    62.46169787425172
60.4    62.43948595326955
61.3    62.4167156102638
62.2    62.3932454868073
63.1    62.36914133886391
64    62.34461598618569
64.9    62.31992472565791
65.8    62.295271560855525
66.8    62.2680152803807
67.8    62.24081443408347
68.8    62.213459740548274
69.8    62.18571858842767
70.8    62.157385036480285
71.8    62.12830862083992
72.8    62.098474516511985
73.9    62.06499039584594
75    62.031182819731995
76.1    61.99742506274039
77.2    61.96396487288927
78.3    61.93087715927547
79.4    61.8980695747626
80.6    61.862351274443284
81.8    61.82643407302115
83    61.790151058863266
84.2    61.75350385852919
85.4    61.71671940709797
86.6    61.68022087328221
87.9    61.64163476690088
89.2    61.60485837918421
90.5    61.57092452057249
91.8    61.54100574710603
93.1    61.51616481457249
94.5    61.49579921498912
95.9    61.4819549808866
97.3    61.473520973523534
98.7    61.468508578251104
100    61.464770113386734
102    61.456097412181855
104    61.438681507470974
106    61.4091892710056
108    61.36715859159469
110    61.314163462443204
112    61.25275698652571
114    61.18547380549644
116    61.11446253499527
118    61.041550576640105
120    60.96828587358847
122    60.89555759746382
124    60.82319219680981
126    60.750675480903105
128    60.67758983903948
130    60.60378332773328
132    60.52930033205601
134    60.45430759539467
136    60.3791407006151
138    60.3043355715309
140    60.230594210395964
142    60.158726296944295
144    60.08965827224992
146    60.02446887587378
148    59.96443476654619
150    59.91088732419741
152    59.864938033581296
154    59.827321137123946
156    59.798465727103775
158    59.778564447347804
160    59.76737231734904
162    59.76391522775931
164    59.76651916775765
166    59.77304208708149
168    59.78113081256052
170    59.788463578129196
173    59.79366317107976
176    59.787524534738395
179    59.76764049395392
182    59.73434978683692
185    59.6900765876357
188    59.63815413609419
191    59.581568281576054
194    59.52221987660306
197    59.461032856837136
200    59.39819524935115
203    59.33339102240253
206    59.266345692887214
209    59.19749145356276
212    59.12819672630258
215    59.0605087988489
218    58.996464675360556
221    58.93718612095567
224    58.88279736176098
227    58.83310414224782
230    58.7877806515677
233    58.746195793171296
236    58.70734304943062
239    58.67000056899569
243    58.620473048183655
247    58.5690525065465
251    58.51405226396537
255    58.45459095863543
259    58.39052398142072
263    58.32221433440952
267    58.250334099228
271    58.175745709479514
275    58.0993481145326
279    58.02196514253235
283    57.944322026181865
287    57.8670400539891
291    57.79055807610719
295    57.71510306580563
299    57.640799520777826
303    57.56772867856182
307    57.495960807886036
312    57.408293486338316
317    57.323287670981216
322    57.24129218013473
327    57.162693989579
332    57.08826907554649
337    57.01959886722326
342    56.95919931983066
347    56.91060649307372
352    56.87840435732076
357    56.86787935844016
362    56.884031734935434
367    56.93037345320394
372    57.007876515010025
377    57.114303270780155
383    57.272398779921495
389    57.45097842378857
395    57.63575401870568
401    57.8145142817167
407    57.97904018995567
413    58.12496586260723
419    58.250451033887956
425    58.35507425917699
431    58.43945310325978
437    58.50539230297427
443    58.5561726439514
449    58.59626875335637
456    58.635710642230634
463    58.67306980988365
470    58.712641163917304
477    58.757187443480426
484    58.808475753766444
491    58.867673830621186
498    58.93570741986742
505    59.01392215872247
512    59.10412817318901
519    59.20807354884022
527    59.34493013566082
535    59.5005585523371
543    59.672280730529124
551    59.85543145280115
559    60.04409912194424
567    60.23206729140252
575    60.413790576385594
583    60.58522581427532
592    60.76313137595968
601    60.92471410621732
610    61.07162535402698
619    61.20703655312416
628    61.334746541579705
637    61.45858218824137
646    61.58186686821585
655    61.70700782692215
665    61.84991433949065
675    61.99762269773014
685    62.150008275929395
695    62.30641335163462
705    62.46597978175316
715    62.62775880926223
725    62.79113252044199
736    62.97329077652948
747    63.15999401896492
758    63.352713452955264
769    63.55086730295652
780    63.75213511973128
791    63.95380550584942
803    64.17199564896899
815    64.38729821057012
827    64.59955617865025
839    64.80874141891806
851    65.01451954020729
863    65.21593011697786
876    65.4272771867404
889    65.62937784809904
902    65.82107985631306
915    66.00262844789252
928    66.17518780487507
942    66.35273647467706
956    66.52344944571362
970    66.68835804621028
984    66.84755451280053
998    67.00061388056757
1010    67.12647389582261
1020    67.22717945220528
1030    67.32362384641647
1050    67.50215080482431
1070    67.65994555284473
1090    67.79543418431103
1110    67.90705030551683
1130    67.99400585190797
1150    68.05588460387794
1170    68.09243389620696
1190    68.1041682863626
1210    68.09296255191177
1230    68.06256248605777
1250    68.01806427316356
1270    67.96514711007339
1290    67.90972650429089
1310    67.8576386082514
1330    67.81400935109579
1350    67.78269018595067
1370    67.76633090625134
1390    67.76619698230203
1410    67.78208404017906
1430    67.81261960990489
1450    67.8557003306309
1470    67.90883861605188
1490    67.96979074253701
1510    68.03694849803503
1530    68.10912468858075
1550    68.18532820530193
1570    68.26483437122951
1590    68.34716266678339
1610    68.43188182304426
1630    68.51864947477364
1650    68.60723771430233
1670    68.69750390112208
1690    68.78943052560314
1710    68.88312365992118
1730    68.9786818421241
1760    69.1254833442818
1790    69.27647851196804
1820    69.43130478476706
1850    69.58921152320524
1880    69.74985435929645
1910    69.91345456174005
1940    70.08018336310631
1970    70.24966229144081
2000    70.42078826778837
2030    70.59243071858842
2060    70.76400344214821
2090    70.93506429904065
2120    71.10545597175985
2150    71.27482566145835
2180    71.44204798220716
2210    71.60573558161249
2240    71.76436027266814
2270    71.91669104116934
2300    72.06183043483082
2330    72.19905117092642
2360    72.32743989004344
2390    72.44601929301783
2420    72.55417671295584
2460    72.68163707789165
2500    72.78913928229646
2540    72.8756851662891
2580    72.94138164822138
2620    72.98745136226202
2660    73.01535195692061
2700    73.02681691617875
2740    73.02476796131162
2780    73.01276928006084
2820    72.99351494741772
2860    72.9683146567088
2900    72.93728042890078
2940    72.89993550844723
2980    72.85610169575085
3020    72.80612858402793
3060    72.75039986361764
3100    72.68934208525741
3150    72.60694733811285
3200    72.52006813747548
3250    72.43072845191645
3300    72.33971228516324
3350    72.24596999788642
3400    72.14720138120059
3450    72.04027904887785
3500    71.92219485531461
3550    71.79240490816328
3600    71.65443590277053
3650    71.51376006355954
3700    71.37557339869358
3750    71.24421181205113
3800    71.12118782070414
3860    70.98015844089986
3920    70.83538751264655
3980    70.6718171873542
4040    70.47396776184328
4100    70.23199690294112
4160    69.94530057670946
4220    69.62033042632115
4280    69.26714512344095
4340    68.89773128387111
4400    68.5242106671999
4460    68.15767562068618
4520    67.80817348125564
4590    67.43511877739431
4660    67.11382630215813
4730    66.8555976701087
4800    66.66584326257893
4870    66.54470805224369
4940    66.48834262104398
5010    66.49128491380421
5080    66.54871232810535
5150    66.65635552577618
5220    66.80996119377943
5300    67.03489649743344
5380    67.30174021051357
5460    67.59855556095411
5540    67.9093236824971
5620    68.21371570664748
5700    68.48980112117106
5780    68.71399911700365
5860    68.86353279434753
5950    68.92285569090377
6040    68.86275318923092
6130    68.69655510695878
6220    68.44929056429123
6310    68.15055042458096
6400    67.83206677707207
6490    67.52392826962597
6580    67.25005472422846
6680    67.0057938036046
6780    66.8408131522463
6880    66.76852403017813
6980    66.79409343943564
7080    66.91360261644091
7180    67.10893494227167
7280    67.35245654613048
7390    67.65105089992068
7500    67.96719204756775
7610    68.28035343006125
7720    68.5551899032652
7830    68.74953246343979
7940    68.82839226373542
8060    68.7644589083259
8180    68.5587809473447
8300    68.25313769924827
8420    67.89823631612481
8540    67.53599620663799
8660    67.19315757032452
8790    66.86127621295972
8920    66.5819679393453
9050    66.361180420182
9180    66.19467441211228
9310    66.06195281663841
9450    65.91814152216168
9590    65.73276728272467
9730    65.47758625845644
9870    65.1431286443204
10010    64.73560600219376
10160    64.2323470692991
10310    63.673330188896884
10460    63.07099895705154
10610    62.440646292910685
10760    61.77701762053471
10920    61.019860420167824
11080    60.22978549751542
11240    59.431844560751614
11400    58.64791961090957
11570    57.851999095905136
11740    57.11185894126501
11910    56.43958991670989
12080    55.839497050449594
12260    55.281748108628875
12440    54.78990893953451
12620    54.35496196368486
12800    54.193311352941194
12990    54.99662924151771
13180    56.99601126231623
13370    59.15173627873962
13560    60.59157284290646
13760    61.38541126783308
13960    61.68327189151672
14160    61.53253355559551
14370    60.90746793424772
14580    59.85362478538322
14790    58.40541566242281
15010    56.481741103258244
15230    54.18931242476283
15450    51.78050905796718
15670    49.61879022637174
15900    47.6544191618196
16130    45.81511136042852
16360    44.26279167385549
16600    43.122166533052656
16840    42.433540586929894
17080    42.20645760229871
17330    42.278718119604115
17580    42.36055573106994
17840    42.28921649746926
18100    42.14801900038938
18360    41.89531153068749
18630    41.53176625187337
18900    41.34850554612832
19170    41.364309185550354
19450    41.441650454913926
19730    41.23615487858886
20000    40.9303803404095
