20    70.8005
20.3    70.87650024333252
20.6    70.9495
20.9    71.0185
21.2    71.08399978166739
21.5    71.14600005000013
21.8    71.20600019749901
22.1    71.26474999999999
22.4    71.32249999999999
22.7    71.37899981166728
23    71.4345
23.3    71.48800017333275
23.6    71.53999999999999
23.9    71.589125
24.2    71.63716677222257
24.6    71.69837492437537
25    71.7575
25.4    71.8135
25.8    71.86700012749935
26.2    71.91799987250064
26.6    71.96687499999999
27    72.01416662777791
27.4    72.05949994499986
27.8    72.10275000000001
28.2    72.1442
28.6    72.184
29    72.22200000000001
29.4    72.2576
29.8    72.28960000000001
30.2    72.31875
30.6    72.34616662111127
31    72.37399998249995
31.5    72.4125
32    72.4525
32.5    72.489
33    72.517
33.5    72.54050000000001
34    72.564
34.5    72.5895
35    72.614
35.5    72.634
36    72.652
36.5    72.67099999999999
37    72.6915
37.5    72.711
38    72.72492855153064
38.6    72.738099981
39.2    72.75093749179686
39.8    72.7653
40.4    72.7788333611112
41    72.787
41.6    72.79000000083334
42.2    72.79135714377551
42.8    72.79300000333335
43.4    72.79400000000001
44    72.7929285765306
44.6    72.7908333377778
45.2    72.7877
45.9    72.7778571530612
46.6    72.76583332777776
47.3    72.7610714277551
48    72.75907143061224
48.7    72.747000023
49.4    72.72350006714277
50.1    72.71281249976562
50.8    72.71149998071431
51.5    72.69800000000001
52.2    72.67400003428565
53    72.6545
53.8    72.63249996500005
54.6    72.60692857295918
55.4    72.6012499971875
56.2    72.5943
57    72.5575
57.8    72.53110000000001
58.6    72.5062
59.5    72.47225
60.4    72.47000002437503
61.3    72.50450000857143
62.2    72.47850004571421
63.1    72.41715
64    72.3735
64.9    72.38475
65.8    72.3968
66.8    72.33789999999999
67.8    72.2745
68.8    72.2293
69.8    72.18700000000001
70.8    72.1465
71.8    72.0997
72.8    72.0556
73.9    72.00695
75    71.95949999999999
76.1    71.91824989687474
77.2    71.87719228186397
78.3    71.83892313940814
79.4    71.79950005625014
80.6    71.75249993874985
81.8    71.70376916553269
83    71.6524231301774
84.2    71.59600009750025
85.4    71.53633328166654
86.6    71.47561528396474
87.9    71.411
89.2    71.34263333333334
90.5    71.27487493593733
91.8    71.20807683982268
93.1    71.1420000692306
94.5    71.07404172552097
95.9    71.01187490343725
97.3    70.95246151893497
98.7    70.8918462742009
100    70.8365
102    70.73633333333333
104    70.6479286372448
106    70.55000000000001
108    70.4505
110    70.33637492109366
112    70.21600000000001
114    70.10558346979201
116    69.99918174752057
118    69.8945
120    69.78257683698217
122    69.6655
124    69.55169036780035
126    69.437
128    69.331
130    69.23814285714286
132    69.14750000000001
134    69.07050000000001
136    68.9985
138    68.9305
140    68.861
142    68.789
144    68.716
146    68.63579999999999
148    68.5481
150    68.4565
152    68.35849999999999
154    68.2668
156    68.1882
158    68.1334
160    68.11699999999999
162    68.1702
164    68.2723
166    68.41550000000001
168    68.5849
170    68.7585
173    68.97460000000001
176    69.11580000000001
179    69.1857
182    69.1947
185    69.14949999999999
188    69.07159999999999
191    68.9736
194    68.85900000000001
197    68.737
200    68.6155
203    68.491
206    68.36500000000001
209    68.2385
212    68.119
215    68.008
218    67.9045
221    67.81825
224    67.741
227    67.68
230    67.632
233    67.5935
236    67.56
239    67.525875
243    67.47399999999999
247    67.40899999999999
251    67.33087499999999
255    67.24600000000001
259    67.16025
263    67.077
267    67
271    66.92433333333332
275    66.84887499999999
279    66.773
283    66.697
287    66.6188
291    66.53739999999999
295    66.453
299    66.3638
303    66.27175
307    66.1755
312    66.048
317    65.91720000000001
322    65.7842
327    65.6505
332    65.518
337    65.3863
342    65.256
347    65.1266
352    64.9991
357    64.8739
362    64.7527
367    64.6395
372    64.537
377    64.44928571428571
383    64.3617
389    64.3065
395    64.2705
401    64.26391666666666
407    64.27408333333332
413    64.29308333333333
419    64.31392857142858
425    64.3315
431    64.3455
437    64.36099999999999
443    64.38542857142858
449    64.42366666666666
456    64.49335714285715
463    64.59008333333334
470    64.71114285714286
477    64.84592857142857
484    64.9821
491    65.10792857142857
498    65.221
505    65.3143125
512    65.392
519    65.45314285714286
527    65.50775
535    65.5505625
543    65.5825
551    65.60707142857143
559    65.62881250000001
567    65.6455
575    65.65825
583    65.66755
592    65.6738
601    65.6744375
610    65.66835714285713
619    65.65700000000001
628    65.643125
637    65.6302
646    65.61970000000001
655    65.61250000000001
665    65.6095
675    65.6125
685    65.6105
695    65.58625
705    65.56049999999999
715    65.5515
725    65.55250000000001
736    65.5623
747    65.57455
758    65.58933333333334
769    65.60657692307691
780    65.62611538461539
791    65.647625
803    65.672125
815    65.69615384615385
827    65.71884615384616
839    65.74191666666667
851    65.76495833333334
863    65.78853846153845
876    65.81515
889    65.84383333333334
902    65.8745
915    65.9078076923077
928    65.94461538461539
942    65.98783333333333
956    66.03399999999999
970    66.08496153846154
984    66.14173076923078
998    66.20224999999999
1010    66.25733333333334
1020    66.30416666666667
1030    66.3515
1050    66.4471875
1070    66.542
1090    66.6345
1110    66.72264285714286
1130    66.80772222222222
1150    66.8915
1170    66.9715
1190    67.05003846153846
1210    67.12792857142858
1230    67.20483333333334
1250    67.28200000000001
1270    67.35583333333332
1290    67.42778571428572
1310    67.49835714285715
1330    67.56700000000001
1350    67.63374999999999
1370    67.69749999999999
1390    67.75800000000001
1410    67.81450000000001
1430    67.8685
1450    67.919
1470    67.96780000000001
1490    68.0151
1510    68.0615
1530    68.1072
1550    68.152
1570    68.196
1590    68.23939999999999
1610    68.2824
1630    68.325
1650    68.367
1670    68.4086
1690    68.4508
1710    68.4932
1730    68.5357
1760    68.60050000000001
1790    68.6671
1820    68.7339
1850    68.8015
1880    68.8736
1910    68.9462
1940    69.0197
1970    69.09530000000001
2000    69.17150000000001
2030    69.248
2060    69.3245
2090    69.4015
2120    69.478
2150    69.553
2180    69.628
2210    69.70175
2240    69.7745
2270    69.846
2300    69.916
2330    69.9815
2360    70.042
2390    70.09825000000001
2420    70.15166666666667
2460    70.215125
2500    70.2715
2540    70.32
2580    70.3615
2620    70.396
2660    70.42474999999999
2700    70.45016666666666
2740    70.469
2780    70.48375
2820    70.4944
2860    70.5026
2900    70.509
2940    70.51259999999999
2980    70.5162
3020    70.5205
3060    70.52566666666667
3100    70.531125
3150    70.5425
3200    70.55850000000001
3250    70.5815
3300    70.612
3350    70.65
3400    70.69800000000001
3450    70.756
3500    70.821
3550    70.8995
3600    70.991
3650    71.09450000000001
3700    71.21
3750    71.34
3800    71.48642857142858
3860    71.6766
3920    71.89668750000001
3980    72.13139999999999
4040    72.38199999999999
4100    72.65883333333333
4160    72.959
4220    73.26242857142857
4280    73.55675
4340    73.82875000000001
4400    74.06014285714286
4460    74.24283333333334
4520    74.3595
4590    74.41471428571428
4660    74.44166666666666
4730    74.51457142857143
4800    74.67242857142857
4870    74.873
4940    75.027
5010    75.0590625
5080    74.98599999999999
5150    74.8055
5220    74.55799999999999
5300    74.22999999999999
5380    73.8865
5460    73.55292857142857
5540    73.244125
5620    72.9699
5700    72.7295
5780    72.5471
5860    72.4106
5950    72.3165
6040    72.285
6130    72.31985714285715
6220    72.423
6310    72.60505
6400    72.8485
6490    73.1608
6580    73.5227
6680    73.9633
6780    74.4186
6880    74.85040000000001
6980    75.21349999999998
7080    75.46619999999999
7180    75.5764
7280    75.52170000000001
7390    75.28215
7500    74.8775
7610    74.37424999999999
7720    73.88465384615384
7830    73.44626923076925
7940    73.075
8060    72.7675
8180    72.5751923076923
8300    72.49688461538462
8420    72.52850000000001
8540    72.66383333333333
8660    72.87957692307693
8790    73.1598
8920    73.42063333333333
9050    73.61275
9180    73.66480769230769
9310    73.57015384615386
9450    73.32300000000001
9590    72.96175
9730    72.53742307692309
9870    72.10765384615385
10010    71.72153333333333
10160    71.38386666666666
10310    71.14953571428572
10460    71.03868750000001
10610    71.04103333333333
10760    71.16683333333333
10920    71.38193749999999
11080    71.60385714285715
11240    71.77211111111112
11400    71.89358333333334
11570    71.98131818181818
11740    72.0375
11910    72.07442307692307
12080    72.1157857142857
12260    72.10407142857143
12440    71.98783333333333
12620    71.6857
12800    71.215
12990    70.36162857142858
13180    69.46119999999999
13370    68.138525
13560    66.5849
13760    64.7895
13960    62.9417
14160    61.2686
14370    59.59332499999999
14580    57.84042
14790    55.7491
15010    53.08292
15230    49.91316
15450    46.9602
15670    46.13692
15900    45.1462
16130    42.933139999999995
16360    40.39278
16600    38.6999
16840    38.431400000000004
17080    39.32676
17330    40.85344
17580    42.63442
17840    44.74332
18100    47.0158
18360    48.894800000000004
18630    49.306439999999995
18900    47.2746
19170    42.82621999999999
19450    39.2851
19730    40.68262
20000    40.8475
