20    68.984
20.3    69.06100023833254
20.6    69.1325
20.9    69.2
21.2    69.26449978500071
21.5    69.32675005187514
21.8    69.38900020249898
22.1    69.449625
22.4    69.50999999999999
22.7    69.568999803334
23    69.625
23.3    69.67850017333276
23.6    69.7305
23.9    69.78037499999999
24.2    69.82966677555592
24.6    69.8943749193754
25    69.9565
25.4    70.0145
25.8    70.06900013374933
26.2    70.12249986625068
26.6    70.17462499999999
27    70.2268332905557
27.4    70.27649993999985
27.8    70.32225
28.2    70.364
28.6    70.4039
29    70.4435
29.4    70.4823
29.8    70.5199
30.2    70.55499999999999
30.6    70.58649995000016
31    70.61612498156245
31.5    70.65299999999999
32    70.69149999999999
32.5    70.7285
33    70.76050000000001
33.5    70.7875
34    70.8145
34.5    70.842
35    70.8685
35.5    70.892
36    70.9135
36.5    70.935
37    70.95400000000001
37.5    70.97
38    70.98321426683677
38.6    71.00129996800001
39.2    71.02356248570311
39.8    71.0428
40.4    71.05166667888892
41    71.05383333333333
41.6    71.05700000250002
42.2    71.06450000642856
42.8    71.0745000183334
43.4    71.08550000916662
44    71.09571426326534
44.6    71.1033333244444
45.2    71.1066
45.9    71.1086428555102
46.6    71.1095
47.3    71.10914285693877
48    71.1107857117347
48.7    71.115499992
49.4    71.11400000428571
50.1    71.10462499828125
50.8    71.09499999500002
51.5    71.0915
52.2    71.08600000785714
53    71.076
53.8    71.0679999857143
54.6    71.05607143132653
55.4    71.04025001593752
56.2    71.0235
57    71.0075
57.8    70.99789999999999
58.6    70.9796
59.5    70.96025
60.4    70.95675000656252
61.3    70.94949999285716
62.2    70.89900006499991
63.1    70.85820000000001
64    70.8195
64.9    70.7493
65.8    70.7363
66.8    70.737
67.8    70.7095
68.8    70.6833
69.8    70.6517
70.8    70.6206
71.8    70.5897
72.8    70.55430000000001
73.9    70.5146
75    70.471
76.1    70.42791655895806
77.2    70.38669228186396
78.3    70.34380776544361
79.4    70.29950006125014
80.6    70.25249994374985
81.8    70.20461531627235
83    70.1538462026626
84.2    70.10233342166688
85.4    70.04966662333322
86.6    69.99853837606528
87.9    69.94149999999999
89.2    69.87696666666668
90.5    69.81354160677068
91.8    69.75069222878716
93.1    69.68673083792883
94.5    69.61758339479181
95.9    69.54987489218723
97.3    69.48346151662727
98.7    69.41630782544348
100    69.348
102    69.268
104    69.1742857867346
106    69.077
108    68.983
110    68.88237493046867
112    68.774
114    68.66308346979201
116    68.55440901714866
118    68.4445
120    68.33411529970408
122    68.23
124    68.11571417687064
126    68.01050000000001
128    67.916
130    67.84657142857142
132    67.781
134    67.733
136    67.69200000000001
138    67.6575
140    67.625
142    67.588
144    67.5565
146    67.53190000000001
148    67.5094
150    67.489
152    67.46860000000001
154    67.4377
156    67.4025
158    67.3685
160    67.34049999999999
162    67.3305
164    67.337
166    67.3594
168    67.3947
170    67.4375
173    67.4944
176    67.5166
179    67.5022
182    67.472
185    67.4355
188    67.3843
191    67.3247
194    67.265
197    67.21520000000001
200    67.168
203    67.1075
206    67.043
209    66.9805
212    66.91900000000001
215    66.853375
218    66.787
221    66.719375
224    66.65
227    66.576
230    66.497
233    66.4125
236    66.326
239    66.237875
243    66.11699999999999
247    65.9985
251    65.883875
255    65.778625
259    65.68675
263    65.60933333333332
267    65.55025
271    65.5025
275    65.460375
279    65.41775000000001
283    65.37100000000001
287    65.3174
291    65.2551
295    65.1835
299    65.1031
303    65.01625
307    64.9245
312    64.80375000000001
317    64.68090000000001
322    64.55959999999999
327    64.44040000000001
332    64.3255
337    64.2134
342    64.1035
347    63.996399999999994
352    63.8887
357    63.778999999999996
362    63.669399999999996
367    63.563199999999995
372    63.464600000000004
377    63.37835714285714
383    63.2928
389    63.24475
395    63.223
401    63.246833333333335
407    63.30116666666667
413    63.38041666666667
419    63.477500000000006
425    63.582499999999996
431    63.684
437    63.775000000000006
443    63.85128571428572
449    63.9165
456    63.9795
463    64.03116666666666
470    64.07778571428571
477    64.12385714285713
484    64.1694
491    64.21521428571428
498    64.2565
505    64.2903125
512    64.31742857142858
519    64.33778571428572
527    64.35612499999999
535    64.370625
543    64.38478571428571
551    64.40178571428571
559    64.42150000000001
567    64.44290000000001
575    64.46600000000001
583    64.48925
592    64.5131
601    64.533625
610    64.55235714285715
619    64.56771428571429
628    64.579125
637    64.58885000000001
646    64.5986
655    64.61075
665    64.62925
675    64.65625
685    64.69225
695    64.6985
705    64.58
715    64.367
725    64.24775
736    64.3043
747    64.41460000000001
758    64.4805
769    64.5205
780    64.55215384615386
791    64.582
803    64.614
815    64.64538461538461
827    64.67438461538461
839    64.70058333333333
851    64.72595833333334
863    64.75565384615385
876    64.7905
889    64.83016666666666
902    64.87174999999999
915    64.91623076923076
928    64.96365384615385
942    65.01916666666666
956    65.07900000000001
970    65.14242307692308
984    65.21015384615384
998    65.28083333333333
1010    65.342
1020    65.394
1030    65.447
1050    65.554625
1070    65.66333333333333
1090    65.7715
1110    65.87785714285715
1130    65.98166666666667
1150    66.08449999999999
1170    66.18677272727273
1190    66.28953846153846
1210    66.39271428571429
1230    66.49711904761904
1250    66.60249999999999
1270    66.7065
1290    66.80807142857142
1310    66.90921428571428
1330    67.008
1350    67.10325
1370    67.19500000000001
1390    67.28450000000001
1410    67.37066666666666
1430    67.454
1450    67.5335
1470    67.61070000000001
1490    67.6867
1510    67.7613
1530    67.8346
1550    67.90700000000001
1570    67.9778
1590    68.048
1610    68.1174
1630    68.1861
1650    68.2545
1670    68.3229
1690    68.3907
1710    68.4581
1730    68.52510000000001
1760    68.6255
1790    68.7278
1820    68.82919999999999
1850    68.92699999999999
1880    69.0221
1910    69.11449999999999
1940    69.20360000000001
1970    69.291
2000    69.376
2030    69.458
2060    69.537
2090    69.614
2120    69.6885
2150    69.75550000000001
2180    69.8185
2210    69.8725
2240    69.922
2270    69.96350000000001
2300    69.9965
2330    70.0215
2360    70.04050000000001
2390    70.05250000000001
2420    70.06083333333333
2460    70.0615
2500    70.054
2540    70.041
2580    70.023
2620    70.0025
2660    69.979125
2700    69.9555
2740    69.93199999999999
2780    69.90924999999999
2820    69.88980000000001
2860    69.87519999999999
2900    69.866
2940    69.8604
2980    69.86019999999999
3020    69.86525
3060    69.87716666666667
3100    69.899
3150    69.9385
3200    69.991
3250    70.056
3300    70.1385
3350    70.23750000000001
3400    70.35300000000001
3450    70.4845
3500    70.63050000000001
3550    70.79249999999999
3600    70.965
3650    71.146
3700    71.332
3750    71.51650000000001
3800    71.689
3860    71.8788
3920    72.014625
3980    72.0984
4040    72.04833333333333
4100    71.82883333333334
4160    71.362
4220    70.9475
4280    70.61625000000001
4340    70.22749999999999
4400    69.77935714285715
4460    69.38866666666667
4520    69.1626
4590    69.21757142857143
4660    69.539
4730    70.07878571428571
4800    70.70264285714285
4870    71.32
4940    71.818
5010    72.1110625
5080    72.2305
5150    72.173
5220    72.01650000000001
5300    71.789
5380    71.5685
5460    71.39378571428571
5540    71.28537499999999
5620    71.2511
5700    71.2835
5780    71.4203
5860    71.639
5950    71.98825
6040    72.447
6130    73.0245
6220    73.717
6310    74.52855
6400    75.411
6490    76.32225
6580    77.1635
6680    77.8885
6780    78.25630000000001
6880    78.21969999999999
6980    77.85
7080    77.28229999999999
7180    76.64320000000001
7280    76.00989999999999
7390    75.35345000000001
7500    74.735
7610    74.095625
7720    73.36288461538462
7830    72.51496153846153
7940    71.56175
8060    70.423
8180    69.23676923076923
8300    68.06288461538463
8420    66.94633333333333
8540    65.92116666666666
8660    65.00519230769231
8790    64.1376
8920    63.421533333333336
9050    62.815124999999995
9180    62.3435
9310    61.988692307692304
9450    61.7375
9590    61.62875
9730    61.66619230769231
9870    61.8435
10010    62.16666666666667
10160    62.66706666666667
10310    63.32242857142856
10460    64.1238125
10610    65.02736666666667
10760    65.99876666666665
10920    66.98681249999998
11080    67.76571428571428
11240    68.1731111111111
11400    68.26383333333334
11570    68.06975
11740    67.81875
11910    67.59411538461538
12080    67.39564285714286
12260    67.30135714285714
12440    67.27366666666666
12620    67.25
12800    67.0995
12990    66.5523
13180    65.955
13370    64.9919
13560    64.0048
13760    63.0821
13960    62.3883
14160    62.039500000000004
14370    61.89005
14580    62.171279999999996
14790    62.72396
15010    63.3957
15230    63.7411
15450    63.7321
15670    63.77945999999999
15900    63.7378
16130    63.352180000000004
16360    62.661199999999994
16600    61.6524
16840    60.46584
17080    59.7348
17330    59.8093
17580    60.2261
17840    60.7361
18100    61.536699999999996
18360    62.0385
18630    61.215360000000004
18900    59.0082
19170    56.389660000000006
19450    55.86269999999999
19730    55.130579999999995
20000    55.061499999999995
