20    63.7956657386655
20.3    63.83497038893938
20.6    63.873896599107894
20.9    63.91275588322347
21.2    63.95186309133693
21.5    63.991346434247546
21.8    64.03098239120366
22.1    64.07014048484996
22.4    64.10789703187741
22.7    64.14329234518291
23    64.17562482747918
23.3    64.20466133671178
23.6    64.23068848115932
23.9    64.25439848393376
24.2    64.27666017102365
24.6    64.30541319968765
25    64.33414416527418
25.4    64.3632214178906
25.8    64.39248699126783
26.2    64.42165569327199
26.6    64.45051785979601
27    64.47888716569204
27.4    64.50645220101052
27.8    64.53275436087122
28.2    64.5573593637763
28.6    64.58006942167691
29    64.60101462048797
29.4    64.62056666791455
29.8    64.63915911830756
30.2    64.65714193172974
30.6    64.67473822206624
31    64.69207199765401
31.5    64.71345380781271
32    64.73450593178697
32.5    64.75507926277895
33    64.77494259896957
33.5    64.7939147362475
34    64.81194405532301
34.5    64.82905853182275
35    64.84523864494291
35.5    64.8603376205725
36    64.87412317273731
36.5    64.8863926098351
37    64.89707637918862
37.5    64.90628141094828
38    64.91427370737446
38.6    64.9228217683746
39.2    64.93105577248518
39.8    64.94003743151595
40.4    64.95099081400099
41    64.96513516902434
41.6    64.98344073523378
42.2    65.00640960925176
42.8    65.03393119573005
43.4    65.06519968772866
44    65.09872581767287
44.6    65.13255593437077
45.2    65.16474463236482
45.9    65.19845971544912
46.6    65.2274688489893
47.3    65.25238350893937
48    65.27419991646588
48.7    65.29357442117134
49.4    65.31070055368656
50.1    65.32557677178174
50.8    65.33835192876597
51.5    65.34960085136859
52.2    65.36039619831308
53    65.37395299833963
53.8    65.39082082770868
54.6    65.41284637377404
55.4    65.44130467152448
56.2    65.47643091194118
57    65.5172428759339
57.8    65.56184675033663
58.6    65.60788905161175
59.5    65.6584132568747
60.4    65.70473037639626
61.3    65.74465298466565
62.2    65.77687688369511
63.1    65.80095710677644
64    65.81715685113463
64.9    65.82622674710785
65.8    65.82920919625087
66.8    65.8268033625314
67.8    65.81991977824129
68.8    65.80998361957339
69.8    65.79808870430897
70.8    65.78497926673853
71.8    65.77099694126669
72.8    65.7560021781453
73.9    65.73794244464904
75    65.71816571615051
76.1    65.69712093730958
77.2    65.67558371937675
78.3    65.65444243421396
79.4    65.63451091751841
80.6    65.61487923484012
81.8    65.59802753846759
83    65.5843785132575
84.2    65.57415508265018
85.4    65.56738749893339
86.6    65.56391745949034
87.9    65.56352219909124
89.2    65.56610611370718
90.5    65.57084323637531
91.8    65.57654296378732
93.1    65.58205655115589
94.5    65.58694115933099
95.9    65.59036379324567
97.3    65.59244005118654
98.7    65.59362821666252
100    65.59432147489537
102    65.59466297519859
104    65.5929866765457
106    65.58726946784118
108    65.57612638577524
110    65.55950044264543
112    65.53854090094501
114    65.51492283918961
116    65.49065336146546
118    65.4676946412765
120    65.44785736025713
122    65.4330181826613
124    65.42531756582044
126    65.42693550772543
128    65.44023497168223
130    65.4679246385829
132    65.5127829684262
134    65.57674392967425
136    65.65969042570393
138    65.75868203855833
140    65.86800971110168
142    65.98026138555002
144    66.08798889318848
146    66.18514363764521
148    66.26797996533448
150    66.33519725267203
152    66.38747006242215
154    66.42668087415663
156    66.45515064474101
158    66.47508877593677
160    66.48828613748958
162    66.49593540873285
164    66.49857304094684
166    66.49617928946675
168    66.48836774081741
170    66.47463744982082
173    66.44225630836283
176    66.3958233451088
179    66.3366646865982
182    66.26714236492325
185    66.19028525208101
188    66.10937254201082
191    66.02760887570275
194    65.94800508054041
197    65.87324633209819
200    65.80548701790079
203    65.74629207271045
206    65.69660001745149
209    65.65658204679448
212    65.62549701976164
215    65.60166344660584
218    65.58258781144872
221    65.56530253379967
224    65.54696490534408
227    65.52535575459862
230    65.49893634495717
233    65.4668333225028
236    65.4289625151363
239    65.38608859978024
243    65.32353557343055
247    65.25829056921673
251    65.1938105677284
255    65.13250223441705
259    65.07544105364104
263    65.02238157263712
267    64.97197172607072
271    64.92221822886344
275    64.87108088346528
279    64.81694940211617
283    64.75879075408648
287    64.69615812806512
291    64.62920599489624
295    64.55857196645965
299    64.48512322297228
303    64.4096658121336
307    64.33277081753806
312    64.23512564841755
317    64.13607813738525
322    64.03574658846415
327    63.934112351013766
332    63.831179664381985
337    63.72704583779506
342    63.62182295595839
347    63.515715365859876
352    63.40909961828419
357    63.302561506356795
362    63.19722487791722
367    63.09504190959349
372    62.99876252651245
377    62.911699090216686
383    62.82431297880519
389    62.76077897126097
395    62.725244267631474
401    62.71971484415229
407    62.74349927810853
413    62.79305434571904
419    62.86238861997565
425    62.9439770286133
431    63.03011814295145
437    63.114212550742806
443    63.191581464328536
449    63.25967628684359
456    63.32644942266815
463    63.380181824495494
470    63.422172366827596
477    63.45383200198633
484    63.476620357290884
491    63.492297951245966
498    63.503222988916505
505    63.51240171767424
512    63.52309159309171
519    63.53823904141153
527    63.563751424763396
535    63.59955229738736
543    63.645515574236114
551    63.699906297749685
559    63.75973113471994
567    63.82113173644211
575    63.87999357015318
583    63.932682627416135
592    63.981396711364965
601    64.01730340283483
610    64.04059176621095
619    64.05288187125882
628    64.05655762246192
637    64.05413541434045
646    64.04792914066377
655    64.03997346071053
665    64.03107889540487
675    64.0236144543301
685    64.01832945521637
695    64.01539439415735
705    64.0147961809794
715    64.01656015178598
725    64.02082881522719
736    64.02863145249417
747    64.03977463164617
758    64.0541909140382
769    64.07179333647349
780    64.09250723167148
791    64.11621971518251
803    64.14527425211155
815    64.17751751669024
827    64.2130545584452
839    64.2521235172778
851    64.29514072949429
863    64.34258859846332
876    64.3993651424957
889    64.4619068453814
902    64.53008363885296
915    64.6034066709858
928    64.68136146503942
942    64.7700739998655
956    64.86340536832594
970    64.96108579461009
984    65.06293251366444
998    65.16904844156046
1010    65.26340124534315
1020    65.34413044221935
1030    65.42637659600719
1050    65.59424499309421
1070    65.76556765650949
1090    65.93947492753733
1110    66.11562960262557
1130    66.29444661697232
1150    66.47635586625393
1170    66.66198239276476
1190    66.85198068475519
1210    67.04634082941425
1230    67.24462683153266
1250    67.44631266614576
1270    67.65032001139103
1290    67.85547496501883
1310    68.06090621916664
1330    68.26629271060466
1350    68.4717875854207
1370    68.6775900057022
1390    68.88381724554961
1410    69.09063888432438
1430    69.29813749086995
1450    69.50611345093562
1470    69.71447028168515
1490    69.92338488760447
1510    70.13324621677572
1530    70.34465051936559
1550    70.55808471123274
1570    70.77359431634653
1590    70.99101363889216
1610    71.21019663064916
1630    71.43074275022266
1650    71.65172100240565
1670    71.87191027837792
1690    72.08981989997915
1710    72.3034586588267
1730    72.5102275654192
1760    72.80090051002168
1790    73.0590476219459
1820    73.27613546414437
1850    73.44463521797442
1880    73.55804257528723
1910    73.61117991901409
1940    73.60164575208029
1970    73.53129588176066
2000    73.4054213236617
2030    73.22991814417816
2060    73.01188379661018
2090    72.76061838629766
2120    72.48620397431839
2150    72.19761736608463
2180    71.90312517448626
2210    71.61044987969274
2240    71.3255050321343
2270    71.05200449199832
2300    70.79279574485193
2330    70.5508670057124
2360    70.32887846035004
2390    70.12868291204123
2420    69.95194758984127
2460    69.75546205901395
2500    69.60407021000779
2540    69.49753408575042
2580    69.43566001032988
2620    69.41667392105836
2660    69.43879803097403
2700    69.50048879836169
2740    69.59969652115896
2780    69.7337745700616
2820    69.89948887097142
2860    70.09314995850806
2900    70.31109760863711
2940    70.54894110775535
2980    70.80134702455567
3020    71.0626412429652
3060    71.32642066672602
3100    71.58516663608006
3150    71.88819442313988
3200    72.15035242253327
3250    72.35139985552036
3300    72.4728858738942
3350    72.50067703018057
3400    72.42646630744596
3450    72.24827378708456
3500    71.97141861865981
3550    71.60853959053435
3600    71.17659276082912
3650    70.69242565003111
3700    70.17084944641356
3750    69.6245487960388
3800    69.06383417317454
3860    68.3827711573048
3920    67.70090284693696
3980    67.02262112520597
4040    66.35071088171443
4100    65.68794555967747
4160    65.03951870634523
4220    64.41898332909271
4280    63.85316873286335
4340    63.383484281859666
4400    63.06217596345695
4460    62.936336029635584
4520    63.026676611977535
4590    63.384951286299696
4660    63.961702987697095
4730    64.71353524337975
4800    65.60635540665578
4870    66.57708873158316
4940    67.52512860291334
5010    68.35346308747648
5080    69.01525491347974
5150    69.5231181735931
5220    69.9265881247637
5300    70.33489212669824
5380    70.75180734321087
5460    71.20940478044979
5540    71.71550093233553
5620    72.27079757300896
5700    72.87868099432532
5780    73.54408530540144
5860    74.26603019346686
5950    75.12448457356896
6040    75.9738331553217
6130    76.7148181873591
6220    77.22224726088231
6310    77.39394417057026
6400    77.20950730335323
6490    76.73970510687532
6580    76.09657825519572
6680    75.27805540153165
6780    74.41280075315667
6880    73.70612224675452
6980    73.43577985651305
7080    73.35964653042662
7180    73.09340843773123
7280    72.81676452239084
7390    72.62677538822783
7500    72.27292220772398
7610    71.73674972775225
7720    71.138021590535
7830    70.54438509028343
7940    69.99736477354148
8060    69.49418981145763
8180    69.1179943548963
8300    68.88251326176325
8420    68.78882634337538
8540    68.82900238146922
8660    68.98148743080438
8790    69.2238574574853
8920    69.45970349145013
9050    69.5708830495191
9180    69.44498253180441
9310    69.02944171824433
9450    68.30565931108043
9590    67.44386181675557
9730    66.62117388638555
9870    65.96803186652215
10010    65.5493574278862
10160    65.40316454015209
10310    65.5780030922468
10460    66.02676710610952
10610    66.69438478395264
10760    67.52908459006528
10920    68.50763717964412
11080    69.42057118748997
11240    70.09410045567232
11400    70.41162365171525
11570    70.36518560125073
11740    70.06438190825358
11910    69.6940042202321
12080    69.40561697587825
12260    69.30292153531802
12440    69.42929239758733
12620    69.65614682895207
12800    69.72835620635695
12990    69.30900903642626
13180    68.20747437081147
13370    66.5750295264411
13560    64.71932378948922
13760    62.803692936690894
13960    61.097093074558046
14160    59.66240285895472
14370    58.452455622520354
14580    57.53193827888994
14790    56.887753269790345
15010    56.498431656769135
15230    56.383359254713824
15450    56.49980384630177
15670    56.729183956702016
15900    56.80412938115498
16130    56.346458544531174
16360    55.38994106514056
16600    54.17695420493498
16840    52.9359124982331
17080    52.0539594319086
17330    51.879725065215496
17580    52.25548043769825
17840    52.713559417789114
18100    52.897240428430635
18360    52.46687191035683
18630    51.55703877241264
18900    50.89203017821162
19170    51.351967066350696
19450    52.37051830099475
19730    52.101842201025576
20000    51.58717685737595
