20    63.883
20.3    63.98650033499888
20.6    64.087
20.9    64.1825
21.2    64.27349969666767
21.5    64.36237507343769
21.8    64.4505003024985
22.1    64.5425
22.4    64.637
22.7    64.7334996783344
23    64.82900000000001
23.3    64.92000027999907
23.6    65.00399999999999
23.9    65.079375
24.2    65.1508334877783
24.6    65.24262488562557
25    65.334
25.4    65.42699999999999
25.8    65.51950022499886
26.2    65.60949977500113
26.6    65.69437500000001
27    65.77716659944467
27.4    65.85749989999974
27.8    65.93700000000001
28.2    66.0155
28.6    66.0933
29    66.1705
29.4    66.24170000000001
29.8    66.3075
30.2    66.36975
30.6    66.43066656444478
31    66.4966249578124
31.5    66.5855
32    66.67349999999999
32.5    66.7475
33    66.8085
33.5    66.87
34    66.94149999999999
34.5    67.021
35    67.0985
35.5    67.1675
36    67.22749999999999
36.5    67.2815
37    67.333
37.5    67.386
38    67.44457134489808
38.6    67.514399884
39.2    67.57318746460933
39.8    67.6267
40.4    67.6795001200004
41    67.73416666666667
41.6    67.78483336027787
42.2    67.83157146132649
42.8    67.87925008250028
43.4    67.92700003833315
44    67.9703570459185
44.6    68.01233323444411
45.2    68.0584
45.9    68.10871424897965
46.6    68.14333334611115
47.3    68.17064286836734
48    68.20207139489801
48.7    68.224999973
49.4    68.22949998714287
50.1    68.24643750617187
50.8    68.28100004571422
51.5    68.313
52.2    68.33849996357148
53    68.384
53.8    68.44300005714277
54.6    68.48671428040817
55.4    68.5181249657812
56.2    68.56
57    68.618
57.8    68.6708
58.6    68.7149
59.5    68.764
60.4    68.81600002937503
61.3    68.86628572959182
62.2    68.90799995571436
63.1    68.96085000000001
64    69.04050000000001
64.9    69.1089
65.8    69.16210000000001
66.8    69.2103
67.8    69.2163
68.8    69.2615
69.8    69.319
70.8    69.3113
71.8    69.30330000000001
72.8    69.3049
73.9    69.30775
75    69.318
76.1    69.32579168614589
77.2    69.33419231301774
78.3    69.34049999076925
79.4    69.342750000625
80.6    69.33949999249998
81.8    69.33257691251482
83    69.3253076985207
84.2    69.31916667583336
85.4    69.31533333291667
86.6    69.31530769390531
87.9    69.31620000000001
89.2    69.31463333333333
90.5    69.31479167239584
91.8    69.31730769044378
93.1    69.31326923822483
94.5    69.30337501093753
95.9    69.28849997374994
97.3    69.26807691597635
98.7    69.24330774236675
100    69.218
102    69.167
104    69.10900004285708
106    69.0445
108    68.96466666666666
110    68.87574994218743
112    68.76650000000001
114    68.6660001187503
116    68.5632726519627
118    68.4515
120    68.33611529585792
122    68.22399999999999
124    68.12971419591828
126    68.07783333333333
128    68.085
130    68.19071428571428
132    68.311
134    68.493
136    68.67349999999999
138    68.84
140    69.00399999999999
142    69.175
144    69.34475
146    69.5026
148    69.6396
150    69.74600000000001
152    69.8092
154    69.846
156    69.86019999999999
158    69.8562
160    69.839
162    69.8118
164    69.7798
166    69.744
168    69.7052
170    69.664
173    69.59649999999999
176    69.5269
179    69.4558
182    69.38239999999999
185    69.3075
188    69.2344
191    69.16239999999999
194    69.0904
197    69.018
200    68.94800000000001
203    68.874
206    68.802
209    68.73750000000001
212    68.6755
215    68.61425
218    68.5505
221    68.485125
224    68.4195
227    68.351
230    68.2845
233    68.219
236    68.15350000000001
239    68.088625
243    68.003
247    67.9145
251    67.821875
255    67.727125
259    67.631
263    67.533
267    67.4345
271    67.33500000000001
275    67.23349999999999
279    67.13187500000001
283    67.03030000000001
287    66.9281
291    66.8255
295    66.7235
299    66.6187
303    66.51525
307    66.412
312    66.28637499999999
317    66.1655
322    66.05080000000001
327    65.94290000000001
332    65.8417
337    65.7453
342    65.64940000000001
347    65.55170000000001
352    65.4522
357    65.3529
362    65.2555
367    65.1625
372    65.0771
377    65.00671428571428
383    64.9408
389    64.90537499999999
395    64.89150000000001
401    64.91675000000001
407    64.96225
413    65.01808333333332
419    65.07428571428571
425    65.124
431    65.16499999999999
437    65.194
443    65.21242857142857
449    65.22675000000001
456    65.24057142857143
463    65.25541666666666
470    65.27478571428571
477    65.30185714285714
484    65.3348
491    65.37071428571429
498    65.40216666666666
505    65.429875
512    65.45578571428572
519    65.47964285714286
527    65.50574999999999
535    65.533
543    65.56242857142857
551    65.59314285714285
559    65.622375
567    65.64735
575    65.6725
583    65.69794999999999
592    65.72710000000001
601    65.7594375
610    65.79642857142858
619    65.84142857142857
628    65.893125
637    65.9505
646    66.0075
655    66.06025
665    66.11125
675    66.15299999999999
685    66.187
695    66.21475000000001
705    66.237
715    66.256
725    66.275
736    66.29910000000001
747    66.32775
758    66.36133333333333
769    66.39823076923076
780    66.43803846153847
791    66.480625
803    66.528875
815    66.57684615384616
827    66.62646153846154
839    66.67741666666666
851    66.730875
863    66.78992307692309
876    66.86125
889    66.94643333333335
902    67.03308333333334
915    67.03273076923077
928    66.86469230769231
942    66.69666666666667
956    66.71775
970    66.8051923076923
984    66.93242307692307
998    67.11183333333334
1010    67.24783333333333
1020    67.30866666666667
1030    67.322
1050    67.3665
1070    67.49883333333332
1090    67.61449999999999
1110    67.70457142857143
1130    67.78405555555555
1150    67.8565
1170    67.9224090909091
1190    67.98334615384616
1210    68.04021428571428
1230    68.09057142857142
1250    68.1365
1270    68.17583333333333
1290    68.20664285714287
1310    68.23292857142857
1330    68.24924999999999
1350    68.255
1370    68.25125
1390    68.23875
1410    68.21833333333333
1430    68.19399999999999
1450    68.163
1470    68.1266
1490    68.0869
1510    68.0433
1530    67.99530000000001
1550    67.9425
1570    67.8853
1590    67.8248
1610    67.76140000000001
1630    67.6955
1650    67.6275
1670    67.55869999999999
1690    67.4872
1710    67.4136
1730    67.33800000000001
1760    67.221
1790    67.1052
1820    66.9922
1850    66.882
1880    66.7791
1910    66.6787
1940    66.5827
1970    66.4915
2000    66.405
2030    66.3225
2060    66.244
2090    66.169
2120    66.0975
2150    66.03325000000001
2180    65.9725
2210    65.9225
2240    65.87899999999999
2270    65.845
2300    65.81899999999999
2330    65.80199999999999
2360    65.792
2390    65.788625
2420    65.78916666666666
2460    65.797125
2500    65.8115
2540    65.835
2580    65.86699999999999
2620    65.9065
2660    65.953625
2700    66.0055
2740    66.06475
2780    66.131
2820    66.20320000000001
2860    66.2789
2900    66.35849999999999
2940    66.4425
2980    66.528
3020    66.6135
3060    66.697
3100    66.77487500000001
3150    66.86449999999999
3200    66.9395
3250    66.9975
3300    67.03999999999999
3350    67.0695
3400    67.094
3450    67.1235
3500    67.16900000000001
3550    67.2385
3600    67.33250000000001
3650    67.44900000000001
3700    67.5825
3750    67.72749999999999
3800    67.8825
3860    68.0737
3920    68.2725625
3980    68.47749999999999
4040    68.69083333333333
4100    68.91316666666667
4160    69.1455
4220    69.38428571428571
4280    69.62950000000001
4340    69.8845
4400    70.148
4460    70.41550000000001
4520    70.6841
4590    71.00992857142856
4660    71.35050000000001
4730    71.69399999999999
4800    72.02307142857143
4870    72.348
4940    72.67949999999999
5010    72.9886875
5080    73.2525
5150    73.4335
5220    73.518
5300    73.4865
5380    73.311
5460    73.002
5540    72.58500000000001
5620    72.08869999999999
5700    71.5435
5780    70.9723
5860    70.4092
5950    69.7995
6040    69.22575
6130    68.7015
6220    68.2325
6310    67.8349
6400    67.4965
6490    67.17609999999999
6580    66.95009999999999
6680    66.8781
6780    66.8616
6880    66.82499999999999
6980    67.1497
7080    67.5942
7180    68.0829
7280    68.6309
7390    69.28209999999999
7500    69.945
7610    70.572
7720    71.1066923076923
7830    71.50815384615385
7940    71.7355
8060    71.70775
8180    71.344
8300    70.67207692307693
8420    69.74600000000001
8540    68.64766666666667
8660    67.47546153846153
8790    66.1993
8920    64.98230000000001
9050    63.836
9180    62.79596153846154
9310    61.853730769230765
9450    60.94254166666666
9590    60.133375
9730    59.42073076923077
9870    58.799961538461545
10010    58.2707
10160    57.80023333333334
10310    57.42742857142857
10460    57.1545625
10610    56.97506666666666
10760    56.907700000000006
10920    56.94825
11080    57.0965
11240    57.37838888888889
11400    57.77883333333334
11570    58.403999999999996
11740    59.15575
11910    60.21194230769231
12080    61.382428571428576
12260    62.94285714285714
12440    64.60833333333333
12620    65.95899999999999
12800    66.4625
12990    65.33362857142856
13180    64.1124
13370    62.450450000000004
13560    61.0382
13760    59.893299999999996
13960    59.1106
14160    58.759166666666665
14370    58.64565
14580    59.04092
14790    59.85224
15010    61.21804
15230    62.82492
15450    63.1854
15670    61.53152
15900    58.531400000000005
16130    55.3224
16360    52.577020000000005
16600    50.4687
16840    48.89988
17080    47.47492
17330    46.3296
17580    45.57334
17840    45.18444
18100    45.142799999999994
18360    45.53918
18630    46.70014
18900    48.358
19170    48.3549
19450    44.2421
19730    36.85678
20000    36.2975
