20    70.185
20.3    70.26850027499908
20.6    70.351
20.9    70.4305
21.2    70.50699974500085
21.5    70.58037505968764
21.8    70.65200023249884
22.1    70.72187500000001
22.4    70.792
22.7    70.86049977166742
23    70.92750000000001
23.3    70.99350021333262
23.6    71.0575
23.9    71.120125
24.2    71.18333347444491
24.6    71.26824989375054
25    71.352
25.4    71.43100000000001
25.8    71.50100015374923
26.2    71.56249984625077
26.6    71.62200000000001
27    71.68299994666685
27.4    71.7477499181248
27.8    71.8125
28.2    71.87270000000001
28.6    71.9272
29    71.976
29.4    72.022
29.8    72.0704
30.2    72.12075
30.6    72.17149991666695
31    72.21962497031242
31.5    72.274
32    72.324
32.5    72.372
33    72.4195
33.5    72.467
34    72.512
34.5    72.554
35    72.595
35.5    72.6335
36    72.6705
36.5    72.705
37    72.7385
37.5    72.7705
38    72.80335709591844
38.6    72.841699937
39.2    72.87674997843747
39.8    72.90809999999999
40.4    72.93450005666685
41    72.959
41.6    72.98433334777783
42.2    73.01042859010201
42.8    73.03550004000013
43.4    73.05725001624992
44    73.07492853367353
44.6    73.090333301111
45.2    73.1046
45.9    73.12007141632655
46.6    73.13450000666668
47.3    73.14814286265306
48    73.16092855867349
48.7    73.17299998300001
49.4    73.18349997000004
50.1    73.1932500021875
50.8    73.20550002499996
51.5    73.22300000000001
52.2    73.24199997285717
53    73.26050000000001
53.8    73.28100002428567
54.6    73.29914285551021
55.4    73.30562500140626
56.2    73.3052
57    73.30799999999999
57.8    73.30799999999999
58.6    73.3023
59.5    73.29299999999999
60.4    73.28299999437499
61.3    73.27314285408164
62.2    73.26350001071427
63.1    73.255
64    73.2505
64.9    73.24959999999999
65.8    73.25150000000001
66.8    73.2552
67.8    73.256
68.8    73.2556
69.8    73.25630000000001
70.8    73.2573
71.8    73.2579
72.8    73.2568
73.9    73.25200000000001
75    73.245
76.1    73.23170830010409
77.2    73.21473075831364
78.3    73.194000036923
79.4    73.17050003375009
80.6    73.14124996062489
81.8    73.11049995961548
83    73.07896157085791
84.2    73.04483339166681
85.4    73.00949996999992
86.6    72.97242300902383
87.9    72.93
89.2    72.88763333333333
90.5    72.84358328854155
91.8    72.7972691736096
93.1    72.75311542934901
94.5    72.71095836822926
95.9    72.67374994187486
97.3    72.64019229686393
98.7    72.60965390579868
100    72.5865
102    72.55950000000001
104    72.54021429897958
106    72.5205
108    72.49316666666667
110    72.45587497421872
112    72.4085
114    72.3477500843752
116    72.27604540278918
118    72.19800000000001
120    72.10723069940823
122    72.0145
124    71.91783324126976
126    71.82833333333333
128    71.74449999999999
130    71.67421428571429
132    71.6055
134    71.546
136    71.49600000000001
138    71.45349999999999
140    71.42099999999999
142    71.39666666666668
144    71.37325000000001
146    71.352
148    71.3322
150    71.313
152    71.2926
154    71.27340000000001
156    71.2548
158    71.2372
160    71.22200000000001
162    71.2068
164    71.1916
166    71.1774
168    71.1666
170    71.16300000000001
173    71.1832
176    71.233
179    71.3029
182    71.3801
185    71.4435
188    71.4827
191    71.49430000000001
194    71.4787
197    71.44069999999999
200    71.391
203    71.3275
206    71.256
209    71.18
212    71.098
215    71.0075
218    70.9145
221    70.825125
224    70.737
227    70.644
230    70.5515
233    70.4605
236    70.3675
239    70.27375
243    70.151
247    70.0315
251    69.9175
255    69.80924999999999
259    69.709125
263    69.62016666666668
267    69.541
271    69.46483333333333
275    69.388625
279    69.311375
283    69.22810000000001
287    69.13929999999999
291    69.0458
295    68.94900000000001
299    68.84700000000001
303    68.742375
307    68.6345
312    68.499875
317    68.36410000000001
322    68.2287
327    68.094
332    67.9596
337    67.82589999999999
342    67.69149999999999
347    67.5557
352    67.4199
357    67.2849
362    67.1488
367    67.01310000000001
372    66.8777
377    66.74371428571428
383    66.58430000000001
389    66.430875
395    66.285
401    66.15008333333333
407    66.0275
413    65.92233333333334
419    65.83485714285715
425    65.765
431    65.712
437    65.673
443    65.64471428571429
449    65.62041666666667
456    65.598
463    65.58858333333333
470    65.58664285714286
477    65.58642857142857
484    65.5856
491    65.58421428571428
498    65.57816666666668
505    65.5688125
512    65.55592857142858
519    65.53778571428572
527    65.51400000000001
535    65.4915625
543    65.47564285714286
551    65.46907142857143
559    65.4724375
567    65.487
575    65.50525
583    65.52199999999999
592    65.5343
601    65.541
610    65.53421428571428
619    65.51628571428571
628    65.489125
637    65.45275000000001
646    65.4085
655    65.353
665    65.27199999999999
675    65.1865
685    65.19200000000001
695    65.3075
705    65.367
715    65.322
725    65.25075
736    65.1623
747    65.0837
758    65.06416666666667
769    65.10007692307693
780    65.14080769230769
791    65.15212500000001
803    65.13225
815    65.1051923076923
827    65.07819230769232
839    65.05279166666666
851    65.03254166666667
863    65.0155
876    65.00290000000001
889    64.99629999999999
902    64.99308333333335
915    64.995
928    65.00230769230768
942    65.01533333333333
956    65.03524999999999
970    65.05803846153846
984    65.08519230769232
998    65.11683333333333
1010    65.14716666666666
1020    65.17383333333333
1030    65.2015
1050    65.2636875
1070    65.32916666666667
1090    65.39699999999999
1110    65.4665
1130    65.53538888888889
1150    65.60249999999999
1170    65.6725
1190    65.74415384615384
1210    65.81685714285715
1230    65.89280952380952
1250    65.97
1270    66.05083333333333
1290    66.13564285714286
1310    66.22192857142856
1330    66.31025
1350    66.4
1370    66.49000000000001
1390    66.58075
1410    66.672
1430    66.763
1450    66.8545
1470    66.9473
1490    67.0419
1510    67.1387
1530    67.2384
1550    67.342
1570    67.4512
1590    67.5649
1610    67.68450000000001
1630    67.8106
1650    67.94300000000001
1670    68.0874
1690    68.2414
1710    68.40539999999999
1730    68.5803
1760    68.8699
1790    69.1867
1820    69.5291
1850    69.894
1880    70.2601
1910    70.6023
1940    70.8936
1970    71.118
2000    71.27449999999999
2030    71.375
2060    71.4385
2090    71.47149999999999
2120    71.4725
2150    71.4325
2180    71.368
2210    71.270375
2240    71.16499999999999
2270    71.06200000000001
2300    70.96799999999999
2330    70.8835
2360    70.809
2390    70.74
2420    70.67266666666666
2460    70.583
2500    70.4915
2540    70.3955
2580    70.294
2620    70.18799999999999
2660    70.07374999999999
2700    69.9565
2740    69.83775
2780    69.71875
2820    69.60130000000001
2860    69.4856
2900    69.372
2940    69.264
2980    69.162
3020    69.06524999999999
3060    68.9745
3100    68.89099999999999
3150    68.79599999999999
3200    68.7145
3250    68.645
3300    68.589
3350    68.5455
3400    68.5135
3450    68.4965
3500    68.4905
3550    68.4945
3600    68.5075
3650    68.527
3700    68.5505
3750    68.576
3800    68.59992857142858
3860    68.6243
3920    68.6339375
3980    68.6276
4040    68.58566666666667
4100    68.49066666666667
4160    68.268
4220    67.906
4280    67.62875
4340    67.39099999999999
4400    67.16178571428571
4460    67.00816666666667
4520    66.75309999999999
4590    66.25335714285714
4660    65.67583333333334
4730    65.07664285714286
4800    64.55514285714285
4870    64.19200000000001
4940    64.06700000000001
5010    64.0583125
5080    64.05
5150    63.989000000000004
5220    63.8835
5300    63.736
5380    63.588499999999996
5460    63.46157142857143
5540    63.366
5620    63.3047
5700    63.2755
5780    63.2971
5860    63.3571
5950    63.4705
6040    63.631
6130    63.842
6220    64.104
6310    64.42545
6400    64.79400000000001
6490    65.22285000000001
6580    65.7037
6680    66.2928
6780    66.93100000000001
6880    67.59729999999999
6980    68.2563
7080    68.86229999999999
7180    69.36339999999998
7280    69.7098
7390    69.8868
7500    69.838
7610    69.60058333333333
7720    69.27746153846154
7830    68.93961538461538
7940    68.62625
8060    68.351
8180    68.17103846153846
8300    68.09450000000001
8420    68.12816666666666
8540    68.27950000000001
8660    68.54719230769231
8790    68.9577
8920    69.5106
9050    70.16416666666666
9180    70.92838461538462
9310    71.75723076923077
9450    72.66137499999999
9590    73.47749999999999
9730    74.08223076923076
9870    74.3876923076923
10010    74.36313333333334
10160    74.06219999999999
10310    73.61364285714285
10460    73.15225
10610    72.75800000000001
10760    72.4962
10920    72.35681249999999
11080    72.3555
11240    72.4965
11400    72.73383333333334
11570    73.06109090909091
11740    73.391625
11910    73.63426923076923
12080    73.84014285714287
12260    73.94314285714286
12440    73.93199999999999
12620    73.7764
12800    73.589
12990    73.47011428571429
13180    73.3556
13370    73.16495
13560    72.57939999999999
13760    71.22540000000001
13960    69.11429999999999
14160    66.6585
14370    64.04155
14580    61.52504
14790    59.178760000000004
15010    56.959379999999996
15230    55.053740000000005
15450    53.454499999999996
15670    52.10248
15900    50.933499999999995
16130    50.02242
16360    49.43694
16600    49.164100000000005
16840    49.14778
17080    49.40282
17330    49.941860000000005
17580    50.53582
17840    50.48512
18100    49.3622
18360    48.91572
18630    50.463100000000004
18900    51.879400000000004
19170    51.94164
19450    51.7966
19730    52.161539999999995
20000    52.1945
