20    69.0063002528563
20.3    69.0951741724469
20.6    69.18253955254035
20.9    69.26825186469168
21.2    69.35225048035828
21.5    69.43454721187007
21.8    69.51513963964416
22.1    69.59391418238937
22.4    69.67061970068589
22.7    69.74494624380799
23    69.81665767808718
23.3    69.88572166424461
23.6    69.9523762826651
23.9    70.01709421869171
24.2    70.08045103900582
24.6    70.16365681785359
25    70.24600137940777
25.4    70.32751807500088
25.8    70.40779709494862
26.2    70.48633101385016
26.6    70.56276673658934
27    70.6369523204968
27.4    70.70884392537216
27.8    70.77841965595965
28.2    70.84568086768591
28.6    70.9106983707708
29    70.97362951121272
29.4    71.03467688663555
29.8    71.09402034674793
30.2    71.15176950450501
30.6    71.20796726869061
31    71.26262834039798
31.5    71.32883116497243
32    71.39275693538079
32.5    71.45450788864042
33    71.51417364256952
33.5    71.57183817381471
34    71.6275970181709
34.5    71.68155684699887
35    71.73381561195247
35.5    71.78445099520374
36    71.83351666113096
36.5    71.88104710381324
37    71.92706965373955
37.5    71.97161068549406
38    72.01469618998118
38.6    72.06451701073914
39.2    72.11234845211914
39.8    72.15828179577599
40.4    72.20241016827487
41    72.24480367399133
41.6    72.28551092842974
42.2    72.32458466447466
42.8    72.36209139920567
43.4    72.39810450440106
44    72.43268646333559
44.6    72.46588157275775
45.2    72.49772385257974
45.9    72.53321083004853
46.6    72.5669675461299
47.3    72.59905973685989
48    72.62955174328681
48.7    72.65849163065516
49.4    72.68589551816166
50.1    72.71175312476426
50.8    72.73607404727824
51.5    72.75892531734499
52.2    72.78042016217752
53    72.80348318533726
53.8    72.8251025301235
54.6    72.84540844881403
55.4    72.86447230153347
56.2    72.88230247534278
57    72.89886855162293
57.8    72.91413693750158
58.6    72.92810123016788
59.5    72.94229052433197
60.4    72.95494378566433
61.3    72.96613991019689
62.2    72.9759351274628
63.1    72.98435880671298
64    72.99143030728274
64.9    72.99717228729088
65.8    73.00161026226903
66.8    73.00504022371868
67.8    73.00692115205824
68.8    73.00729399490655
69.8    73.00621159465109
70.8    73.00372894534084
71.8    72.99989095078084
72.8    72.99473882628628
73.9    72.98760749427029
75    72.97898842361721
76.1    72.96890516725286
77.2    72.95736765741341
78.3    72.9443770199206
79.4    72.92993958838244
80.6    72.91258002856262
81.8    72.89362908920475
83    72.8731981977806
84.2    72.85138876477033
85.4    72.82827749219788
86.6    72.80391227076504
87.9    72.77611815909232
89.2    72.74684786641546
90.5    72.7160376574552
91.8    72.68357235300631
93.1    72.64929953247321
94.5    72.61018947483647
95.9    72.5686445248977
97.3    72.52462131295297
98.7    72.47828162834959
100    72.43355443337495
102    72.36308584398418
104    72.29358354285878
106    72.22909572443459
108    72.17391268940901
110    72.13178087472798
112    72.10497746708353
114    72.09364212980367
116    72.09595215479075
118    72.1086637026124
120    72.12759524267527
122    72.14809969623433
124    72.16585439625058
126    72.17742098665082
128    72.18038391225394
130    72.17342393881462
132    72.15627717578877
134    72.1295508828723
136    72.09443720728262
138    72.05239964755005
140    72.00494220137165
142    71.95345231270491
144    71.89911812951951
146    71.84292728043445
148    71.78571593799222
150    71.72820032816773
152    71.67092459609852
154    71.61419330592192
156    71.5580316303549
158    71.50218690525205
160    71.44619239473526
162    71.38945761976962
164    71.33136159800111
166    71.27138364028471
168    71.20918896617168
170    71.14471301605812
173    71.04447845586874
176    70.94228026682713
179    70.8418749479908
182    70.74792499056394
185    70.66526448169037
188    70.59790549549459
191    70.54805459787002
194    70.51517675257645
197    70.49564993122789
200    70.48359972163311
203    70.47256086973582
206    70.45699547270547
209    70.43311265374065
212    70.39904159098596
215    70.35450370147595
218    70.30022433223968
221    70.23743660801203
224    70.16759015277518
227    70.0921900501333
230    70.01273247845
233    69.9306715616475
236    69.84743242086932
239    69.76439446686479
243    69.65613962934869
247    69.55285920933323
251    69.45600422749436
255    69.36591406824101
259    69.28191397445258
263    69.20265141183704
267    69.12650725120805
271    69.05190947095038
275    68.97752479559006
279    68.90223082663056
283    68.82498090996754
287    68.74481101066374
291    68.66095345432538
295    68.57298538667843
299    68.48097956278899
303    68.38557656043122
307    68.28789008813332
312    68.1647077253541
317    68.0430065953907
322    67.92523221563627
327    67.81291800141568
332    67.70628845718798
337    67.60434390994257
342    67.50534079366395
347    67.40739463338929
352    67.30915665615574
357    67.21018409422959
362    67.1110715088272
367    67.01349622114874
372    66.91999826477624
377    66.83353413935832
383    66.74314972887535
389    66.67117509826662
395    66.6197453617243
401    66.5887717042052
407    66.57629710178395
413    66.57884951011303
419    66.59186145218578
425    66.61023865693343
431    66.62901717929117
437    66.6442657856854
443    66.65385354438507
449    66.65753032188054
456    66.65592588684054
463    66.6506815173428
470    66.64429326634037
477    66.63823219478382
484    66.63283426468456
491    66.62768108670578
498    66.62235903308991
505    66.61682212480343
512    66.61136712372928
519    66.60656592267227
527    66.6027187518538
535    66.60119529518332
543    66.60182435094046
551    66.6036138716101
559    66.60508071439847
567    66.60465666170714
575    66.60099504876807
583    66.5931608368567
592    66.57881608191705
601    66.55866125811495
610    66.53335723760401
619    66.50401826648567
628    66.47175765457729
637    66.43720383175145
646    66.40039109630673
655    66.36094293947329
665    66.31337312654802
675    66.26135465868089
685    66.20492291254712
695    66.14474764083684
705    66.08204675164527
715    66.01830654151752
725    65.95507799136493
736    65.8877032298
747    65.82392482366495
758    65.76468005217188
769    65.71042570921641
780    65.6611608300988
791    65.61658470321203
803    65.57275311694957
815    65.5331567728702
827    65.49690098836369
839    65.46314170954491
851    65.43113465788774
863    65.40040670800833
876    65.36859381940944
889    65.33907458304353
902    65.31319158938778
915    65.29252619973505
928    65.27841907693926
942    65.27149792392586
956    65.27336502395272
970    65.28328275434941
984    65.29977984963739
998    65.32109450576496
1010    65.34188652746222
1020    65.36027543990099
1030    65.37917362118627
1050    65.41741036875305
1070    65.45539685204037
1090    65.49310512094719
1110    65.5311538419119
1130    65.57051794485342
1150    65.61164678519975
1170    65.65426138177712
1190    65.697547295144
1210    65.7404255574455
1230    65.78191668207975
1250    65.8211532482072
1270    65.8575266944294
1290    65.8908148439109
1310    65.92109321150515
1330    65.94866085783352
1350    65.97392172811465
1370    65.99725635439847
1390    66.01903797319862
1410    66.03963436639984
1430    66.05930968375853
1450    66.07830351795985
1470    66.0969066808363
1490    66.11542420065194
1510    66.13411626320436
1530    66.15318502739126
1550    66.17277303545363
1570    66.19296784104726
1590    66.21389104398783
1610    66.23580634354738
1630    66.25899544982303
1650    66.28361365859169
1670    66.30971046853419
1690    66.33736992897707
1710    66.36670152405333
1730    66.3977377202538
1760    66.44746401779639
1790    66.50084706343706
1820    66.55767503725127
1850    66.61791714003192
1880    66.68147905625861
1910    66.74832757738832
1940    66.81846757238466
1970    66.89190602689862
2000    66.96865619675887
2030    67.0488024262637
2060    67.1323078231718
2090    67.21928778396446
2120    67.31010481053613
2150    67.40532011571764
2180    67.5057993202698
2210    67.6125625635714
2240    67.72670424326334
2270    67.8489876007796
2300    67.97952516138388
2330    68.11772525284145
2360    68.26220279944542
2390    68.41105332174556
2420    68.56248273714033
2460    68.76621261005104
2500    68.97021613932354
2540    69.17326601791575
2580    69.3747984819268
2620    69.57517240407314
2660    69.77523643980109
2700    69.97609386186186
2740    70.17823801678733
2780    70.38093225515001
2820    70.58261381440562
2860    70.78210734778278
2900    70.97988452422962
2940    71.17765685800063
2980    71.37531218910385
3020    71.56975555317103
3060    71.75834359846459
3100    71.94162130570496
3150    72.16605068330227
3200    72.38575657131935
3250    72.59821665550953
3300    72.80034838372063
3350    72.99018869343803
3400    73.16674908228005
3450    73.32946985341763
3500    73.47850513447649
3550    73.61560381548172
3600    73.74368618566413
3650    73.86425783903694
3700    73.97580688042457
3750    74.07585530780273
3800    74.16442799047286
3860    74.25691053914419
3920    74.32845387099528
3980    74.36530907275136
4040    74.35874661992112
4100    74.31523200656825
4160    74.25452021270553
4220    74.19573092847554
4280    74.14763019036545
4340    74.1121932147064
4400    74.0902492007497
4460    74.08345763879339
4520    74.09526294067422
4590    74.13881831121496
4660    74.22001670205023
4730    74.34107542127789
4800    74.50103918185792
4870    74.70061168095168
4940    74.94414537394309
5010    75.2344841192687
5080    75.5699428976592
5150    75.94624768763528
5220    76.35846713294721
5300    76.86699584478109
5380    77.40712450663514
5460    77.96789134486359
5540    78.5326937502494
5620    79.0767647781681
5700    79.5673592712755
5780    79.96564077195539
5860    80.23062623245725
5950    80.32857874883715
6040    80.20127133159508
6130    79.8765979821896
6220    79.41883033625552
6310    78.89078082366453
6400    78.3263130741515
6490    77.75200249840705
6580    77.20103600289201
6680    76.64673520484476
6780    76.1688297042758
6880    75.77381643320112
6980    75.46386160468185
7080    75.23974881961485
7180    75.10212181332864
7280    75.05130816842984
7390    75.09613673171181
7500    75.24532439662906
7610    75.49619103166566
7720    75.8410299482812
7830    76.26207483104619
7940    76.72451063597171
8060    77.2047961827943
8180    77.54711952121774
8300    77.618895039742
8420    77.31999468421455
8540    76.63629931216488
8660    75.64835135716231
8790    74.3836768142711
8920    73.06366321043176
9050    71.78422257603717
9180    70.59106459485486
9310    69.49997459121144
9450    68.44275705330341
9590    67.50610393837151
9730    66.68664051456261
9870    65.98006641369383
10010    65.38186581134062
10160    64.85666791534004
10310    64.44746277345993
10460    64.15511642031154
10610    63.984442899839024
10760    63.9350847718614
10920    64.0134794070787
11080    64.23386088503831
11240    64.60707407708969
11400    65.14324487675306
11570    65.90519103345709
11740    66.8670144889218
11910    67.97558095657712
12080    69.05155865981294
12260    69.78936033787394
12440    69.72654613188469
12620    68.76167574111585
12800    67.1661321782087
12990    65.24950070456589
13180    63.43198818038468
13370    61.85062548837058
13560    60.52427650811774
13760    59.38246158297247
13960    58.47282600332146
14160    57.77109231206492
14370    57.23856276781795
14580    56.90208206332373
14790    56.758083814328266
15010    56.81981716037362
15230    57.11634617234273
15450    57.68300233637785
15670    58.57626881011474
15900    59.94943983189815
16130    61.86365953254173
16360    64.20171032644116
16600    66.23122290051502
16840    66.41122958835453
17080    64.42085816682
17330    61.40074159536265
17580    58.739440556064565
17840    56.66761220318775
18100    55.16273748471245
18360    54.11239538461065
18630    53.45746824813639
18900    53.268684765949466
19170    53.61793023369123
19450    54.673293041086254
19730    56.318326240112405
20000    57.496072287053394
