20    68.04827771944105
20.3    68.0225612115674
20.6    67.99724605876301
20.9    67.9722594720977
21.2    67.94740233109587
21.5    67.9223805026648
21.8    67.89689048543632
22.1    67.87069785143419
22.4    67.84367772355787
22.7    67.81581018981987
23    67.78714615131773
23.3    67.75777212309126
23.6    67.72778889324675
23.9    67.69730129398853
24.2    67.66641237097933
24.6    67.62475335494003
25    67.58266034649853
25.4    67.54011765380571
25.8    67.49699945738341
26.2    67.4531973251763
26.6    67.40876679988031
27    67.36396219264769
27.4    67.31911871040472
27.8    67.27446084042109
28.2    67.22997834274926
28.6    67.18544203276433
29    67.14053057971802
29.4    67.09497144370476
29.8    67.04860112736665
30.2    67.00135278155227
30.6    66.95321945457246
31    66.90424155180453
31.5    66.84198550211292
32    66.7788582350799
32.5    66.71518799935859
33    66.65130813577701
33.5    66.58763983129406
34    66.52479594237596
34.5    66.46352163510767
35    66.40448911724127
35.5    66.34816206623336
36    66.29486340618317
36.5    66.24492055128131
37    66.19866292344179
37.5    66.1562116134113
38    66.1172417058905
38.6    66.07386833052988
39.2    66.03224639561245
39.8    65.9902687208199
40.4    65.94621751969143
41    65.8990141056353
41.6    65.84823261568701
42.2    65.79392847136384
42.8    65.7364531075955
43.4    65.67635965023376
44    65.61434973931907
44.6    65.55120431439764
45.2    65.48774003146059
45.9    65.41444358927602
46.6    65.34325832194477
47.3    65.27529501736623
48    65.21103819471777
48.7    65.15029063198241
49.4    65.09257950240865
50.1    65.03754326633673
50.8    64.98481269380133
51.5    64.93371970116993
52.2    64.8833471787772
53    64.82555198481833
53.8    64.76678070096241
54.6    64.70711416654638
55.4    64.6471776771806
56.2    64.58721664415421
57    64.52687398065365
57.8    64.46572028108227
58.6    64.4035173575626
59.5    64.3322343392457
60.4    64.2597718535859
61.3    64.18634578815752
62.2    64.11194900472293
63.1    64.03640614995459
64    63.95952805642643
64.9    63.88132625924048
65.8    63.80208057247759
66.8    63.713287795818474
67.8    63.6242391958242
68.8    63.535471657924305
69.8    63.44745602377514
70.8    63.36042477010221
71.8    63.27426742348211
72.8    63.18872058696059
73.9    63.095088068697606
75    63.00171727340012
76.1    62.90842977413721
77.2    62.81534740198822
78.3    62.722769970310246
79.4    62.63089618456476
80.6    62.53143354139093
81.8    62.432594258010965
83    62.33436667985622
84.2    62.23701976043795
85.4    62.14093027738929
86.6    62.046099426977264
87.9    61.94405765264149
89.2    61.84147095910917
90.5    61.737010770758985
91.8    61.62956071871786
93.1    61.518315110491656
94.5    61.39375957807489
95.9    61.264304379262796
97.3    61.130799459986456
98.7    60.99494383355831
100    60.868917619192246
102    60.682263545922055
104    60.51651758386896
106    60.38702052423378
108    60.308620120693014
110    60.29274325009392
112    60.34372073989333
114    60.45604320905885
116    60.61479514895428
118    60.799001858852705
120    60.98603589934612
122    61.15681094195356
124    61.2992718710378
126    61.40772148621052
128    61.48148386825049
130    61.522912305144644
132    61.535069104498646
134    61.52150235920796
136    61.48635712709988
138    61.43386593257486
140    61.36791065931169
142    61.29186159379984
144    61.20867071266665
146    61.120840279972896
148    61.030446628089265
150    60.93919112470884
152    60.84843746913471
154    60.759328958331594
156    60.67293926968698
158    60.59033958073096
160    60.51255416118787
162    60.440389784753435
164    60.37417351674075
166    60.313719180728725
168    60.25819489422116
170    60.20633066341222
173    60.132480816108014
176    60.05971693466644
179    59.98440307778668
182    59.90414180382386
185    59.818537911566565
188    59.72874520691821
191    59.636212349017256
194    59.542382781651234
197    59.4487398179442
200    59.35623273910628
203    59.26504314409276
206    59.175343655719026
209    59.08736564687695
212    59.001219608443776
215    58.91727108578909
218    58.83623463937739
221    58.758877277523425
224    58.686178574768896
227    58.619743362906064
230    58.561516261229755
233    58.513045102194525
236    58.47519856639195
239    58.448044241360776
243    58.42663733295572
247    58.41736232480589
251    58.41359524807606
255    58.40846095881459
259    58.396218725347055
263    58.37349940632002
267    58.339110633231265
271    58.29341065401093
275    58.238126693104235
279    58.17585234864815
283    58.10910358130249
287    58.039815891241034
291    57.96936269508467
295    57.89863698809603
299    57.828210266116
303    57.75853767919524
307    57.689944474101765
312    57.60587151895271
317    57.52353084934954
322    57.44276260888616
327    57.36344758524549
332    57.285421809146776
337    57.208452382465524
342    57.13211594203935
347    57.05603453410207
352    56.98025462452467
357    56.90504725464912
362    56.83077076147712
367    56.75810229536686
372    56.68841335130711
377    56.624226769980794
383    56.559976663570616
389    56.51730167009154
395    56.50396710836755
401    56.5259772187255
407    56.58593717720342
413    56.68248296881682
419    56.81108020415662
425    56.963899147003524
431    57.13021637534432
437    57.29860920452093
443    57.459511736930274
449    57.606090954491094
456    57.75335647819228
463    57.87217117388088
470    57.96286692050167
477    58.02892262606436
484    58.075765060598734
491    58.10915994986284
498    58.13449001556334
505    58.15679796146367
512    58.18034349117608
519    58.208204721270825
527    58.24772053401445
535    58.29648597037498
543    58.35393026765359
551    58.418229069904086
559    58.48709363986793
567    58.558283815640465
575    58.62982412692466
583    58.70010898818066
592    58.77629285460453
601    58.84859767717862
610    58.91683637532387
619    58.981387818857854
628    59.042929960178895
637    59.10216022992199
646    59.15953919914678
655    59.214992452374375
665    59.27337036307301
675    59.326697553038855
685    59.37366341316461
695    59.41465546006748
705    59.45300344171155
715    59.495946919799536
725    59.55451232784207
736    59.65093658151066
747    59.78829712599256
758    59.957616299173836
769    60.134105940943996
780    60.29189874013392
791    60.41879748620162
803    60.52572168996539
815    60.612936787435466
827    60.693375813882284
839    60.77531481161597
851    60.86264261112228
863    60.956280035999114
876    61.064171621526015
889    61.17774141759238
902    61.29622095370296
915    61.4191873272941
928    61.54649264465016
942    61.68827647842995
956    61.83453435520079
970    61.98472124186905
984    62.138084764486806
998    62.29370608934937
1010    62.42822258423853
1020    62.540705855714776
1030    62.65326632607281
1050    62.87808406979413
1070    63.10226581432862
1090    63.326064615810665
1110    63.54994478260984
1130    63.77405655195692
1150    63.99836757884502
1170    64.22305314170808
1190    64.44856283340886
1210    64.67545360462572
1230    64.90425093999454
1250    65.13542886635355
1270    65.36924569331165
1290    65.60559501145805
1310    65.8441987543629
1330    66.0848648784449
1350    66.32765042026834
1370    66.57290133873384
1390    66.82077409303014
1410    67.07092299719915
1430    67.32314563362328
1450    67.57759381140653
1470    67.83452148890936
1490    68.09408973167808
1510    68.35634554456003
1530    68.62131877183431
1550    68.88894220195226
1570    69.1588905775406
1590    69.43071159988781
1610    69.70404970493459
1630    69.97857547337892
1650    70.25377591886755
1670    70.52880172106246
1690    70.80227868143021
1710    71.07230917559454
1730    71.33678066323219
1760    71.7187780703378
1790    72.07763362394115
1820    72.40787624388834
1850    72.70357990451394
1880    72.95896882654215
1910    73.16960986003721
1940    73.33280353579198
1970    73.44749565834783
2000    73.51451219720515
2030    73.53650183819872
2060    73.51743339044504
2090    73.46223465541945
2120    73.376372501222
2150    73.26558054557555
2180    73.13569899695449
2210    72.99224899390927
2240    72.8401918562121
2270    72.68381247704286
2300    72.52678263798134
2330    72.37224134998091
2360    72.22277567035601
2390    72.0803096753377
2420    71.9462624848097
2460    71.78282109399973
2500    71.6391918248986
2540    71.51736359246667
2580    71.41811635156522
2620    71.34187086087795
2660    71.2895481359906
2700    71.26188370354934
2740    71.2581893036942
2780    71.27723889307521
2820    71.31820955104676
2860    71.38024796754132
2900    71.46198625515707
2940    71.56148798259608
2980    71.67678919969586
3020    71.80596915435984
3060    71.9465128254959
3100    72.0952427279068
3150    72.28749488383573
3200    72.4806568602502
3250    72.66895546944107
3300    72.84776260724277
3350    73.0148071512204
3400    73.17085402347784
3450    73.31932722642192
3500    73.4659400295988
3550    73.6179190408904
3600    73.78148040332016
3650    73.96084675843252
3700    74.15683371678602
3750    74.36494456170566
3800    74.57475708218442
3860    74.80493088635617
3920    74.9749927444175
3980    75.0436272894323
4040    74.97689903442952
4100    74.76010329263617
4160    74.4048916211294
4220    73.94690087640367
4280    73.43524017555347
4340    72.91959270443482
4400    72.4414098738531
4460    72.03046066178617
4520    71.70557172495074
4590    71.44767560822524
4660    71.32035513531764
4730    71.31368128245447
4800    71.41304972965924
4870    71.60125952531371
4940    71.8571196456985
5010    72.15682407104637
5080    72.47534596698179
5150    72.78702932926181
5220    73.0682442271643
5300    73.32853719543425
5380    73.50339469736141
5460    73.57761984834568
5540    73.55102287358527
5620    73.43736367164814
5700    73.25740845561491
5780    73.0343887118687
5860    72.7911674665101
5950    72.51835495090384
6040    72.269136721727
6130    72.06091823927704
6220    71.90499101776962
6310    71.80788947570242
6400    71.77176621638131
6490    71.79621830131708
6580    71.87894789437641
6680    72.03208293445581
6780    72.23574374210425
6880    72.47039985063685
6980    72.71107727541681
7080    72.92574277770996
7180    73.07463885496827
7280    73.11447395781856
7390    72.98493989502582
7500    72.64465284041566
7610    72.09816388821147
7720    71.38550340410559
7830    70.56546136891464
7940    69.69248195214011
8060    68.72763812645914
8180    67.78522476909905
8300    66.88921372289713
8420    66.05516993032985
8540    65.29165079699935
8660    64.6039399059593
8790    63.94852938372999
8920    63.3870157211819
9050    62.91853789617244
9180    62.54399274657398
9310    62.2643431425544
9450    62.07076673301515
9590    61.98803904211552
9730    62.01157588172023
9870    62.13507760054104
10010    62.34542283371933
10160    62.6320873035952
10310    62.91001219919251
10460    63.06542904918739
10610    62.98295696366789
10760    62.626680893597836
10920    62.010832117734736
11080    61.27209833017763
11240    60.50868331868318
11400    59.738168747065004
11570    58.98251229727185
11740    58.83845180231875
11910    60.03081147834105
12080    62.18954042470728
12260    64.3700889370739
12440    65.89838586761714
12620    66.68247479470514
12800    66.72177830790255
12990    66.03000360807724
13180    64.82026284924079
13370    63.42150294539256
13560    62.08480273985189
13760    60.87180172515282
13960    59.89744564248825
14160    59.12108034753351
14370    58.442660727226354
14580    57.875065964989254
14790    57.4091816156525
15010    57.0559259037979
15230    56.89707167065158
15450    56.93935578557722
15670    57.04727165447245
15900    56.93813259459171
16130    56.36102967660644
16360    55.43583284423346
16600    54.414246592460096
16840    53.36765750125617
17080    52.32949468950616
17330    51.49855819688696
17580    51.07941565598051
17840    51.351970589721844
18100    52.58998091947076
18360    54.348080262475335
18630    55.98884114238568
18900    56.90634352866566
19170    56.60356717301468
19450    54.99731287852845
19730    52.52944782428062
20000    50.78383288679123
