20    73.59847699274329
20.3    73.58022772231904
20.6    73.56212539310704
20.9    73.54401010958473
21.2    73.52570206049465
21.5    73.50702289619672
21.8    73.48781837960018
22.1    73.46798153842347
22.4    73.44746315013637
22.7    73.4262561151802
23    73.40437954885236
23.3    73.38186552769912
23.6    73.35874049444173
23.9    73.33502248109565
24.2    73.31072520466515
24.6    73.27745788778572
25    73.24324730275043
25.4    73.20816213255684
25.8    73.17227802835018
26.2    73.13567675349631
26.6    73.09844339626545
27    73.06066857780598
27.4    73.02245190339379
27.8    72.98389422260163
28.2    72.94508171821803
28.6    72.90607086364281
29    72.86688780580278
29.4    72.82753690567003
29.8    72.78801311053833
30.2    72.7483130881422
30.6    72.70843427606647
31    72.66837257428298
31.5    72.61802651244336
32    72.56737099923271
32.5    72.51641269776995
33    72.46517788853393
33.5    72.41369907559309
34    72.36201620445001
34.5    72.31017745360619
35    72.25824100516165
35.5    72.20626843288383
36    72.15430957967943
36.5    72.10239081965372
37    72.05051635589675
37.5    71.9986795472542
38    71.94687371896902
38.6    71.88474635980967
39.2    71.8226629303885
39.8    71.76062727987437
40.4    71.69865128639607
41    71.63675179811588
41.6    71.57494518692195
42.2    71.51324320221883
42.8    71.45164976490162
43.4    71.39016550663763
44    71.32879289980076
44.6    71.26753760969618
45.2    71.20641241353363
45.9    71.13529367701841
46.6    71.0644211510471
47.3    70.99382402731183
48    70.92350700124544
48.7    70.8534358832046
49.4    70.783522923368
50.1    70.71363252426056
50.8    70.64362102613632
51.5    70.57336716102321
52.2    70.50278475244883
53    70.42166130097928
53.8    70.34005441231055
54.6    70.25802677640252
55.4    70.17570826212605
56.2    70.09330271370472
57    70.01109107695606
57.8    69.92937251505705
58.6    69.84828663755145
59.5    69.75762282735025
60.4    69.66710300373694
61.3    69.57629023151144
62.2    69.4848662741033
63.1    69.39263580410281
64    69.29954942059392
64.9    69.20571179945091
65.8    69.111389632314
66.8    69.00654620297267
67.8    68.90242326440556
68.8    68.79996563833629
69.8    68.70024116686622
70.8    68.6044115116047
71.8    68.5136810596543
72.8    68.42923529862108
73.9    68.3449177213827
75    68.2707999066233
76.1    68.20776602321558
77.2    68.15609405356302
78.3    68.11523837636153
79.4    68.08366767603496
80.6    68.05686125158415
81.8    68.03399914527009
83    68.01078687364188
84.2    67.9835304584458
85.4    67.94971627919904
86.6    67.90825226593248
87.9    67.85496526543488
89.2    67.79435966346068
90.5    67.72832114755577
91.8    67.65863365879677
93.1    67.58663769635186
94.5    67.50741316783731
95.9    67.42679091922231
97.3    67.34474372514455
98.7    67.26104987294391
100    67.18162772573683
102    67.05576509603202
104    66.92497915504211
106    66.78892102353473
108    66.64762940615928
110    66.50165325035172
112    66.351792494922
114    66.19879715363206
116    66.04329167045725
118    65.88578123242617
120    65.72653223665237
122    65.56543171340518
124    65.4019300470685
126    65.23534237061881
128    65.065161360952
130    64.89127711813967
132    64.71407289581953
134    64.53458154074944
136    64.35479298150113
138    64.17800740017987
140    64.00915533694501
142    63.85501067009423
144    63.72408532166521
146    63.62610807344006
148    63.570944806964846
150    63.56716198091934
152    63.62026487823522
154    63.73104287909175
156    63.89489803204936
158    64.1019690123342
160    64.33800103309525
162    64.58597771777275
164    64.82837909431369
166    65.04952831305026
168    65.23736003515405
170    65.38443271930053
173    65.52428796915933
176    65.57395454811954
179    65.54897928836318
182    65.46827561490525
185    65.34988495408504
188    65.20874155479261
191    65.0560025559479
194    64.89917781170102
197    64.74286747502818
200    64.5896512917304
203    64.4407960852152
206    64.29673823568635
209    64.15737520874217
212    64.02234227916736
215    63.891234037259395
218    63.76376878712799
221    63.63979656883311
224    63.519185798097304
227    63.40180404189669
230    63.28752437977074
233    63.176259142359875
236    63.067964191929036
239    62.962666674668036
243    62.82710692869513
247    62.6972432559657
251    62.5728591916553
255    62.45337904904876
259    62.33813166806376
263    62.22648927352182
267    62.11794811668009
271    62.012085344707415
275    61.90848908081243
279    61.806868841290154
283    61.707037076888085
287    61.60865182490102
291    61.51119568556439
295    61.41407403857172
299    61.31673867597155
303    61.21887909688871
307    61.120499181664606
312    60.99713485047364
317    60.87386553245593
322    60.751179184764126
327    60.62939756867291
332    60.50868779168732
337    60.389225050608985
342    60.271214027055876
347    60.15473495589333
352    60.03966013689762
357    59.92586580973891
362    59.81341611023551
367    59.70247046339695
372    59.59324869411567
377    59.486175171091205
383    59.36138354920271
389    59.24178820673258
395    59.128811157249416
401    59.02405102098382
407    58.929130676052694
413    58.845678303569144
419    58.77508912073793
425    58.71834521996966
431    58.67589567880179
437    58.647408542003205
443    58.631756436823224
449    58.62722401595725
456    58.63327257120531
463    58.64822088039618
470    58.66856070481279
477    58.690906943087526
484    58.71218208630572
491    58.72990210719682
498    58.74244818716437
505    58.74935434824757
512    58.75149941362759
519    58.75086573634746
527    58.750042411604866
535    58.75265890495733
543    58.76150017646465
551    58.778120206558334
559    58.80279929227149
567    58.8346861622004
575    58.872240924185235
583    58.913771870146746
592    58.9632625909963
601    59.013635052232864
610    59.06277973049076
619    59.10865178336574
628    59.14974212098453
637    59.185390752759204
646    59.215634868679466
655    59.240984434497115
665    59.26450233435773
675    59.284714102861656
685    59.30336981569096
695    59.32192718708888
705    59.34145278679551
715    59.36278184792706
725    59.38659820007428
736    59.416224221708205
747    59.44964729668115
758    59.48668753831501
769    59.5268520813772
780    59.56956566372948
791    59.614374228141756
803    59.665364357563845
815    59.718495000057004
827    59.77386442664427
839    59.83162842220914
851    59.89168501432392
863    59.95360409432157
876    60.0221381658468
889    60.09162496672285
902    60.161804803965445
915    60.23275851067945
928    60.3048199770079
942    60.384239294367106
956    60.466072820329615
970    60.55060841810395
984    60.637950189821765
998    60.72809711552529
1010    60.80750264837611
1020    60.87497731016396
1030    60.94339105120398
1050    61.082075788352554
1070    61.221895193237984
1090    61.36181852397855
1110    61.50148027607675
1130    61.64085702804065
1150    61.78023376802967
1170    61.91994884971449
1190    62.06010340934797
1210    62.200510385247824
1230    62.341012190453725
1250    62.48159091992504
1270    62.622366576771185
1290    62.76342324501627
1310    62.90482596015137
1330    63.04669308340681
1350    63.18909972275837
1370    63.33214736628872
1390    63.47599155847533
1410    63.62068958363747
1430    63.76615562035356
1450    63.91225174382894
1470    64.05880401272047
1490    64.2057574462527
1510    64.35314695837889
1530    64.50109376420176
1550    64.64979086609051
1570    64.79940338402596
1590    64.95001395979102
1610    65.10190200526006
1630    65.25549105463678
1650    65.41118065075345
1670    65.56919634369314
1690    65.72947147324821
1710    65.89195777806118
1730    66.05679450796097
1760    66.30878277575411
1790    66.5663358777577
1820    66.82924854030409
1850    67.09791690007069
1880    67.37341761787496
1910    67.65628698342863
1940    67.94632493773082
1970    68.24331258031441
2000    68.54742907845046
2030    68.85892667986522
2060    69.17798471157512
2090    69.50423537228293
2120    69.83694635688937
2150    70.17593817029547
2180    70.52087179984923
2210    70.87152472126853
2240    71.22749878868487
2270    71.58853662166331
2300    71.95402734968573
2330    72.32325681510484
2360    72.695474032601
2390    73.06965990948652
2420    73.44441637074482
2460    73.94241374960521
2500    74.43478570692946
2540    74.91643903920394
2580    75.38175062591881
2620    75.82461763875048
2660    76.23905666524689
2700    76.61969093492414
2740    76.96039578790179
2780    77.25732674611771
2820    77.50828863198552
2860    77.71314865626815
2900    77.87064737829442
2940    77.98129570061204
2980    78.05217107993812
3020    78.09057633853885
3060    78.10171098595714
3100    78.09125157023412
3150    78.05765140526925
3200    78.01182325158187
3250    77.96431402159692
3300    77.92258686877666
3350    77.8920426203508
3400    77.87683231465294
3450    77.87911598253163
3500    77.89963028594245
3550    77.93846721674535
3600    77.99473090412597
3650    78.06480624586811
3700    78.1426405697268
3750    78.22003300550767
3800    78.28723009775626
3860    78.33767534585283
3920    78.3323710275055
3980    78.25315035474864
4040    78.0730673268626
4100    77.7792128153171
4160    77.36966255300585
4220    76.85343371220367
4280    76.25067487422083
4340    75.58108743244881
4400    74.8675257494456
4460    74.1319900041299
4520    73.39095954078931
4590    72.53533574107873
4660    71.7012016601798
4730    70.89791358594256
4800    70.12875538445908
4870    69.3954890768012
4940    68.70210965619609
5010    68.0478743583117
5080    67.42987052494934
5150    66.85047614397786
5220    66.30963461922322
5300    65.73730443818562
5380    65.2117879368374
5460    64.73168434444531
5540    64.29407477332688
5620    63.895799556844196
5700    63.53661650297766
5780    63.21994068326016
5860    62.93928323482172
5950    62.6626324438938
6040    62.42630282730793
6130    62.23026790558079
6220    62.07428988131099
6310    61.95755055274972
6400    61.87898356195173
6490    61.8428226637278
6580    61.8474134297517
6680    61.89788695761929
6780    61.996893180345396
6880    62.14359859644791
6980    62.33903134229985
7080    62.585481308126504
7180    62.881308578652074
7280    63.224313258589135
7390    63.65403899644201
7500    64.13284506501589
7610    64.6480994050161
7720    65.17989244923172
7830    65.69778176703915
7940    66.16702657412054
8060    66.57205403280375
8180    66.81243297666009
8300    66.85759858993438
8420    66.69781929716441
8540    66.35021384547419
8660    65.86545858765385
8790    65.25339762429047
8920    64.60963034309945
9050    63.97891807947696
9180    63.39097852653617
9310    62.85834916688917
9450    62.35220710993069
9590    61.91785737563001
9730    61.555604735221785
9870    61.26665004663471
10010    61.05448939739057
10160    60.91380349586986
10310    60.869625161947695
10460    60.93399002079947
10610    61.121251589459305
10760    61.46542694776912
10920    61.9974647316365
11080    62.70734648266087
11240    63.60653530468694
11400    64.63413783046988
11570    65.77172307725515
11740    66.7598947506546
11910    67.20061431819848
12080    67.23973981120639
12260    66.5329251059243
12440    65.44626165829477
12620    64.24208940731936
12800    63.15026108918859
12990    62.283673794790005
13180    61.51161692223066
13370    61.05035391827361
13560    60.82385303861285
13760    60.808813860456645
13960    61.02844479884702
14160    61.496118676924695
14370    62.159297612955775
14580    63.08401781384109
14790    64.18699624205075
15010    65.42690760775906
15230    66.4066350257082
15450    66.64782638949502
15670    66.03378085803175
15900    64.71612629547131
16130    63.07975357009073
16360    61.605957681229455
16600    60.47781997930776
16840    59.49784731087807
17080    58.416500983134185
17330    57.2391388191173
17580    55.95491891956965
17840    54.47191339559954
18100    52.874006002266555
18360    51.224049602792775
18630    49.5153268457976
18900    47.83672056155568
19170    46.18074591106709
19450    44.40545120080057
19730    42.76708070496579
20000    42.60371218304665
