20    71.07830543204207
20.3    71.04924595574957
20.6    71.02055407738638
20.9    70.99224110779949
21.2    70.96440362044541
21.5    70.9371397922911
21.8    70.91043611728817
22.1    70.88410062344782
22.4    70.85778200912614
22.7    70.83106835396966
23    70.8036228055271
23.3    70.77528913070901
23.6    70.74612594440623
23.9    70.71635950281038
24.2    70.6862807736367
24.6    70.64609475153426
25    70.60605180513906
25.4    70.56611012055296
25.8    70.52606169837739
26.2    70.48571869903975
26.6    70.4449959727218
27    70.40388683718191
27.4    70.36240839820553
27.8    70.32059250628888
28.2    70.27851334199892
28.6    70.23629382388322
29    70.19402758161903
29.4    70.15166735595129
29.8    70.10898795510492
30.2    70.06568656417836
30.6    70.02156030632847
31    69.97662818086626
31.5    69.9196662208429
32    69.86227228781996
32.5    69.80463847837552
33    69.74665113235267
33.5    69.6881776042118
34    69.62928496567284
34.5    69.57016676255128
35    69.51093890685974
35.5    69.45160639162849
36    69.39226246378362
36.5    69.33329188721586
37    69.27538545501908
37.5    69.21940964179916
38    69.16628518880862
38.6    69.10756281629932
39.2    69.05552895554287
39.8    69.01069862071284
40.4    68.97231345714604
41    68.93837540807726
41.6    68.90630956885474
42.2    68.87374352198722
42.8    68.83890922193845
43.4    68.80067697616389
44    68.75847974584741
44.6    68.71222992228604
45.2    68.66220641066339
45.9    68.5997872985848
46.6    68.53403703934013
47.3    68.46614497440213
48    68.3972145655461
48.7    68.32813423543232
49.4    68.25959557687385
50.1    68.19212087559393
50.8    68.12600322141373
51.5    68.06126629529629
52.2    67.99771948658682
53    67.92612468042611
53.8    67.85502858441265
54.6    67.78377907046661
55.4    67.71179196699718
56.2    67.63860091198416
57    67.56394244264503
57.8    67.4878443808079
58.6    67.41058350600522
59.5    67.32275035500078
60.4    67.23446448813556
61.3    67.14623248105192
62.2    67.05859164325729
63.1    66.9721461580534
64    66.88755467966567
64.9    66.80552781234915
65.8    66.7268203415202
66.8    66.64418136319142
67.8    66.56751374064956
68.8    66.49747121056654
69.8    66.4342147458855
70.8    66.37730287848241
71.8    66.32573151524255
72.8    66.27808944581048
73.9    66.22835859292104
75    66.17962966835034
76.1    66.13059723381349
77.2    66.08065750011626
78.3    66.02985256602162
79.4    65.97864801209815
80.6    65.92304153572924
81.8    65.86832784444346
83    65.81478280680253
84.2    65.7621660067091
85.4    65.70973535454699
86.6    65.65642671040374
87.9    65.59639497182623
89.2    65.53285856082698
90.5    65.46510387590696
91.8    65.39296007847926
93.1    65.31674176164135
94.5    65.23085436562843
95.9    65.14202520750845
97.3    65.05131146897591
98.7    64.95969978092768
100    64.87456469474355
102    64.74471709638834
104    64.61741993247861
106    64.49292904857148
108    64.37183934243782
110    64.25437544604577
112    64.13925421485831
114    64.02537119754103
116    63.911653382260376
118    63.79677231695878
120    63.68021233925795
122    63.56318670074559
124    63.44815849967269
126    63.338346809079795
128    63.237912831038955
130    63.15197555997187
132    63.08622367427844
134    63.045890858262844
136    63.03479689223961
138    63.0545327226791
140    63.10374993929702
142    63.178305858804734
144    63.272060695535636
146    63.37787880602061
148    63.48862187001017
150    63.597907579092805
152    63.70035701426207
154    63.791475963353044
156    63.86758034727755
158    63.92594640426148
160    63.96505474361064
162    63.98473146843577
164    63.9860590092911
166    63.9710122865344
168    63.942110657441475
170    63.90206160770857
173    63.82677186497569
176    63.74010261410989
179    63.64804987440137
182    63.5545458602178
185    63.461801027384006
188    63.370972715250495
191    63.28254530611255
194    63.19648875991424
197    63.112586274403135
200    63.030747492532996
203    62.95116112668394
206    62.87432903878566
209    62.800987756802684
212    62.73208229944508
215    62.668761408851324
218    62.612213915175055
221    62.56350072989683
224    62.52349808300453
227    62.49284328008051
230    62.47184664258134
233    62.460391664202874
236    62.45777246439453
239    62.462607896632846
243    62.47722383360572
247    62.49611312355633
251    62.51372455357779
255    62.525486784594136
259    62.52838662845356
263    62.52106905439244
267    62.50371233294332
271    62.477647026493706
275    62.44488289264741
279    62.407547195907256
283    62.367457187817806
287    62.32595397752672
291    62.283949613788394
295    62.242059410915886
299    62.20069694615417
303    62.16015489741973
307    62.12064526515241
312    62.07281452081425
317    62.02651327711396
322    61.98145749217811
327    61.937397789997334
332    61.89407835574868
337    61.851233255954554
342    61.8086192017455
347    61.76605170303588
352    61.72339505698733
357    61.68055401263635
362    61.63752665844905
367    61.59447695233555
372    61.551787460903924
377    61.51009298229551
383    61.462639258776896
389    61.41979079576517
395    61.38365670850063
401    61.35645972739369
407    61.340307013590866
413    61.336853039019346
419    61.34698753864933
425    61.37066719884463
431    61.40695122211859
437    61.45414908894703
443    61.509997409762605
449    61.57196114110201
456    61.648696012920276
463    61.72696508485245
470    61.80404379270388
477    61.877996933679746
484    61.94773790126784
491    62.01304027664099
498    62.07439521965841
505    62.13277379935754
512    62.18936033217023
519    62.24536275116007
527    62.310293205488385
535    62.378259700074395
543    62.451539437210656
551    62.53225694146493
559    62.621578835621975
567    62.71921222490286
575    62.8234878531607
583    62.93158737833593
592    63.05339336555434
601    63.17044400081619
610    63.27821152684158
619    63.37350311068517
628    63.454886878018904
637    63.522761613517304
646    63.57930183834142
655    63.62806228592366
665    63.67785912972719
675    63.72658253265304
685    63.77493175739178
695    63.82194683153806
705    63.86682675015385
715    63.909709350111974
725    63.95189799422611
736    63.999667444545835
747    64.05037393179836
758    64.10410141349034
769    64.15993885111632
780    64.21670075627925
791    64.27342602031456
803    64.33470149569345
815    64.39528120806415
827    64.45549184050209
839    64.51571612064488
851    64.57625862224783
863    64.63758421909014
876    64.7057347602775
889    64.77652835669065
902    64.85038213490098
915    64.9271037775753
928    65.00617865601942
942    65.09346436587381
956    65.18265796388066
970    65.2734906062443
984    65.36571909556395
998    65.45909046213067
1010    65.53981406747832
1020    65.60741973615583
1030    65.67521799095371
1050    65.81102661003992
1070    65.94650547241784
1090    66.08096204975757
1110    66.21415580697028
1130    66.34612808344866
1150    66.47708377449035
1170    66.60708566877112
1190    66.73598529429015
1210    66.86357535284888
1230    66.98973612315682
1250    67.11442134797447
1270    67.23768145984903
1290    67.35972956306351
1310    67.48080121512048
1330    67.60108044830199
1350    67.72066052061777
1370    67.83954111229781
1390    67.95762166396622
1410    68.07469710262114
1430    68.19053294270486
1450    68.30502946773001
1470    68.41817372285186
1490    68.52992416461771
1510    68.64023787753337
1530    68.74924828024402
1550    68.85736895773294
1570    68.96511564078995
1590    69.0728275065444
1610    69.18058456343067
1630    69.28818524313101
1650    69.39536623561494
1670    69.50207926102728
1690    69.608400846326
1710    69.71437003890405
1730    69.8199890265926
1760    69.97804937083305
1790    70.13664770221955
1820    70.29622672128463
1850    70.45658906195084
1880    70.61757117662265
1910    70.77909453442271
1940    70.9408555655067
1970    71.1019107336806
2000    71.26138866794989
2030    71.41886517277132
2060    71.57365375615586
2090    71.72483707126369
2120    71.87152193467496
2150    72.01294691857902
2180    72.14854464894123
2210    72.27812026843156
2240    72.40148091268651
2270    72.51812065226908
2300    72.62730971834199
2330    72.72800532095795
2360    72.81909092257452
2390    72.89977224385717
2420    72.96964511583833
2460    73.04602570919702
2500    73.10437709810796
2540    73.14568349415225
2580    73.17009274275993
2620    73.17764201912547
2660    73.16885011111856
2700    73.14459424583012
2740    73.10589132843123
2780    73.05412162213617
2820    72.9909944906577
2860    72.91817588956434
2900    72.83667212864786
2940    72.7474536576965
2980    72.6518779048082
3020    72.55172851219298
3060    72.44894754821055
3100    72.34498723080543
3150    72.21448343505125
3200    72.08435732837839
3250    71.95595876842526
3300    71.83065810960588
3350    71.70940385844627
3400    71.59303041763769
3450    71.48255816314598
3500    71.37863281129523
3550    71.28090126012765
3600    71.18878571653977
3650    71.10252145563243
3700    71.02280820098045
3750    70.95038171269303
3800    70.88619477454094
3860    70.82213381940353
3920    70.77478188584257
3980    70.74538627660641
4040    70.73404614465946
4100    70.74005142820971
4160    70.76086762875534
4220    70.79250343940922
4280    70.83127817200658
4340    70.87418060949594
4400    70.917033338802
4460    70.95402421756445
4520    70.97898708041646
4590    70.98524561862709
4660    70.95944562498096
4730    70.89556576567759
4800    70.78956773147065
4870    70.63986892244279
4940    70.44894743208388
5010    70.22357886001987
5080    69.9721379737794
5150    69.70157707116216
5220    69.41494506011648
5300    69.06276057016228
5380    68.67135198389457
5460    68.23739587550229
5540    67.78615786827703
5620    67.35531460863152
5700    66.97039010755611
5780    66.64680393898199
5860    66.38945107541306
5950    66.17290203529913
6040    66.02822452738693
6130    65.95009594443925
6220    65.93161016591814
6310    65.96742250623304
6400    66.05412292865208
6490    66.1897518449417
6580    66.3713173545024
6680    66.6194605838634
6780    66.90361400960956
6880    67.20626637590685
6980    67.504046865779
7080    67.76548173685084
7180    67.95530217757575
7280    68.0389502947294
7390    67.97229669461572
7500    67.72301384596372
7610    67.30787566944903
7720    66.77011791421323
7830    66.16272410067701
7940    65.53074146960255
8060    64.84901127287742
8180    64.20008723927273
8300    63.596043747565886
8420    63.049895533236906
8540    62.59209005870544
8660    62.24810579019666
8790    61.995923773821765
8920    61.8444893672957
9050    61.7857852053516
9180    61.8233858321358
9310    61.963938549129054
9450    62.23600499243412
9590    62.6315779449747
9730    63.144536565770146
9870    63.75928061843002
10010    64.43768767486651
10160    65.15980265087846
10310    65.76458041201218
10460    66.13023267993043
10610    66.19076074873723
10760    65.97766120124113
10920    65.53330327139167
11080    64.95970759350072
11240    64.3624464885684
11400    63.8093466651384
11570    63.29423993233874
11740    62.84433572245689
11910    62.43673106454189
12080    62.051696067092905
12260    61.66357467449315
12440    61.310469705462495
12620    61.02162050601298
12800    60.83102746134341
12990    60.76227047114615
13180    60.83550599569591
13370    61.0420078001997
13560    61.36207184585167
13760    61.789408607390904
13960    62.26812043490428
14160    62.74792465900995
14370    63.19539671875012
14580    63.535442329933105
14790    63.635941472020306
15010    63.23641232265001
15230    62.3408864392823
15450    61.4125950347123
15670    60.868867069181725
15900    60.72219970768829
16130    60.611587221184706
16360    60.00869576892609
16600    58.60116685852077
16840    56.50572218203585
17080    54.04385725198078
17330    51.53697941831555
17580    49.3012651412257
17840    47.29598935540358
18100    45.59811356416894
18360    44.18784186134933
18630    43.01743580067591
18900    42.139118885988296
19170    41.550148414930426
19450    41.25959587237813
19730    41.27741629596808
20000    41.391622966957875
