20    65.86575195243805
20.3    65.93340447356331
20.6    65.99994729625124
20.9    66.06523714339696
21.2    66.12906344118421
21.5    66.19117123667318
21.8    66.25131074720788
22.1    66.30929218092615
22.4    66.36502991115955
22.7    66.41855683692889
23    66.46999702887433
23.3    66.51952208646297
23.6    66.56731323985922
23.9    66.61353687097805
24.2    66.6583373185694
24.6    66.71607516736816
25    66.77177410565359
25.4    66.8256433398151
25.8    66.87778600642653
26.2    66.92816959401775
26.6    66.97665955451427
27    67.02310976833435
27.4    67.06744897696579
27.8    67.10970978349908
28.2    67.14998963946067
28.6    67.18839405930844
29    67.22499557760781
29.4    67.2598217239152
29.8    67.29288214879608
30.2    67.32419984653919
30.6    67.35382728736198
31    67.38184235363681
31.5    67.41473380099936
32    67.44543329898494
32.5    67.47411389201054
33    67.50093773224904
33.5    67.52605369463214
34    67.54958582340427
34.5    67.57161920819345
35    67.59220495188195
35.5    67.61137536800771
36    67.62914995872971
36.5    67.64552555480435
37    67.66046946580883
37.5    67.67393961829501
38    67.68592370110399
38.6    67.69841085637579
39.2    67.70898948690709
39.8    67.71783788589454
40.4    67.72509795149331
41    67.73087533110947
41.6    67.73525767180038
42.2    67.73832277387282
42.8    67.74012539996517
43.4    67.74069066789586
44    67.74003203134583
44.6    67.73817275020987
45.2    67.7351480631612
45.9    67.7301918921472
46.6    67.72374403208852
47.3    67.71586128841388
48    67.7065976697233
48.7    67.69596987452059
49.4    67.68395127882275
50.1    67.67050346711206
50.8    67.65559466070894
51.5    67.63917900869438
52.2    67.62119479417134
53    67.59868343854973
53.8    67.57414412454295
54.6    67.54775356711329
55.4    67.51977606001475
56.2    67.49047985023972
57    67.46008319427816
57.8    67.42881060538514
58.6    67.39695678176912
59.5    67.36087194756924
60.4    67.32505591049795
61.3    67.2900909254112
62.2    67.25655547540234
63.1    67.22492694673971
64    67.19550420278591
64.9    67.1683690048533
65.8    67.14331944511545
66.8    67.11729082730852
67.8    67.09216138585403
68.8    67.06685285469183
69.8    67.04050615722284
70.8    67.01260560747599
71.8    66.98291325517398
72.8    66.95135447573173
73.9    66.9144824818605
75    66.87531279864073
76.1    66.83367519745019
77.2    66.78931699972127
78.3    66.74199843566956
79.4    66.6915346225799
80.6    66.63278669176913
81.8    66.5702284606906
83    66.50407569055142
84.2    66.43465346401574
85.4    66.36233560075392
86.6    66.28748567528763
87.9    66.20386912589046
89.2    66.11784185381583
90.5    66.02952881124492
91.8    65.9390002076185
93.1    65.84628889547182
94.5    65.74403105924151
95.9    65.63944325609526
97.3    65.53304290710648
98.7    65.42584435237453
100    65.3270766974307
102    65.1814799064594
104    65.05140153024105
106    64.94443819966253
108    64.86424030127725
110    64.80916327207188
112    64.773643362336
114    64.7515124271118
116    64.73900851950748
118    64.73481225076343
120    64.7392519419129
122    64.7535448593756
124    64.77853785284626
126    64.81313528209225
128    64.85495296087106
130    64.90145280078997
132    64.95085746385082
134    65.00250446648425
136    65.05644342183786
138    65.11251628014769
140    65.16948999666027
142    65.22488691535287
144    65.27550491997042
146    65.31820491374934
148    65.35054657728136
150    65.37106112403143
152    65.3792008051587
154    65.3751064866459
156    65.35936465752404
158    65.33284375393211
160    65.29661970750584
162    65.25196968672024
164    65.2003197826439
166    65.14314079328835
168    65.08181588844491
170    65.0175318414575
173    64.91752275520385
176    64.81504610318214
179    64.7112464940926
182    64.6066127956652
185    64.50140469841318
188    64.39585940202876
191    64.29015988354115
194    64.18445229698781
197    64.07895928443591
200    63.97395009674082
203    63.8696463914645
206    63.766184976121636
209    63.66359813778597
212    63.561948530498626
215    63.4615632542956
218    63.36309173018748
221    63.26736750712191
224    63.17529155732466
227    63.08783689305522
230    63.006031740837436
233    62.93069626796674
236    62.86217617811765
239    62.800319139591636
243    62.72738704995059
247    62.66400062133461
251    62.60811139670669
255    62.55690522205033
259    62.507279989637524
263    62.45633925686323
267    62.40168031098079
271    62.3416352781783
275    62.27537008110133
279    62.202922283017905
283    62.12500426322873
287    62.042661471199004
291    61.956988389020175
295    61.86896761210023
299    61.77941235219303
303    61.68896355744285
307    61.59813564744027
312    61.48473247881701
317    61.372032178122154
322    61.26030892159717
327    61.14964514797075
332    61.04010609652076
337    60.93175945115519
342    60.82458239318105
347    60.718364283275434
352    60.61270615153123
357    60.50715956625271
362    60.40135358734538
367    60.29514606468596
372    60.188779756582306
377    60.082905108619514
383    59.95795083337511
389    59.837576553788786
395    59.724842312339675
401    59.623219471603136
407    59.53631280448312
413    59.467548635881755
419    59.41980501141269
425    59.39500711240041
431    59.39386985710494
437    59.41567886141971
443    59.45818594840489
449    59.51762844651442
456    59.60166348579452
463    59.693042258288806
470    59.78329224022022
477    59.86542655313521
484    59.934708009201685
491    59.98898701018905
498    60.028652265845864
505    60.056042472094205
512    60.074577221018885
519    60.08798354290262
527    60.101701402665924
535    60.1186905881066
543    60.14360425672327
551    60.179769647297036
559    60.22818652707779
567    60.28716444195089
575    60.35293187002737
583    60.42076556978873
592    60.49419742355525
601    60.5606217457142
610    60.618366635036494
619    60.66795157560813
628    60.7113417860878
637    60.75098543375556
646    60.788921322501515
655    60.82637326408087
665    60.86792817156304
675    60.90911923532789
685    60.9492021148278
695    60.987694614744015
705    61.02476416038095
715    61.0610753350218
725    61.097393195209996
736    61.138032114561
747    61.179732343718534
758    61.22255257854779
769    61.266576948088286
780    61.31207319674046
791    61.35939189423822
803    61.413432957190324
815    61.47021822337939
827    61.5298539611652
839    61.59238933190268
851    61.657800941933274
863    61.72603702342292
876    61.80311885130159
889    61.88359491284237
902    61.96773509313388
915    62.05592403706494
928    62.14854606623253
942    62.2535722780169
956    62.36426075019766
970    62.48055154434563
984    62.60211446347677
998    62.72832545200632
1010    62.8393609660927
1020    62.933051851720776
1030    63.026817360669774
1050    63.21025947306828
1070    63.38378967381546
1090    63.55197662811757
1110    63.725056464974145
1130    63.90537152620405
1150    64.0888357420208
1170    64.27189131426941
1190    64.45435259473902
1210    64.63861009032456
1230    64.82732861433631
1250    65.0208816983347
1270    65.2144037244912
1290    65.39441223335507
1310    65.53756848205748
1330    65.61856211451274
1350    65.63342188183705
1370    65.62624108690636
1390    65.67453377726301
1410    65.82058207784559
1430    66.04279321294203
1450    66.29503814421454
1470    66.54503116392242
1490    66.7814701378657
1510    67.00549374073293
1530    67.22203153436288
1550    67.43537388938337
1570    67.64811694595107
1590    67.86154423274354
1610    68.07593848888568
1630    68.29123969861848
1650    68.50755179679564
1670    68.72507113063901
1690    68.94402785291877
1710    69.16476558451603
1730    69.38767348984868
1760    69.72624094856357
1790    70.06912339905202
1820    70.41516952610544
1850    70.76389777841263
1880    71.11454275734452
1910    71.46492179542581
1940    71.81263896158728
1970    72.15608296109298
2000    72.4935199453449
2030    72.82221099185887
2060    73.13899006019989
2090    73.4406880505935
2120    73.72425514337425
2150    73.98657832993658
2180    74.22470536911466
2210    74.43597847160243
2240    74.61832358281559
2270    74.77052910430758
2300    74.89226017214912
2330    74.98382507669753
2360    75.04607612134582
2390    75.08032578458337
2420    75.08827743119014
2460    75.06226652118093
2500    75.00195156177804
2540    74.91548991786462
2580    74.81032019233592
2620    74.69321898490207
2660    74.56984887609357
2700    74.44462658287782
2740    74.32163836637818
2780    74.20489514031186
2820    74.09760351794861
2860    74.00232294736588
2900    73.92078233676472
2940    73.8541585042179
2980    73.80347382230349
3020    73.76971341990469
3060    73.75368845423148
3100    73.75621772239333
3150    73.7868868322968
3200    73.84902656987589
3250    73.9434156461682
3300    74.07105390567753
3350    74.23291763017048
3400    74.42892695870405
3450    74.65782350803373
3500    74.91697820729547
3550    75.20156487212276
3600    75.50430634967375
3650    75.81483791213431
3700    76.11944249933799
3750    76.4008022927406
3800    76.63808185106438
3860    76.83217079373816
3920    76.89181869303744
3980    76.78827475290149
4040    76.5093598307079
4100    76.06323351084336
4160    75.4754453184769
4220    74.78161762432279
4280    74.01931398848303
4340    73.22188833137457
4400    72.415152068183
4460    71.61827547536026
4520    70.84553504670313
4590    69.9868396878854
4660    69.1814238129225
4730    68.43302050837593
4800    67.7423973388708
4870    67.10753841258156
4940    66.52549754252841
5010    65.99404715518224
5080    65.51117139110565
5150    65.07502560702949
5220    64.68432131476891
5300    64.29127209775002
5380    63.95151643059535
5460    63.66206055926643
5540    63.42096348470041
5620    63.22646710898629
5700    63.076179756493985
5780    62.96805980318081
5860    62.90154865040631
5950    62.876308816821606
6040    62.90186521627902
6130    62.97801367036466
6220    63.10571423535552
6310    63.28416780549274
6400    63.51145501592405
6490    63.78374992153991
6580    64.09194879511196
6680    64.45667216137548
6780    64.8115664156734
6880    65.10992521695533
6980    65.29644146598096
7080    65.32052580143224
7180    65.15198668183154
7280    64.79047314318026
7390    64.20462972264755
7500    63.48543529038925
7610    62.70491511914132
7720    61.92419123191729
7830    61.18442325447032
7940    60.50770432615589
8060    59.85218621076548
8180    59.286488383479764
8300    58.813770911922994
8420    58.43503763557949
8540    58.149642091884516
8660    57.95919154990875
8790    57.86374904911384
8920    57.88764468380243
9050    58.03703933414859
9180    58.31893773464283
9310    58.74272397351952
9450    59.37332403908267
9590    60.201547812575924
9730    61.23978995122776
9870    62.4809777785147
10010    63.87027817479011
10160    65.38111475057956
10310    66.70466112939042
10460    67.63277972279613
10610    68.01188860094409
10760    67.70191077946367
10920    66.4984099457048
11080    64.57049905341616
11240    62.38594460225673
11400    60.36341067605052
11570    58.60501099810469
11740    57.26918780416689
11910    56.30704135945335
12080    55.66533299404831
12260    55.296025240087666
12440    55.232579152603705
12620    55.47358917960085
12800    56.011267075651716
12990    56.88746613046169
13180    58.05853746317326
13370    59.49074318642499
13560    61.029878420002774
13760    62.275688344916524
13960    62.5104425308362
14160    61.580179993819684
14370    59.82675951158694
14580    57.85554095583862
14790    55.95075984440875
15010    54.1889751424693
15230    52.902267991388555
15450    52.63080012025547
15670    53.7746423693151
15900    55.83064805392459
16130    57.5175270262189
16360    58.164258998558864
16600    57.60169068242715
16840    55.95944266502808
17080    53.8721095238743
17330    51.99062206621919
17580    50.82096981414986
17840    50.44018553049786
18100    50.50823940901232
18360    50.38497054782262
18630    49.58766659474831
18900    47.94822618985438
19170    45.794758191763165
19450    43.67804234093445
19730    42.105336566275014
20000    41.354152636039366
