
Frequency	dB	Unweighted
20	67.7
20.3	67.7
20.6	67.7
20.9	67.7
21.2	67.7
21.5	67.7
21.8	67.6
22.1	67.6
22.4	67.6
22.7	67.6
23	67.6
23.3	67.6
23.9	67.5
24.2	67.5
24.6	67.4
25	67.4
25.4	67.3
25.8	67.3
26.2	67.3
26.6	67.2
27.4	67.1
27.8	67.1
28.2	67.0
28.6	66.9
29	66.9
29.4	66.9
29.8	66.8
30.2	66.8
31	66.8
31.5	66.7
32	66.7
32.5	66.7
33	66.7
33.5	66.7
34	66.6
34.5	66.6
35	66.6
35.5	66.6
36	66.5
36.5	66.5
37	66.4
37.5	66.4
38	66.3
38.6	66.3
39.2	66.2
39.8	66.2
40.4	66.1
41	66.0
41.6	66.0
42.2	65.9
42.8	65.9
43.4	65.8
44	65.8
44.6	65.7
45.2	65.7
45.9	65.6
46.6	65.5
47.3	65.5
48	65.4
48.7	65.3
49.4	65.3
50.1	65.2
50.8	65.1
51.5	65.0
52.2	65.0
53	64.9
53.8	64.8
54.6	64.8
55.4	64.7
56.2	64.6
57	64.5
58.6	64.4
59.5	64.3
60.4	64.2
62.2	64.0
63.1	63.9
64	63.8
64.9	63.8
65.8	63.7
66.8	63.6
67.8	63.5
68.8	63.4
69.8	63.3
70.8	63.2
72.8	63.0
73.9	62.8
75	62.7
76.1	62.6
77.2	62.5
78.3	62.4
79.4	62.3
80.6	62.1
81.8	62.0
83	61.9
84.2	61.7
85.4	61.6
86.6	61.5
87.9	61.4
89.2	61.3
90.5	61.2
91.8	61.1
93.1	61.1
94.5	61.1
95.9	61.0
97.3	61.0
98.7	61.0
100	61.1
102	61.2
104	61.3
106	61.5
108	61.8
110	62.1
112	62.4
114	62.7
116	62.9
118	63.0
120	63.1
122	63.1
124	63.1
126	63.0
128	62.9
130	62.8
132	62.7
134	62.5
138	62.3
140	62.2
142	62.0
144	61.9
146	61.8
148	61.7
150	61.6
152	61.5
156	61.3
158	61.2
160	61.1
162	61.0
164	61.0
166	60.9
168	60.8
173	60.6
176	60.5
179	60.4
185	60.2
188	60.1
191	60.0
194	60.0
197	59.9
200	59.9
203	59.8
206	59.8
209	59.8
212	59.7
215	59.7
218	59.6
221	59.6
224	59.5
227	59.5
230	59.4
233	59.4
236	59.3
239	59.2
243	59.1
247	59.0
251	59.0
259	58.8
267	58.6
275	58.4
283	58.2
287	58.2
291	58.1
295	58.0
303	57.8
307	57.7
312	57.6
317	57.6
322	57.5
327	57.4
332	57.3
337	57.2
342	57.1
347	57.0
352	56.9
357	56.9
362	56.8
367	56.7
372	56.6
377	56.6
383	56.5
389	56.5
401	56.5
407	56.6
413	56.7
419	56.8
425	56.9
431	57.0
443	57.3
449	57.4
456	57.6
463	57.7
470	57.8
477	57.9
484	57.9
491	58.0
505	58.0
512	58.1
519	58.1
527	58.1
535	58.1
543	58.1
551	58.2
567	58.2
575	58.3
583	58.3
592	58.4
601	58.4
610	58.5
619	58.5
628	58.6
637	58.6
646	58.7
655	58.7
665	58.8
675	58.8
685	58.9
695	58.9
705	58.9
715	59.0
736	59.1
747	59.1
758	59.2
769	59.3
780	59.3
791	59.4
803	59.4
815	59.4
827	59.4
839	59.4
851	59.4
863	59.5
889	59.7
902	59.8
915	60.0
928	60.1
942	60.2
956	60.3
970	60.3
984	60.4
998	60.4
1010	60.5
1020	60.6
1030	60.7
1050	60.9
1070	61.1
1090	61.3
1110	61.5
1130	61.7
1150	61.8
1170	62.0
1190	62.2
1210	62.3
1230	62.5
1250	62.7
1270	62.8
1290	63.0
1310	63.1
1330	63.2
1350	63.4
1370	63.5
1390	63.7
1410	63.8
1430	63.9
1450	64.1
1470	64.2
1490	64.3
1510	64.4
1530	64.6
1550	64.7
1570	64.8
1590	64.9
1630	65.2
1650	65.3
1670	65.4
1690	65.6
1710	65.7
1730	65.8
1760	66.0
1790	66.2
1820	66.3
1850	66.5
1880	66.7
1910	66.9
1940	67.1
1970	67.2
2000	67.4
2030	67.6
2060	67.8
2090	67.9
2120	68.1
2150	68.3
2180	68.4
2210	68.6
2240	68.7
2270	68.9
2300	69.0
2330	69.1
2360	69.3
2390	69.4
2420	69.5
2460	69.6
2500	69.8
2540	69.9
2580	70.0
2620	70.1
2660	70.1
2700	70.2
2740	70.3
2780	70.3
2820	70.3
2860	70.4
2900	70.4
2940	70.4
2980	70.4
3020	70.4
3060	70.4
3100	70.4
3150	70.3
3200	70.3
3250	70.3
3300	70.3
3350	70.2
3400	70.2
3450	70.2
3500	70.2
3550	70.2
3600	70.2
3650	70.2
3700	70.3
3750	70.3
3800	70.4
3860	70.4
3920	70.5
3980	70.6
4040	70.7
4100	70.7
4160	70.8
4220	70.9
4340	71.1
4400	71.2
4460	71.2
4520	71.3
4590	71.3
4660	71.4
4730	71.3
4800	71.2
4870	71.1
4940	70.9
5010	70.7
5080	70.5
5150	70.2
5220	70.0
5300	69.6
5380	69.3
5460	69.0
5620	68.3
5700	68.0
5780	67.8
5860	67.5
5950	67.2
6040	66.9
6130	66.8
6220	66.9
6400	66.9
6490	66.9
6580	66.9
6680	66.9
6780	66.9
6880	67.0
6980	67.1
7180	67.4
7280	67.5
7390	67.5
7500	67.5
7610	67.4
7720	67.2
7830	66.9
7940	66.5
8060	65.9
8180	65.3
8300	64.7
8420	64.0
8540	63.4
8660	62.8
8790	62.2
8920	61.6
9050	61.1
9180	60.7
9450	60.0
9590	59.8
9730	59.8
9870	59.8
10010	59.9
10160	60.1
10460	61.1
10610	61.8
10760	62.7
10920	63.8
11080	65.2
11240	66.6
11400	67.9
11570	68.6
11740	68.6
11910	67.6
12080	66.3
12260	64.9
12440	63.6
12620	62.5
12800	61.6
12990	61.0
13180	60.4
13370	60.3
13560	60.5
13960	62.4
14370	63.6
14580	63.1
14790	62.2
15010	60.9
15230	59.7
15450	58.6
15670	57.8
15900	57.2
16130	56.8
16360	56.4
16600	56.0
16840	55.6
17080	54.9
17840	50.8
18360	46.8
18630	46.4
18900	46.8
19170	45.6
19450	41.9
20000	36.2
19730	36.7
18100	48.8
17580	52.4
17330	53.7
10310	60.5
9310	60.3
