
Frequency	dB	Unweighted
20	67.2
20.3	67.2
20.6	67.2
20.9	67.2
21.2	67.2
21.5	67.2
21.8	67.2
22.1	67.2
22.4	67.2
22.7	67.2
23	67.2
23.3	67.2
23.6	67.2
23.9	67.2
24.2	67.2
24.6	67.2
25	67.1
25.4	67.1
25.8	67.1
26.2	67.1
26.6	67.0
27	67.0
27.4	67.0
27.8	67.0
28.6	66.9
29	66.9
30.2	66.8
30.6	66.8
31	66.8
31.5	66.7
32	66.7
32.5	66.7
33	66.6
33.5	66.6
34	66.6
34.5	66.5
35	66.5
35.5	66.4
36	66.4
36.5	66.4
37	66.3
38	66.2
38.6	66.2
39.2	66.2
39.8	66.1
40.4	66.1
41	66.0
41.6	66.0
42.2	65.9
43.4	65.8
44	65.8
44.6	65.7
45.2	65.7
45.9	65.6
46.6	65.6
48	65.4
48.7	65.4
49.4	65.3
50.1	65.3
50.8	65.2
51.5	65.2
52.2	65.1
53	65.0
53.8	65.0
54.6	64.9
55.4	64.9
56.2	64.8
57	64.7
57.8	64.7
58.6	64.6
59.5	64.5
60.4	64.4
61.3	64.4
62.2	64.3
63.1	64.2
64	64.1
64.9	64.0
66.8	63.9
67.8	63.8
68.8	63.7
69.8	63.7
70.8	63.6
71.8	63.5
72.8	63.4
73.9	63.3
75	63.2
76.1	63.2
78.3	63.0
79.4	62.9
83	62.6
84.2	62.5
85.4	62.4
86.6	62.3
87.9	62.2
89.2	62.1
90.5	62.0
91.8	61.9
94.5	61.7
95.9	61.6
97.3	61.6
98.7	61.6
100	61.6
102	61.7
104	61.8
106	62.0
108	62.2
110	62.3
112	62.5
114	62.6
116	62.6
118	62.7
120	62.6
122	62.6
124	62.6
126	62.5
128	62.4
130	62.3
132	62.2
134	62.1
136	62.0
138	61.9
140	61.8
142	61.7
144	61.6
146	61.5
148	61.5
150	61.4
152	61.3
154	61.2
156	61.1
158	61.1
160	61.0
162	60.9
166	60.8
168	60.7
170	60.7
173	60.6
176	60.5
179	60.4
182	60.3
185	60.3
188	60.2
194	60.1
197	60.1
200	60.0
206	60.0
209	59.9
215	59.8
218	59.8
221	59.7
224	59.6
227	59.6
230	59.5
233	59.4
236	59.3
239	59.3
243	59.2
247	59.1
255	58.9
259	58.8
267	58.6
271	58.5
275	58.4
279	58.3
283	58.2
287	58.2
291	58.1
295	58.0
299	57.9
303	57.8
307	57.8
312	57.7
317	57.6
322	57.5
327	57.4
332	57.3
337	57.2
342	57.1
347	57.0
352	57.0
357	56.9
362	56.8
367	56.7
372	56.6
377	56.6
383	56.5
389	56.5
401	56.5
407	56.5
413	56.6
419	56.7
425	56.7
431	56.8
443	57.0
449	57.1
456	57.1
470	57.3
477	57.4
484	57.4
491	57.5
505	57.6
512	57.7
519	57.7
527	57.8
535	57.8
543	57.9
551	57.9
567	58.0
575	58.1
583	58.1
601	58.2
610	58.3
619	58.3
628	58.3
637	58.4
646	58.4
675	58.5
685	58.6
695	58.6
705	58.7
715	58.7
725	58.8
736	58.8
747	58.9
758	58.9
769	59.0
780	59.0
791	59.1
803	59.1
815	59.2
827	59.2
839	59.3
851	59.4
863	59.4
876	59.5
889	59.6
902	59.7
915	59.8
928	59.9
942	60.0
956	60.1
970	60.2
984	60.3
998	60.4
1010	60.5
1030	60.7
1070	61.0
1090	61.2
1110	61.3
1130	61.5
1150	61.6
1170	61.8
1190	61.9
1210	62.1
1250	62.4
1270	62.5
1290	62.7
1310	62.8
1330	63.0
1350	63.1
1370	63.2
1390	63.4
1410	63.5
1430	63.7
1450	63.8
1470	63.9
1490	64.1
1510	64.2
1530	64.3
1550	64.4
1570	64.6
1590	64.7
1630	64.9
1650	65.1
1670	65.2
1690	65.3
1710	65.5
1730	65.6
1760	65.8
1820	66.2
1880	66.5
1910	66.7
1940	66.9
1970	67.1
2000	67.3
2030	67.5
2060	67.7
2090	67.9
2150	68.3
2180	68.5
2240	68.8
2270	69.0
2300	69.2
2330	69.3
2360	69.5
2390	69.6
2420	69.8
2460	70.0
2500	70.1
2540	70.3
2580	70.4
2620	70.6
2660	70.7
2700	70.8
2740	70.8
2780	70.9
2820	70.9
2860	71.0
2900	71.0
2940	71.0
2980	70.9
3020	70.9
3060	70.9
3100	70.8
3150	70.8
3200	70.7
3250	70.6
3300	70.6
3350	70.5
3400	70.4
3450	70.3
3500	70.3
3550	70.2
3600	70.1
3650	70.1
3700	70.1
3750	70.0
3800	70.0
3860	70.0
3920	70.0
3980	70.0
4040	70.0
4160	70.1
4220	70.2
4340	70.4
4400	70.4
4460	70.5
4520	70.6
4590	70.6
4660	70.7
4730	70.8
4800	70.8
4870	70.8
5010	70.8
5080	70.7
5150	70.7
5220	70.6
5300	70.4
5380	70.2
5460	70.0
5540	69.8
5700	69.4
5780	69.2
5860	69.0
5950	68.9
6040	68.7
6130	68.6
6220	68.5
6310	68.3
6400	68.2
6490	68.2
6580	68.1
6680	68.1
6780	68.2
6980	68.3
7180	68.4
7280	68.5
7390	68.6
7500	68.6
7610	68.6
7720	68.5
7830	68.3
7940	68.0
8060	67.6
8180	67.1
8300	66.5
8420	65.8
8540	65.2
8660	64.5
8790	63.8
8920	63.2
9050	62.6
9180	62.0
9310	61.5
9450	61.1
9590	60.7
9730	60.4
9870	60.2
10160	60.0
10310	60.0
10460	60.0
10610	60.1
10760	60.3
10920	60.6
11240	61.4
11400	61.9
11570	62.5
11740	63.1
11910	63.8
12080	64.4
12260	64.9
12440	65.1
12620	64.8
12800	64.2
12990	63.4
13180	62.5
13370	61.8
13560	61.2
13760	60.8
13960	60.6
14160	60.6
14370	60.8
14580	61.0
14790	61.2
15010	60.9
15230	60.0
15450	58.5
15670	56.9
15900	55.4
16130	54.3
16360	53.7
16600	53.6
16840	53.5
17080	53.5
17330	53.5
17580	53.5
17840	53.3
18100	52.8
18360	51.8
18630	50.4
18900	48.6
19170	46.4
19450	43.5
19730	40.5
20000	40.2
