
Frequency	dB	Unweighted
20	66.8
20.3	66.8
20.6	66.8
20.9	66.8
21.2	66.7
21.5	66.7
21.8	66.7
22.1	66.7
22.4	66.6
22.7	66.6
23	66.6
23.3	66.6
23.6	66.5
23.9	66.5
24.2	66.5
24.6	66.5
25	66.4
25.4	66.4
25.8	66.3
26.2	66.3
26.6	66.3
27	66.2
27.4	66.2
27.8	66.1
28.6	66.1
29	66.0
30.2	65.9
30.6	65.9
31	65.8
31.5	65.8
32	65.7
32.5	65.7
33	65.6
33.5	65.6
34	65.5
34.5	65.5
35	65.4
35.5	65.4
36	65.3
36.5	65.3
37	65.2
38	65.1
38.6	65.1
39.2	65.0
39.8	64.9
40.4	64.9
41	64.8
41.6	64.8
42.2	64.7
43.4	64.6
44	64.5
44.6	64.5
45.2	64.4
45.9	64.3
46.6	64.3
48	64.1
48.7	64.1
49.4	64.0
50.1	64.0
50.8	63.9
51.5	63.8
52.2	63.8
53	63.7
53.8	63.6
54.6	63.6
55.4	63.5
56.2	63.4
57	63.4
57.8	63.3
58.6	63.3
59.5	63.2
60.4	63.1
61.3	63.0
62.2	62.9
63.1	62.9
64	62.8
64.9	62.7
66.8	62.6
67.8	62.6
68.8	62.5
69.8	62.4
70.8	62.4
71.8	62.3
72.8	62.2
73.9	62.2
75	62.1
76.1	62.0
78.3	61.9
79.4	61.8
83	61.6
84.2	61.6
85.4	61.5
86.6	61.4
87.9	61.4
89.2	61.3
90.5	61.2
91.8	61.2
94.5	61.1
95.9	61.0
97.3	60.9
98.7	60.9
100	60.8
102	60.7
104	60.6
106	60.5
108	60.4
110	60.3
112	60.2
114	60.0
116	59.9
118	59.8
120	59.7
122	59.5
124	59.4
126	59.2
128	59.1
130	58.9
132	58.8
134	58.7
136	58.6
138	58.5
140	58.4
142	58.5
144	58.5
146	58.7
148	58.8
150	59.1
152	59.3
154	59.6
156	59.9
158	60.1
160	60.4
162	60.6
166	60.8
168	60.9
170	61.0
173	61.0
176	60.9
179	60.8
182	60.7
185	60.6
188	60.5
194	60.3
197	60.2
200	60.0
206	59.9
209	59.8
215	59.6
218	59.5
221	59.4
224	59.4
227	59.3
230	59.2
233	59.2
236	59.1
239	59.1
243	59.0
247	59.0
255	58.9
259	58.9
267	58.8
271	58.8
275	58.8
279	58.7
283	58.6
287	58.6
291	58.5
295	58.5
299	58.4
303	58.3
307	58.2
312	58.2
317	58.1
322	58.0
327	57.9
332	57.8
337	57.8
342	57.7
347	57.6
352	57.6
357	57.5
362	57.4
367	57.4
372	57.3
377	57.2
383	57.2
389	57.1
401	56.9
407	56.9
413	56.8
419	56.8
425	56.9
431	56.9
443	57.2
449	57.4
456	57.6
470	58.0
477	58.2
484	58.4
491	58.5
505	58.7
512	58.8
519	58.8
527	58.8
535	58.8
543	58.8
551	58.9
567	58.9
575	58.9
583	58.9
601	59.0
610	59.1
619	59.1
628	59.1
637	59.2
646	59.2
675	59.3
685	59.3
695	59.4
705	59.4
715	59.4
725	59.4
736	59.5
747	59.5
758	59.5
769	59.6
780	59.6
791	59.6
803	59.7
815	59.7
827	59.8
839	59.8
851	59.8
863	59.9
876	59.9
889	60.0
902	60.1
915	60.1
928	60.2
942	60.3
956	60.4
970	60.5
984	60.5
998	60.6
1010	60.7
1030	60.8
1070	61.1
1090	61.2
1110	61.3
1130	61.5
1150	61.6
1170	61.7
1190	61.8
1210	61.9
1250	62.2
1270	62.3
1290	62.4
1310	62.5
1330	62.6
1350	62.7
1370	62.8
1390	62.9
1410	63.0
1430	63.1
1450	63.2
1470	63.3
1490	63.4
1510	63.5
1530	63.6
1550	63.7
1570	63.8
1590	63.9
1630	64.1
1650	64.2
1670	64.3
1690	64.4
1710	64.5
1730	64.6
1760	64.7
1820	65.0
1880	65.4
1910	65.5
1940	65.7
1970	65.9
2000	66.0
2030	66.2
2060	66.4
2090	66.6
2150	67.0
2180	67.2
2240	67.6
2270	67.8
2300	68.0
2330	68.2
2360	68.4
2390	68.6
2420	68.7
2460	69.0
2500	69.2
2540	69.5
2580	69.7
2620	69.9
2660	70.1
2700	70.3
2740	70.4
2780	70.6
2820	70.7
2860	70.9
2900	71.0
2940	71.1
2980	71.2
3020	71.2
3060	71.3
3100	71.4
3150	71.4
3200	71.4
3250	71.4
3300	71.5
3350	71.5
3400	71.4
3450	71.4
3500	71.4
3550	71.4
3600	71.4
3650	71.3
3700	71.3
3750	71.2
3800	71.2
3860	71.1
3920	71.1
3980	71.0
4040	70.9
4160	70.7
4220	70.6
4340	70.4
4400	70.3
4460	70.2
4520	70.0
4590	69.9
4660	69.8
4730	69.7
4800	69.6
4870	69.5
5010	69.3
5080	69.3
5150	69.2
5220	69.1
5300	69.0
5380	68.9
5460	68.8
5540	68.8
5700	68.7
5780	68.7
5860	68.7
5950	68.7
6040	68.7
6130	68.7
6220	68.7
6310	68.7
6400	68.7
6490	68.6
6580	68.6
6680	68.4
6780	68.2
6980	67.8
7180	67.5
7280	67.3
7390	67.1
7500	66.9
7610	66.7
7720	66.5
7830	66.3
7940	66.1
8060	65.9
8180	65.6
8300	65.4
8420	65.1
8540	64.8
8660	64.5
8790	64.2
8920	63.9
9050	63.6
9180	63.3
9310	63.1
9450	63.0
9590	62.9
9730	62.9
9870	62.9
10160	63.2
10310	63.4
10460	63.7
10610	64.0
10760	64.3
10920	64.5
11240	65.0
11400	65.1
11570	65.1
11740	65.0
11910	64.9
12080	64.8
12260	64.8
12440	64.7
12620	64.8
12800	64.9
12990	65.1
13180	65.3
13370	65.4
13560	65.4
13760	65.2
13960	64.8
14160	64.3
14370	63.5
14580	62.6
14790	61.5
15010	60.2
15230	58.8
15450	57.5
15670	56.3
15900	55.1
16130	54.0
16360	53.1
16600	52.5
16840	52.0
17080	51.7
17330	51.6
17580	51.7
17840	52.0
18100	52.5
18360	53.0
18630	52.4
18900	50.5
19170	48.3
19450	46.3
19730	44.7
20000	44.6
