
Frequency	dB	Unweighted
20	64.8
20.3	64.8
20.6	64.9
20.9	64.9
21.2	64.9
21.5	65.0
21.8	65.0
22.1	65.0
22.4	65.1
22.7	65.1
23	65.1
23.3	65.1
23.6	65.1
23.9	65.1
24.2	65.2
24.6	65.2
25	65.2
25.4	65.2
25.8	65.3
26.2	65.3
26.6	65.3
27	65.3
27.4	65.3
27.8	65.3
28.2	65.3
28.6	65.3
29	65.3
29.4	65.4
29.8	65.4
30.2	65.4
30.6	65.4
31	65.4
31.5	65.4
32	65.4
32.5	65.4
33	65.4
33.5	65.4
34	65.4
34.5	65.4
35	65.4
35.5	65.4
36	65.4
36.5	65.4
37	65.4
37.5	65.4
38	65.4
38.6	65.4
39.2	65.3
39.8	65.3
40.4	65.3
41	65.3
41.6	65.3
42.2	65.3
42.8	65.3
43.4	65.3
44	65.2
44.6	65.2
45.2	65.2
45.9	65.2
46.6	65.2
47.3	65.1
48	65.1
48.7	65.1
49.4	65.1
50.1	65.0
50.8	65.0
51.5	65.0
52.2	65.0
53	65.0
53.8	64.9
54.6	64.9
55.4	64.9
56.2	64.8
57	64.8
57.8	64.7
58.6	64.7
59.5	64.6
60.4	64.6
61.3	64.5
62.2	64.5
63.1	64.4
64	64.4
65.8	64.3
66.8	64.2
67.8	64.2
69.8	64.1
70.8	64.0
71.8	64.0
72.8	63.9
73.9	63.8
75	63.8
76.1	63.7
77.2	63.6
78.3	63.5
79.4	63.4
80.6	63.3
81.8	63.2
83	63.1
84.2	63.0
85.4	62.9
86.6	62.9
87.9	62.8
89.2	62.8
91.8	62.8
93.1	62.8
94.5	62.8
95.9	62.8
97.3	62.9
98.7	62.9
100	62.9
102	62.9
104	62.9
106	62.9
108	62.9
110	62.8
112	62.8
114	62.7
116	62.7
118	62.7
120	62.7
122	62.8
124	62.8
126	62.9
128	62.9
130	62.9
132	62.9
134	62.9
136	62.9
140	62.8
142	62.7
144	62.7
146	62.6
148	62.5
150	62.5
152	62.4
154	62.4
156	62.3
158	62.3
160	62.2
162	62.1
164	62.1
166	62.0
170	61.9
173	61.8
176	61.7
179	61.6
182	61.6
185	61.5
188	61.4
191	61.4
194	61.3
197	61.3
200	61.3
203	61.2
206	61.2
209	61.1
212	61.1
215	61.0
218	60.9
221	60.9
224	60.8
227	60.7
230	60.6
233	60.6
236	60.5
239	60.4
243	60.3
247	60.2
255	60.0
259	59.9
263	59.8
267	59.6
271	59.5
275	59.4
283	59.2
287	59.1
291	59.0
295	58.9
299	58.8
303	58.8
307	58.7
312	58.6
317	58.4
322	58.3
327	58.2
332	58.1
337	58.0
342	57.9
347	57.8
352	57.7
357	57.6
362	57.5
367	57.4
377	57.3
383	57.3
389	57.3
395	57.3
401	57.4
407	57.5
413	57.6
419	57.7
425	57.8
431	57.9
437	58.0
443	58.1
449	58.2
456	58.3
463	58.4
470	58.4
477	58.5
484	58.5
491	58.5
505	58.6
512	58.6
519	58.6
527	58.6
535	58.7
543	58.7
551	58.7
559	58.8
575	58.8
583	58.8
592	58.9
601	58.9
610	58.9
619	58.9
628	58.9
637	59.0
646	59.0
655	59.0
665	59.0
675	59.1
685	59.1
695	59.1
705	59.2
715	59.2
725	59.2
736	59.3
747	59.3
758	59.3
769	59.4
780	59.4
791	59.5
803	59.5
815	59.6
827	59.6
839	59.7
851	59.8
863	59.8
876	59.9
889	60.0
902	60.0
915	60.1
928	60.2
942	60.3
956	60.4
970	60.5
984	60.6
1010	60.8
1020	60.9
1050	61.2
1090	61.5
1130	61.8
1150	62.0
1170	62.1
1190	62.3
1210	62.4
1230	62.6
1250	62.8
1270	62.9
1290	63.1
1310	63.3
1330	63.4
1350	63.6
1370	63.8
1390	63.9
1410	64.1
1430	64.2
1450	64.4
1470	64.5
1490	64.7
1510	64.8
1530	64.9
1550	65.1
1570	65.2
1590	65.4
1690	66.1
1790	66.7
1850	67.2
1880	67.3
1910	67.5
1940	67.7
1970	67.9
2000	68.1
1820	67.0
1760	66.5
1630	65.6
1730	66.3
2030	68.3
2060	68.5
2090	68.7
2120	68.9
2150	69.0
2180	69.2
2240	69.5
2270	69.6
2300	69.8
2360	70.0
2390	70.1
2420	70.2
2460	70.3
2500	70.4
2540	70.4
2580	70.5
2620	70.5
2660	70.5
2700	70.5
2780	70.4
2820	70.4
2860	70.3
2900	70.3
2940	70.2
2980	70.1
3020	70.0
3060	69.9
3100	69.8
3150	69.7
3200	69.5
3250	69.4
3300	69.3
3350	69.1
3400	69.0
3450	68.9
3500	68.8
3550	68.8
3600	68.7
3650	68.6
3700	68.6
3750	68.6
3800	68.6
3860	68.6
3920	68.6
3980	68.6
4040	68.7
4100	68.7
4160	68.8
4220	68.8
4280	68.9
4340	69.0
4400	69.1
4460	69.2
4520	69.2
4590	69.3
4660	69.3
4800	69.3
4870	69.2
4940	69.2
5010	69.1
5080	69.1
5150	69.0
5220	69.0
5300	68.9
5380	68.9
5460	68.8
5540	68.7
5700	68.3
5780	68.1
5860	67.8
5950	67.6
6040	67.4
6130	67.2
6220	67.1
6310	67.0
6400	66.9
6490	66.8
6580	66.8
6780	66.9
6980	67.1
7180	67.3
7280	67.3
7390	67.4
7500	67.3
7830	66.7
8180	65.2
8300	64.6
8420	64.0
8540	63.3
8660	62.7
8920	61.4
9050	60.8
9180	60.3
9310	59.9
9450	59.5
9590	59.2
9730	58.9
9870	58.8
10310	58.9
10610	59.5
11240	62.5
11400	63.8
11570	65.3
11740	66.9
11910	67.9
12080	68.5
12260	67.9
12440	66.7
12620	65.3
12800	64.0
12990	63.2
13180	62.5
13370	62.3
13560	62.5
13760	63.4
13960	64.7
14160	66.1
14370	67.2
14580	67.2
14790	66.1
15010	64.0
15230	61.8
15450	59.8
15670	58.2
15900	56.9
16130	56.0
16360	55.4
16600	55.2
16840	55.2
17080	55.5
17330	56.0
17580	56.4
17840	56.6
18100	56.3
18360	55.5
18630	54.2
18900	52.1
19170	48.8
19450	43.9
19730	38.0
20000	37.4
