
Frequency	dB	Unweighted
20	64.0
20.3	64.0
20.6	64.0
20.9	64.0
21.2	64.1
21.5	64.1
21.8	64.1
22.1	64.1
22.4	64.1
22.7	64.1
23	64.2
23.3	64.2
23.6	64.2
23.9	64.2
24.2	64.2
24.6	64.3
25	64.3
25.4	64.3
25.8	64.3
26.2	64.3
26.6	64.4
27	64.4
27.4	64.4
27.8	64.4
28.2	64.4
28.6	64.4
29	64.4
29.4	64.4
29.8	64.4
30.2	64.4
30.6	64.4
31	64.4
31.5	64.4
32	64.4
32.5	64.3
33	64.3
33.5	64.3
34	64.3
34.5	64.3
35	64.3
35.5	64.3
36	64.3
36.5	64.3
37	64.3
37.5	64.3
38	64.2
38.6	64.2
39.2	64.2
39.8	64.1
40.4	64.1
41	64.1
41.6	64.0
42.2	64.0
42.8	63.9
43.4	63.9
44	63.8
44.6	63.8
45.2	63.8
45.9	63.7
46.6	63.7
47.3	63.7
48	63.7
48.7	63.8
49.4	63.8
50.1	63.8
50.8	63.8
51.5	63.8
52.2	63.8
53	63.8
53.8	63.8
54.6	63.8
55.4	63.8
56.2	63.8
57	63.8
57.8	63.7
58.6	63.7
59.5	63.6
60.4	63.6
61.3	63.5
62.2	63.5
63.1	63.4
64	63.4
64.9	63.3
65.8	63.3
66.8	63.2
67.8	63.1
68.8	63.1
69.8	63.0
70.8	62.9
71.8	62.9
72.8	62.8
73.9	62.7
75	62.6
76.1	62.5
77.2	62.5
78.3	62.4
79.4	62.3
81.8	62.2
83	62.1
84.2	62.0
85.4	61.9
86.6	61.9
87.9	61.8
89.2	61.7
90.5	61.6
91.8	61.5
93.1	61.5
94.5	61.4
95.9	61.3
97.3	61.3
98.7	61.3
100	61.4
102	61.5
104	61.6
106	61.7
108	61.9
110	62.0
112	62.1
114	62.1
116	62.2
118	62.2
120	62.2
122	62.2
124	62.1
126	62.1
128	62.0
130	61.9
132	61.8
134	61.8
136	61.7
138	61.6
140	61.5
142	61.4
144	61.4
148	61.2
150	61.2
152	61.1
156	60.9
158	60.8
162	60.7
164	60.6
166	60.5
168	60.5
173	60.3
176	60.2
179	60.2
182	60.1
185	60.1
188	60.0
191	60.0
194	60.0
197	60.0
200	60.0
203	59.9
206	59.9
209	59.9
212	59.8
215	59.8
218	59.7
221	59.6
224	59.6
227	59.5
230	59.4
233	59.4
236	59.3
239	59.2
243	59.1
247	59.1
251	59.0
255	58.9
259	58.8
263	58.7
267	58.6
275	58.5
279	58.4
283	58.3
287	58.2
291	58.2
295	58.1
299	58.0
303	58.0
307	57.9
312	57.8
317	57.7
322	57.6
327	57.6
332	57.5
337	57.4
342	57.3
347	57.2
352	57.2
357	57.1
362	57.0
367	56.9
372	56.9
377	56.8
383	56.7
395	56.6
407	56.6
413	56.6
419	56.7
425	56.7
431	56.8
437	56.9
443	57.0
449	57.0
456	57.1
463	57.2
470	57.3
477	57.3
484	57.4
491	57.4
498	57.5
505	57.5
512	57.6
519	57.6
527	57.7
535	57.7
543	57.8
551	57.8
559	57.9
567	58.0
575	58.0
583	58.1
592	58.1
601	58.2
610	58.3
619	58.3
628	58.4
637	58.5
646	58.5
665	58.6
675	58.7
685	58.8
695	58.8
705	58.9
715	59.0
725	59.0
736	59.1
747	59.2
758	59.2
769	59.3
780	59.4
791	59.4
803	59.5
815	59.6
827	59.7
839	59.8
851	59.9
863	60.0
876	60.1
889	60.2
902	60.2
915	60.3
928	60.4
956	60.6
970	60.7
984	60.9
998	61.0
1010	61.2
1020	61.3
1030	61.4
1050	61.6
1070	61.8
1090	62.0
1110	62.2
1130	62.4
1150	62.6
1170	62.7
1190	62.9
1210	63.1
1230	63.3
1250	63.5
1270	63.7
1290	63.8
1310	64.0
1330	64.2
1350	64.4
1370	64.6
1390	64.7
1410	64.9
1430	65.1
1470	65.5
1510	65.8
1530	66.0
1550	66.2
1570	66.4
1590	66.6
1630	66.9
1650	67.1
1670	67.3
1690	67.5
1710	67.7
1730	67.9
1760	68.1
1790	68.4
1820	68.7
1880	69.2
1910	69.5
1940	69.8
1970	70.1
2000	70.3
2030	70.6
2060	70.8
2090	71.0
2120	71.2
2150	71.3
2210	71.5
2240	71.6
2270	71.6
2300	71.6
2330	71.5
2360	71.5
2390	71.4
2420	71.3
2460	71.2
2500	71.1
2660	70.4
2700	70.3
2780	70.0
2820	69.8
2860	69.6
2900	69.5
2940	69.3
2980	69.2
3020	69.1
3060	68.9
3100	68.8
3150	68.7
3200	68.6
3250	68.4
3300	68.3
3400	68.2
3450	68.2
3500	68.1
3550	68.1
3600	68.2
3650	68.2
3700	68.3
3750	68.3
3800	68.4
3860	68.5
3920	68.6
3980	68.7
4040	68.8
4100	68.9
4160	69.1
4220	69.3
4280	69.4
4400	69.7
4520	69.9
4590	69.9
4660	69.8
4800	69.5
4870	69.3
4940	69.0
5010	68.7
5080	68.4
5150	68.1
5220	67.8
5300	67.4
5380	67.0
5460	66.7
5540	66.4
5620	66.1
5700	65.8
5780	65.5
5860	65.2
5950	65.0
6040	64.8
6130	64.6
6220	64.5
6310	64.5
6400	64.5
6490	64.5
6580	64.5
6680	64.4
6780	64.4
6880	64.4
6980	64.5
7080	64.5
7180	64.6
7280	64.7
7390	64.9
7500	65.0
7610	65.2
7720	65.2
7830	65.2
7940	65.0
8060	64.7
8180	64.3
8300	63.8
8420	63.2
8540	62.5
8660	61.9
8790	61.2
8920	60.6
9050	59.9
9180	59.4
9310	58.9
9450	58.5
9590	58.2
9730	57.9
9870	57.7
10010	57.6
10160	57.6
10310	57.7
10460	58.0
10610	58.3
10920	59.5
11240	61.4
11400	62.6
11570	63.9
11740	65.0
11910	65.3
12080	65.2
12260	64.2
12440	62.8
12620	61.4
12800	60.2
12990	59.2
13180	58.3
13370	57.8
13560	57.6
13760	57.9
13960	58.5
14160	59.4
14370	60.5
14580	61.5
14790	62.1
15010	61.9
15230	60.8
15450	59.1
15670	57.2
15900	55.4
16130	53.8
16360	52.5
16600	51.2
16840	50.0
17080	48.9
17330	48.0
17580	46.9
17840	45.6
18100	44.0
18360	42.0
18630	40.6
18900	41.0
19170	41.5
19450	40.6
19730	39.1
20000	38.9
