20    68.92295321838263
20.3    68.92060920016849
20.6    68.91816921371839
20.9    68.91550284946706
21.2    68.91250301800537
21.5    68.909083508931
21.8    68.9051731981454
22.1    68.90070658548383
22.4    68.8956253991663
22.7    68.88989115747856
23    68.88349340222409
23.3    68.87644633840878
23.6    68.86877499047864
23.9    68.8604966604286
24.2    68.8516122925614
24.6    68.83880446714944
25    68.82487079364017
25.4    68.80980830281061
25.8    68.79365714621423
26.2    68.77648072008174
26.6    68.7583417812837
27    68.73929142831689
27.4    68.71938280420159
27.8    68.6987084414244
28.2    68.67741889923894
28.6    68.6556949068693
29    68.63368776347613
29.4    68.61145928865264
29.8    68.588972199723
30.2    68.56612585813178
30.6    68.54281188592554
31    68.51896138229854
31.5    68.48838161590089
32    68.4570221487802
32.5    68.42500785326077
33    68.39247895437924
33.5    68.35956656455662
34    68.32637118172187
34.5    68.29295678175944
35    68.25937234273647
35.5    68.22567584798401
36    68.19193939845529
36.5    68.15821868631606
37    68.12453342424283
37.5    68.0908781919952
38    68.05723374549314
38.6    68.01680530672796
39.2    67.97619407034651
39.8    67.93535229174248
40.4    67.89444456032274
41    67.85372694151555
41.6    67.81326199435594
42.2    67.77287983168283
42.8    67.73245645163246
43.4    67.69212005686481
44    67.65214491406934
44.6    67.61278456599385
45.2    67.57426209679727
45.9    67.53066530676533
46.6    67.48870785382984
47.3    67.44829749063243
48    67.40909468901577
48.7    67.37058443331085
49.4    67.332132755159
50.1    67.29316139055578
50.8    67.25323916158139
51.5    67.21202252890473
52.2    67.16931544415212
53    67.11880569892594
53.8    67.0668918356669
54.6    67.01399069144473
55.4    66.96058846355486
56.2    66.90727926893119
57    66.85449160779719
57.8    66.80234333058416
58.6    66.75077475368309
59.5    66.69334034489655
60.4    66.63638926235268
61.3    66.57976927505501
62.2    66.52336823574265
63.1    66.46711901683511
64    66.41092886788336
64.9    66.35467788033166
65.8    66.29828865940344
66.8    66.23549492704771
67.8    66.17270770357268
68.8    66.11018268182083
69.8    66.04826069881413
70.8    65.98735174298658
71.8    65.92788858581821
72.8    65.87025700636268
73.9    65.80925269570201
75    65.75074008963165
76.1    65.69439626215538
77.2    65.63969205872039
78.3    65.58610760028475
79.4    65.53331660735549
80.6    65.47644857766096
81.8    65.42014049670735
83    65.3640125969824
84.2    65.30753933418691
85.4    65.25019542155529
86.6    65.1915148722283
87.9    65.12597323695134
89.2    65.05799290502006
90.5    64.98732519739615
91.8    64.91396335969714
93.1    64.83827589804056
94.5    64.75505428482538
95.9    64.67148032522991
97.3    64.58952389517603
98.7    64.51152821471855
100    64.44479589750901
102    64.35704583408562
104    64.29130737636504
106    64.24813535344711
108    64.22330300327776
110    64.20892170771089
112    64.1962305136195
114    64.17829409929118
116    64.15148337129715
118    64.11522382902078
120    64.07135199593549
122    64.02344127294694
124    63.97601497773891
126    63.93297879435464
128    63.8968302426465
130    63.86846389242135
132    63.847377833854814
134    63.832174730583574
136    63.82112164854831
138    63.81267974028724
140    63.805889823540035
142    63.80051018187314
144    63.79685142816521
146    63.7955382985494
148    63.7972605750775
150    63.80256096946944
152    63.81162539744079
154    63.82407142511181
156    63.83880804986941
158    63.854094900882686
160    63.86780358677825
162    63.8777470441953
164    63.88208302340135
166    63.879568390488366
168    63.86965849728798
170    63.85247302313873
173    63.81466484581468
176    63.765772959039154
179    63.70996353633282
182    63.65120560334547
185    63.59279707917928
188    63.537010857828605
191    63.4849611321724
194    63.43663471447023
197    63.39119408076904
200    63.34742550146244
203    63.30424659875753
206    63.26107420837605
209    63.21789389777476
212    63.17513285461297
215    63.1334460819009
218    63.09345550792516
221    63.05553341718018
224    63.0197205629841
227    62.9857093723121
230    62.9528584253968
233    62.920336446755506
236    62.887320711283365
239    62.85314379252169
243    62.8050580226751
247    62.75377521545258
251    62.699505654162735
255    62.64285623034982
259    62.58459623731075
263    62.52550940222872
267    62.46629177824467
271    62.40745175615019
275    62.34920726802012
279    62.29157492617918
283    62.23457397908812
287    62.17820899756741
291    62.12241232474164
295    62.06714179093092
299    62.01240224629203
303    61.95819350519315
307    61.90454007470832
312    61.83837667883881
317    61.77342664841646
322    61.7099495220639
327    61.64814621164308
332    61.58802983365581
337    61.5293013752529
342    61.47141400372163
347    61.413818076408205
352    61.35605672878587
357    61.29780884559698
362    61.23899285452541
367    61.17972071139526
372    61.120323478314916
377    61.06158989215315
383    60.99398035249551
389    60.93262554027994
395    60.88130350543504
401    60.84380900201019
407    60.82338850549543
413    60.822137997197686
419    60.84046351608497
425    60.87682134546664
431    60.927839733502694
437    60.988846417153546
443    61.05470944813155
449    61.12067479138567
456    61.19278033748918
463    61.25597018899681
470    61.308485428362516
477    61.3505308491017
484    61.383895506371324
491    61.411409224033704
498    61.43624352310765
505    61.46108185245872
512    61.4878041003439
519    61.5177339134718
527    61.55699019234288
535    61.60223555787599
543    61.65347450853156
551    61.71010922623286
559    61.77102999689012
567    61.83480532040818
575    61.89992229147091
583    61.96494534388444
592    62.03636922930873
601    62.104373771693645
610    62.16749525314318
619    62.224669443098804
628    62.27558173051682
637    62.32075154892815
646    62.36140664989756
655    62.39924064530229
665    62.44012153878143
675    62.48175765289389
685    62.5255121265204
695    62.57201735773067
705    62.621299302489476
715    62.67302413525758
725    62.726672023604934
736    62.78722669674141
747    62.84880307835962
758    62.91103592572056
769    62.973729594282695
780    63.036741838213416
791    63.099965443826164
803    63.169032981485856
815    63.237995050137705
827    63.30667611912138
839    63.3750334301144
851    63.44327352703833
863    63.51190895929514
876    63.587521894043
889    63.665345801360615
902    63.746117715416744
915    63.83030300617805
928    63.918274176067165
942    64.0178272515027
956    64.12294440716877
970    64.23358766012635
984    64.34875985285706
998    64.46685208955138
1010    64.5691942623044
1020    64.65470258690007
1030    64.74015797005657
1050    64.9107139838772
1070    65.08102916646257
1090    65.25127932305841
1110    65.4215316953025
1130    65.59192458131119
1150    65.76264921914654
1170    65.93407988156093
1190    66.10665818564415
1210    66.280557320231
1230    66.45557695507681
1250    66.6312045832014
1270    66.80680580101766
1290    66.98152075433663
1310    67.15389456911582
1330    67.3213114442366
1350    67.47934777873984
1370    67.6215289537532
1390    67.73975208394108
1410    67.8259000239923
1430    67.87535257180136
1450    67.89112260187721
1470    67.88615710689615
1490    67.88159479408162
1510    67.9005691608368
1530    67.96058166033666
1550    68.06856612935749
1570    68.22081808738555
1590    68.40685797644913
1610    68.61423632661884
1630    68.83210828404387
1650    69.05302625456319
1670    69.27299069292167
1690    69.49029463261812
1710    69.70420805657506
1730    69.91434136908782
1760    70.22257885317586
1790    70.52292506751057
1820    70.81563685172469
1850    71.10040832165618
1880    71.37633807929184
1910    71.64214877280367
1940    71.89638488388101
1970    72.13742831091182
2000    72.36330692514555
2030    72.57171942991448
2060    72.76059740921853
2090    72.92799577191913
2120    73.07214035182646
2150    73.19161112917735
2180    73.28535740297798
2210    73.35282653457385
2240    73.39407493300496
2270    73.4097182914113
2300    73.40083453178713
2330    73.36886637208727
2360    73.31548084220893
2390    73.24244191771483
2420    73.15153988061671
2460    73.00612679674416
2500    72.83864035723245
2540    72.65451501307498
2580    72.45833298256468
2620    72.25403413648908
2660    72.04510723212604
2700    71.83444598797007
2740    71.62440691076588
2780    71.41704444920516
2820    71.2139418708218
2860    71.016220506617
2900    70.82488178458567
2940    70.6407993752261
2980    70.46457621842359
3020    70.29652955498644
3060    70.13700234070689
3100    69.98651267379648
3150    69.81175247083118
3200    69.65206418144464
3250    69.50768486271916
3300    69.37904558704335
3350    69.26638249775473
3400    69.16973722663069
3450    69.08893785612366
3500    69.02377396142832
3550    68.97415965491763
3600    68.94010114728736
3650    68.92180533156522
3700    68.91943353740629
3750    68.93303787190585
3800    68.96288198062163
3860    69.02075737277578
3920    69.10319916834476
3980    69.21064604314333
4040    69.3432242872067
4100    69.50072802697355
4160    69.68227120080596
4220    69.8866857293321
4280    70.11238434758667
4340    70.35687446239999
4400    70.61644015167258
4460    70.88640755897954
4520    71.16122784386151
4590    71.47857736012833
4660    71.77941790611479
4730    72.04821460594725
4800    72.26792601646716
4870    72.4222816886806
4940    72.4996082117639
5010    72.49753343482247
5080    72.4216047274228
5150    72.27644976781849
5220    72.06285751837947
5300    71.7382405279303
5380    71.3394898950384
5460    70.88618185091576
5540    70.40314982398907
5620    69.91423807477608
5700    69.43829150002416
5780    68.98886042240437
5860    68.57491057948282
5950    68.15743578552761
6040    67.792901298283
6130    67.48245871957553
6220    67.22756916974693
6310    67.02957035031659
6400    66.88973429749286
6490    66.80929167329631
6580    66.78915086823068
6680    66.83873446714145
6780    66.96426246142457
6880    67.16477991102306
6980    67.43880943279692
7080    67.78328020687792
7180    68.19149228463706
7280    68.65049030811434
7390    69.18708835332812
7500    69.71286181096339
7610    70.17280171659621
7720    70.51567411185033
7830    70.71106041397194
7940    70.75521850898517
8060    70.6483274280685
8180    70.40730124744913
8300    70.06073504666418
8420    69.63594628758824
8540    69.15768512975455
8660    68.64746552631682
8790    68.07906397987298
8920    67.51278539098473
9050    66.96441590987558
9180    66.44820921411859
9310    65.97735986628551
9450    65.53531519398766
9590    65.17327792841033
9730    64.9022156582998
9870    64.7314697093527
10010    64.66966925659976
10160    64.73537936319048
10310    64.94999101867182
10460    65.3285796531128
10610    65.88965313077577
10760    66.65216146442572
10920    67.69621138627993
11080    68.9429253859756
11240    70.25090748091287
11400    71.32510062315968
11570    71.79548634975441
11740    71.3148328092517
11910    70.01552180674727
12080    68.32441583873754
12260    66.55122431388884
12440    65.02496806790151
12620    63.79733183640106
12800    62.85581850861864
12990    62.148343342344845
13180    61.71177159884183
13370    61.53249597659377
13560    61.612997937545515
13760    61.99461565334964
13960    62.70376058804176
14160    63.767185031417085
14370    65.25039207091831
14580    66.86789412810626
14790    67.97116977054615
15010    67.81781714399077
15230    66.33501879685832
15450    64.31951069108968
15670    62.49022978707193
15900    61.06774070985685
16130    60.192274317698775
16360    59.926249906334824
16600    60.308093164849936
16840    61.180823352675894
17080    62.12134259396631
17330    62.50142352211758
17580    61.90361446712217
17840    60.30943158258509
18100    57.972039128496746
18360    55.421306001186736
18630    53.10536913781267
18900    51.321905954507415
19170    50.06746667380523
19450    49.30657835313195
19730    49.050047641954166
20000    49.058921536043854
