20    67.24220324436604
20.3    67.26329805426644
20.6    67.28335401580803
20.9    67.30139047346167
21.2    67.31650389573562
21.5    67.32838323163416
21.8    67.33766219843763
22.1    67.34592109280305
22.4    67.35527193534418
22.7    67.3676826966853
23    67.38432935300051
23.3    67.40524682140277
23.6    67.429404943471
23.9    67.45514128734641
24.2    67.48074823161761
24.6    67.51265269327578
25    67.5410252809905
25.4    67.56615407183813
25.8    67.58885833723647
26.2    67.60968309408415
26.6    67.62869406328622
27    67.64577545291337
27.4    67.66099724420773
27.8    67.67469751551555
28.2    67.6872985552854
28.6    67.6990703878615
29    67.71004404385403
29.4    67.72009056481176
29.8    67.72905424176403
30.2    67.73683799476564
30.6    67.7434294779006
31    67.74890468364046
31.5    67.75443345054646
32    67.75891672384901
32.5    67.76278582410342
33    67.7663030552669
33.5    67.76951201447307
34    67.77232595927468
34.5    67.77465396452837
35    67.77645345280233
35.5    67.77769902751002
36    67.77835845113508
36.5    67.77842186838197
37    67.77794822448882
37.5    67.77706576125338
38    67.77591268221894
38.6    67.7742820487806
39.2    67.77238942396377
39.8    67.77017985631714
40.4    67.76759209391903
41    67.76456182194477
41.6    67.7610065182869
42.2    67.75685535434837
42.8    67.75210730897808
43.4    67.7468410113965
44    67.74117203454853
44.6    67.7352364282468
45.2    67.72921740461055
45.9    67.72234184610306
46.6    67.71569298148017
47.3    67.70893531279185
48    67.70147498764373
48.7    67.69277298727755
49.4    67.68249284055976
50.1    67.67050600632913
50.8    67.65683165841922
51.5    67.64151731714408
52.2    67.62459342314361
53    67.60340149446583
53.8    67.58048336932958
54.6    67.55608164012855
55.4    67.53045686384593
56.2    67.50408090914908
57    67.47768968599092
57.8    67.45210340284491
58.6    67.42792305177805
59.5    67.402588820413
60.4    67.37888019861649
61.3    67.35606209921139
62.2    67.3331472124256
63.1    67.30911789596442
64    67.28311572284494
64.9    67.25444992052505
65.8    67.22262013577785
66.8    67.18320051162524
67.8    67.13930600415013
68.8    67.09087102448854
69.8    67.03815510625066
70.8    66.98173565341651
71.8    66.92239581424522
72.8    66.86096868591281
73.9    66.7918420250482
75    66.72190330885468
76.1    66.65201361875728
77.2    66.5830181324101
78.3    66.51576029508728
79.4    66.45128009578048
80.6    66.3859971686442
81.8    66.32880550177936
83    66.28286800551027
84.2    66.25109361525999
85.4    66.23572537593442
86.6    66.23809082990249
87.9    66.26105367529448
89.2    66.30438791140855
90.5    66.3658784064981
91.8    66.44206890107293
93.1    66.52857493413099
94.5    66.62765121788885
95.9    66.72692171735835
97.3    66.82100459220833
98.7    66.9057476822731
100    66.97372228553675
102    67.05633886552317
104    67.11330229323161
106    67.14795945625659
108    67.16455866775487
110    67.16711864688453
112    67.15925799574484
114    67.14401329719577
116    67.12358301338583
118    67.09932674569683
120    67.07192656830532
122    67.04164904584962
124    67.00874058564332
126    66.9737715493265
128    66.93727962904812
130    66.89963553294129
132    66.86108545248943
134    66.82180644534162
136    66.78188968832443
138    66.7413542908435
140    66.70019631252164
142    66.65839912247408
144    66.61595851149097
146    66.57292834068413
148    66.5293768192675
150    66.48532738183536
152    66.4407484796855
154    66.3955795472149
156    66.34975955127669
158    66.30325501768277
160    66.2561191823475
162    66.20857162011481
164    66.16100667825597
166    66.11394246514467
168    66.06795286995515
170    66.02359802618312
173    65.9611066048374
176    65.9042387203402
179    65.85312953124449
182    65.80721214217235
185    65.76547916591409
188    65.72680019376793
191    65.69010355631937
194    65.65439873968653
197    65.61862005418203
200    65.58166397069832
203    65.54253328938981
206    65.50060433401944
209    65.45568723929026
212    65.40786322060495
215    65.35737335202559
218    65.30461834470218
221    65.25016138653353
224    65.19459819257125
227    65.13835935455758
230    65.08163513335289
233    65.02444253017259
236    64.96672501046044
239    64.90839451601826
243    64.82956187076655
247    64.74949189078244
251    64.66820367053718
255    64.58591210797806
259    64.502958900823
263    64.41962560213801
267    64.33610245321314
271    64.2524870261318
275    64.16871557316838
279    64.08464011255359
283    64.0001930219039
287    63.91541565705836
291    63.83043200735695
295    63.7453684216265
299    63.66023613170059
303    63.5750037234646
307    63.489747145359445
312    63.383273976493285
317    63.2768221512757
322    63.17003994881861
327    63.062478595859574
332    62.953683018474855
337    62.843227044933926
342    62.73087023945098
347    62.616690887608456
352    62.501267918791285
357    62.385774354083786
362    62.27190776477016
367    62.16178454786101
372    62.05782337899979
377    61.96265643780494
383    61.863810480175246
389    61.78552293915748
395    61.730611752728635
401    61.70004486039149
407    61.69247415006909
413    61.704089931184086
419    61.72914236012712
425    61.76104675813463
431    61.79361863358359
437    61.82189294996814
443    61.84257108788299
449    61.85402243164391
456    61.855494214285784
463    61.84543406588079
470    61.82598189172124
477    61.79970398409739
484    61.76933779674086
491    61.73759111791814
498    61.70704480884092
505    61.68024984343557
512    61.65994550090686
519    61.649233896056074
527    61.652992404559654
535    61.67767745622275
543    61.7245063131367
551    61.790893579262985
559    61.87128767168929
567    61.95838180754407
575    62.04384923883346
583    62.11980886423314
592    62.18825464745767
601    62.23998089241411
610    62.28286515274857
619    62.32556600217077
628    62.37198539533554
637    62.420850067258854
646    62.468672951118634
655    62.5121903544191
665    62.55299975917451
675    62.58521214009781
685    62.610181720530555
695    62.630475486005466
705    62.64847304906064
715    62.665898338867635
725    62.68360883996898
736    62.70337710306488
747    62.723139461893915
758    62.74332357702765
769    62.76497508536994
780    62.78908557964594
791    62.816416716072155
803    62.850580445013755
815    62.88971986245565
827    62.93392974451284
839    62.98301217595629
851    63.03643289372384
863    63.09312351268555
876    63.157127071743865
889    63.223550431629135
902    63.29276609339561
915    63.365128865144015
928    63.440732314033085
942    63.525806156525334
956    63.614487798632
970    63.706407366747136
984    63.80108592925293
998    63.89784303409891
1010    63.98185181224909
1020    64.0522491663069
1030    64.12278944793218
1050    64.26412670642358
1070    64.40596957756145
1090    64.54810788763835
1110    64.68984007995454
1130    64.83094963929733
1150    64.9721762474135
1170    65.11482709270544
1190    65.259948117845
1210    65.40786501644209
1230    65.55839813373461
1250    65.7112623272784
1270    65.86602916976787
1290    66.02181515205844
1310    66.17763489968614
1330    66.3328768861065
1350    66.48716670683257
1370    66.64031375038476
1390    66.79212613618071
1410    66.94233207503072
1430    67.09100205308036
1450    67.23843268664837
1470    67.38476202011464
1490    67.52991636437801
1510    67.67364369231498
1530    67.81554038142131
1550    67.95522689701107
1570    68.09253036910034
1590    68.227471742729
1610    68.3602058957822
1630    68.49101903140988
1650    68.62016673595099
1670    68.74779701219404
1690    68.8739534769544
1710    68.998609665907
1730    69.12178959971774
1760    69.304459482589
1790    69.48598237036373
1820    69.66722824695537
1850    69.8480278761075
1880    70.02773518426591
1910    70.20602819473554
1940    70.38332800447881
1970    70.56060546841042
2000    70.73834191445368
2030    70.91637246980689
2060    71.09430242516594
2090    71.27179581273487
2120    71.44872387068375
2150    71.62488824764998
2180    71.80000040342674
2210    71.97363025543338
2240    72.14541654676367
2270    72.31503695215835
2300    72.48212481578314
2330    72.64635696562307
2360    72.80723026124879
2390    72.96387614213859
2420    73.11536340859627
2460    73.30827497420667
2500    73.48996490343899
2540    73.65971966070029
2580    73.81647680374267
2620    73.9588588395095
2660    74.08556272446552
2700    74.19556546313223
2740    74.28809517935059
2780    74.3625105003565
2820    74.41824982657295
2860    74.45519462444183
2900    74.47377799032681
2940    74.47449066219885
2980    74.45793998613422
3020    74.42557346061062
3060    74.37930041508429
3100    74.32062663403755
3150    74.23163863968503
3200    74.12756610334476
3250    74.01075197115898
3300    73.88420498197848
3350    73.75188765268109
3400    73.61720563704293
3450    73.48238234279266
3500    73.34875725923106
3550    73.21757556734231
3600    73.09070438557578
3650    72.97028096228007
3700    72.85788459112322
3750    72.75440687853009
3800    72.66083078346948
3860    72.56319834164624
3920    72.48261770378633
3980    72.42014790637342
4040    72.37703056140603
4100    72.35404775945977
4160    72.35127068109853
4220    72.36907540268089
4280    72.40894630477257
4340    72.47182613996549
4400    72.55523306191692
4460    72.65272697660387
4520    72.75332699078035
4590    72.86239619176966
4660    72.98352091164574
4730    73.18019222005913
4800    73.47787675217145
4870    73.84478004676113
4940    74.255444404178
5010    74.68306959843781
5080    75.09087174681042
5150    75.46332194799973
5220    75.7975018159373
5300    76.11162376323172
5380    76.32884838515884
5460    76.44537753427198
5540    76.45328228306572
5620    76.34399387555551
5700    76.14094360381155
5780    75.87343348071909
5860    75.56698438651554
5950    75.21623124403528
6040    74.8813937516382
6130    74.57770846694555
6220    74.31873715140404
6310    74.10288556665438
6400    73.92164655075297
6490    73.77513343094137
6580    73.66099007829581
6680    73.56329333138434
6780    73.49124556279543
6880    73.43326692690886
6980    73.37754839637253
7080    73.31355476666975
7180    73.2273041011932
7280    73.10704753396382
7390    72.92260757456958
7500    72.67680149546001
7610    72.3643127266798
7720    71.99003915493597
7830    71.58178772425441
7940    71.17927858977882
8060    70.79333718957496
8180    70.48567258842263
8300    70.23873721277049
8420    69.99134593090577
8540    69.67077872379996
8660    69.23747655509595
8790    68.64755890746218
8920    67.98005004809758
9050    67.29317773252899
9180    66.63397673907326
9310    66.03052811749646
9450    65.45677529516388
9590    64.96286850566956
9730    64.54736831781962
9870    64.21303220024177
10010    63.96278471810446
10160    63.79072466878878
10310    63.72207107880338
10460    63.75983516898171
10610    63.908213175383935
10760    64.17152372295335
10920    64.57091219929052
11080    65.06590767657747
11240    65.61371028325769
11400    66.14505836211039
11570    66.58505522896941
11740    66.77664466140254
11910    66.6348989899403
12080    66.1721615845785
12260    65.44096685684644
12440    64.57734743978226
12620    63.66209172936543
12800    62.7865121243791
12990    61.99594396898601
13180    61.35018280455776
13370    60.79348361194429
13560    60.2888915855531
13760    59.82026920731958
13960    59.442520029694045
14160    59.17679485910995
14370    59.022352874410004
14580    58.98291019966922
14790    59.04028509231602
15010    59.18701501342579
15230    59.40349831494015
15450    59.656422094322636
15670    59.89464739647545
15900    60.061246856740055
16130    60.09158249689024
16360    59.990523319634235
16600    59.810232164156304
16840    59.58788949352302
17080    59.312215764204076
17330    58.97208208551673
17580    58.55540713892866
17840    57.979947572843194
18100    57.199735555249525
18360    56.216193975279
18630    55.055898160779535
18900    53.84403046792633
19170    52.65335657269131
19450    51.517572398611904
19730    50.59747182857467
20000    50.12735702633863
