20    65.98499285345125
20.3    66.01573896508432
20.6    66.04597375383958
20.9    66.07559408791349
21.2    66.10443933531658
21.5    66.13232825793756
21.8    66.15909049501684
22.1    66.18460287072699
22.4    66.2088016307031
22.7    66.23167857311864
23    66.25327012977803
23.3    66.27364716344766
23.6    66.29290545013264
23.9    66.31116045324302
24.2    66.32853999550647
24.6    66.35057608568572
25    66.37157929156571
25.4    66.39178474818877
25.8    66.41133759837554
26.2    66.43029538349155
26.6    66.44865156048138
27    66.46635886259884
27.4    66.4833492761712
27.8    66.49954410859837
28.2    66.51486709228988
28.6    66.52926603910194
29    66.54272779170441
29.4    66.55527664719814
29.8    66.56696129382769
30.2    66.57783126564124
30.6    66.58792892158212
31    66.59729582224207
31.5    66.60804212616515
32    66.61777865432111
32.5    66.62650660272661
33    66.63415309165822
33.5    66.64062756383964
34    66.6458962250344
34.5    66.65002350354484
35    66.65314037216731
35.5    66.65538548458593
36    66.6568610852459
36.5    66.6576132576804
37    66.6576317109583
37.5    66.65687391699667
38    66.65529298668713
38.6    66.65227184997951
39.2    66.64803448783127
39.8    66.64264676468032
40.4    66.636200339439
41    66.62877495256575
41.6    66.6204388635511
42.2    66.61127504783983
42.8    66.60139871806643
43.4    66.59095383124719
44    66.58010951334407
44.6    66.56904789428725
45.2    66.55792707356196
45.9    66.54497734001288
46.6    66.531996893268
47.3    66.51879667661157
48    66.50515115873736
48.7    66.4908588540646
49.4    66.47574564644985
50.1    66.45965533552206
50.8    66.44244947607777
51.5    66.42403459944981
52.2    66.40439383450713
53    66.38053776975886
53.8    66.35537721797442
54.6    66.3291404666792
55.4    66.3019631228548
56.2    66.27384618785904
57    66.24472523618715
57.8    66.21456865663407
58.6    66.1834600074601
59.5    66.1475610802388
60.4    66.11095463933222
61.3    66.07377742092507
62.2    66.03613808693467
63.1    65.99827963068049
64    65.96062196168535
64.9    65.92365168186393
65.8    65.8878049573978
66.8    65.84968123439754
67.8    65.81345496440652
68.8    65.7786209808611
69.8    65.74412823251316
70.8    65.70888419419467
71.8    65.67199868071697
72.8    65.63279630846885
73.9    65.5865857426563
75    65.53701668397758
76.1    65.48400654393602
77.2    65.42757343311358
78.3    65.36800377336016
79.4    65.30579690046864
80.6    65.23557685439954
81.8    65.16351959451458
83    65.09008088683174
84.2    65.01559315990136
85.4    64.94045551941181
86.6    64.86513767951504
87.9    64.78377624976474
89.2    64.70284994328004
90.5    64.6222557764114
91.8    64.54170213331483
93.1    64.46086250936752
94.5    64.37315696922315
95.9    64.2845269511231
97.3    64.19485040772798
98.7    64.10410246944616
100    64.01889942314817
102    63.88612968951299
104    63.751276056458885
106    63.61402642146075
108    63.47385255019118
110    63.33036382429525
112    63.18377912473561
114    63.03472404582322
116    62.884569595073046
118    62.73564807931324
120    62.59040363593594
122    62.45149841347856
124    62.321930564648
126    62.20466760527344
128    62.10338233073887
130    62.0226736547533
132    61.96760053001101
134    61.94295892574496
136    61.95221246058219
138    61.99659106965363
140    62.07454547759076
142    62.1815824029442
144    62.310388900105664
146    62.4514047889063
148    62.59387613678886
150    62.7270896450921
152    62.84163650625881
154    62.930446398913176
156    62.989312430155074
158    63.01684721328002
160    63.01406897113421
162    62.98389788424847
164    62.9305722189712
166    62.85891706192757
168    62.77378281026212
170    62.679681532816296
173    62.530213580809885
176    62.38027436173563
179    62.23799629811697
182    62.108999005366414
185    61.996734282288216
188    61.90229587894789
191    61.82425737338433
194    61.759282053885414
197    61.70308364545659
200    61.65114543036066
203    61.599540586949814
206    61.5455337825544
209    61.48778530788347
212    61.42639657836307
215    61.36268912967821
218    61.29851815094779
221    61.23538814063317
224    61.174216944550174
227    61.115759115997434
230    61.06079748657574
233    61.0101084045609
236    60.964383445076614
239    60.92414967174874
243    60.87946441393735
247    60.844853229029795
251    60.81937853828677
255    60.80131929760768
259    60.78834150975669
263    60.777797584870754
267    60.76711180381171
271    60.75411365392837
275    60.737327476013526
279    60.71617472245168
283    60.69088978237907
287    60.66214212993518
291    60.630719099891806
295    60.59745894280855
299    60.56318653509705
303    60.528595181146464
307    60.49419225800352
312    60.451845798704674
317    60.41022979663054
322    60.36912533337367
327    60.32836801631221
332    60.287813555668755
337    60.2472432942578
342    60.20638472620951
347    60.165080715865955
352    60.123340120598996
357    60.0812793158744
362    60.03920010492527
367    59.997763751777036
372    59.95815193929893
377    59.92229660040684
383    59.88793876543767
389    59.867579013997144
395    59.86573811694713
401    59.886292394576884
407    59.93126597582889
413    60.00056909698945
419    60.092256840790355
425    60.20269894036959
431    60.326932242850894
437    60.45869768902796
443    60.59144923093284
449    60.7199100120326
456    60.85962564004133
463    60.9850701760121
470    61.094498298436676
477    61.18774944229358
484    61.266129754900746
491    61.33207777483098
498    61.38878983438585
505    61.43994140826146
512    61.489416025548394
519    61.54094972858336
527    61.60634310206642
535    61.68151132321207
543    61.7674229536412
551    61.86320385636634
559    61.966636971093514
567    62.074729244847845
575    62.18426915932757
583    62.29236987439285
592    62.40962953596944
601    62.52041419309445
610    62.62352756947
619    62.71821968436284
628    62.80409010034808
637    62.881251305206966
646    62.95042168095348
655    63.01279927040837
665    63.07596156170355
675    63.134710412494144
685    63.19098868271671
695    63.246478051519176
705    63.30253629309306
715    63.360072035824146
725    63.419330381915586
736    63.48605549484436
747    63.553522406758354
758    63.6208290807472
769    63.687347592154616
780    63.75283482605661
791    63.81732738875706
803    63.88679010821934
815    63.95567157015168
827    64.02440629648973
839    64.0934532410945
851    64.16319057500228
863    64.23401411717191
876    64.31242442881134
889    64.3929195568517
902    64.47568899830246
915    64.56076554277203
928    64.64797584914191
942    64.7438080059732
956    64.84094165470358
970    64.9386294530139
984    65.036129302868
998    65.13281785588343
1010    65.21462217154266
1020    65.28177850449097
1030    65.34782383038473
1050    65.4760926784415
1070    65.59885219204597
1090    65.71588138792146
1110    65.8271191853622
1130    65.93259780491978
1150    66.03248077901134
1170    66.12700410158826
1190    66.21649753394956
1210    66.3013614164859
1230    66.3821589369615
1250    66.45953911868241
1270    66.53419610061214
1290    66.60687630039656
1310    66.67831175805824
1330    66.7492415072877
1350    66.82039854112304
1370    66.8924940933332
1390    66.96612254791128
1410    67.04175023984989
1430    67.11986261724523
1450    67.20104821583236
1470    67.28591282767088
1490    67.37499516768739
1510    67.4687114451247
1530    67.56732594483299
1550    67.6709913775376
1570    67.77974849672165
1590    67.89348333841457
1610    68.01197504310761
1630    68.13481128499157
1650    68.26156063252469
1670    68.39188378736014
1690    68.5255304639962
1710    68.66225168774625
1730    68.80174422354887
1760    69.01547128019672
1790    69.2333574260031
1820    69.45376477828432
1850    69.67502995084261
1880    69.89557195724225
1910    70.11380295561494
1940    70.32826758134789
1970    70.53764775151393
2000    70.74079398992048
2030    70.93701988706391
2060    71.12606920107764
2090    71.30813855475509
2120    71.48398334927148
2150    71.6547763372335
2180    71.82193584127643
2210    71.98673908844661
2240    72.15008746740568
2270    72.31240854211316
2300    72.47383559662265
2330    72.63424916644347
2360    72.79321402833811
2390    72.95003322556514
2420    73.10385063616488
2460    73.30269483310543
2500    73.49267762935185
2540    73.67213122851038
2580    73.83981859619922
2620    73.99507916441445
2660    74.13745124700515
2700    74.26656028246086
2740    74.38220366609697
2780    74.48412380814055
2820    74.57215893858765
2860    74.64598958449221
2900    74.70521258720021
2940    74.74960526254303
2980    74.7792751596609
3020    74.79495031807002
3060    74.79823458980675
3100    74.79178254311049
3150    74.77602132441817
3200    74.76031399870294
3250    74.75255789606597
3300    74.75718777152187
3350    74.77414646889869
3400    74.79955787496023
3450    74.8278746868051
3500    74.85402730665538
3550    74.8738325315186
3600    74.88423712497287
3650    74.88350392581174
3700    74.87080203229866
3750    74.84583924890993
3800    74.80865352667739
3860    74.74790283623787
3920    74.66941863874224
3980    74.57314192124393
4040    74.45901312358649
4100    74.32712172950318
4160    74.17802339546014
4220    74.01300966057624
4280    73.83394275498945
4340    73.64260194688639
4400    73.44071866586506
4460    73.23025200694022
4520    73.01317399823807
4590    72.75412391620941
4660    72.49187221574556
4730    72.22920160277707
4800    71.96828366088194
4870    71.71139033091151
4940    71.46083051893737
5010    71.21924320417509
5080    70.98983034159353
5150    70.77497105707971
5220    70.57458889821734
5300    70.35957019976811
5380    70.15441786246893
5460    69.95722208040996
5540    69.76885084393521
5620    69.59005460274733
5700    69.42045566825229
5780    69.2581757720856
5860    69.0959836006653
5950    68.88599189259904
6040    68.60079510533292
6130    68.260972061346
6220    68.08113206522569
6310    68.3636358223878
6400    69.11183570946835
6490    70.03626912355874
6580    70.91879407496471
6680    71.75134386584114
6780    72.37863703856976
6880    72.77871643168548
6980    72.98678581537048
7080    73.07182211403128
7180    73.09054014704111
7280    73.07144179571458
7390    73.00995670632918
7500    72.88795998903984
7610    72.67988395271573
7720    72.35742259888727
7830    71.89917549870223
7940    71.30822359077379
8060    70.53852156417584
8180    69.66939013060798
8300    68.73798174694005
8420    67.78139382010744
8540    66.83190879730535
8660    65.91432708163985
8790    64.9754507688141
8920    64.10528472713008
9050    63.309936287894416
9180    62.5927173022976
9310    61.95550652505685
9450    61.362178889182346
9590    60.869170573816376
9730    60.47915972185078
9870    60.19454422232013
10010    60.01442912026604
10160    59.93129553755922
10310    59.959922433732615
10460    60.10038891061132
10610    60.34889341016939
10760    60.693304469177605
10920    61.14695888168825
11080    61.66043237504108
11240    62.164847300934014
11400    62.562825936712976
11570    62.76799405045912
11740    62.693008269492196
11910    62.382031325432266
12080    61.994464967423156
12260    61.71856258403295
12440    61.73505273261634
12620    62.06520076850397
12800    62.61876484193287
12990    63.29776655395909
13180    63.92542388406405
13370    64.38145913368912
13560    64.56646086499661
13760    64.38670385735558
13960    63.82942447870033
14160    62.997769281541295
14370    61.94624583411765
14580    60.828884926496634
14790    59.75495000697802
15010    58.72356406502473
15230    57.81532984482992
15450    57.0711444313674
15670    56.53698155519021
15900    56.225489589622995
16130    56.13602790495679
16360    56.25488230547306
16600    56.49486479154308
16840    56.62844236958055
17080    56.550539896748106
17330    56.216756333649016
17580    55.691798992293755
17840    55.1551970830506
18100    54.81573687300819
18360    54.70122348268701
18630    54.839180575078565
18900    55.24423387119681
19170    55.653066953759044
19450    55.55071103859323
19730    54.65511924914351
20000    53.80380469112352
