20    69.64691990889312
20.3    69.63182800901565
20.6    69.61674771432968
20.9    69.60147891861854
21.2    69.58590139047638
21.5    69.56998978356076
21.8    69.55378699219156
22.1    69.53737480505033
22.4    69.52087589405369
22.7    69.50447149093542
23    69.48839467141806
23.3    69.47287372630919
23.6    69.45804293311826
23.9    69.44385406036666
24.2    69.43003001216525
24.6    69.4113277218221
25    69.3911391646475
25.4    69.36855754797064
25.8    69.34344584996508
26.2    69.3164506688938
26.6    69.28863912195868
27    69.26099762354164
27.4    69.23408558149275
27.8    69.20799249633052
28.2    69.18251856056511
28.6    69.15739280431552
29    69.13237879812196
29.4    69.10726247010103
29.8    69.08183129680233
30.2    69.05590886858965
30.6    69.02942014807651
31    69.00243288951837
31.5    68.96829499354874
32    68.93413474030774
32.5    68.90029058756892
33    68.86691419567917
33.5    68.8340396316612
34    68.80166708502438
34.5    68.7697573958684
35    68.738162562767
35.5    68.70659811770184
36    68.67470304236589
36.5    68.64216326300999
37    68.60881677672057
37.5    68.57465195270836
38    68.53970010691175
38.6    68.49667409828375
39.2    68.45238547117168
39.8    68.40707495534713
40.4    68.36157552269842
41    68.3171151277846
41.6    68.27483982655001
42.2    68.23550456675343
42.8    68.19944219265614
43.4    68.16661109859128
44    68.1366301777271
44.6    68.1088344620375
45.2    68.08233791178267
45.9    68.05165936308757
46.6    68.01954133115561
47.3    67.98427963737586
48    67.94418871103841
48.7    67.897577919452
49.4    67.84351592389922
50.1    67.7831485344044
50.8    67.71978092221144
51.5    67.65713029111961
52.2    67.59812661343699
53    67.53872702948925
53.8    67.49125940154475
54.6    67.4547584113059
55.4    67.42342329447854
56.2    67.39197451006687
57    67.35827631993982
57.8    67.32145891933236
58.6    67.28076599657712
59.5    67.23005356095484
60.4    67.17471935050523
61.3    67.11636186175845
62.2    67.05730278657879
63.1    66.99974228522605
64    66.94490523394441
64.9    66.89264476615097
65.8    66.84193679270032
66.8    66.78622641819231
67.8    66.73053840829522
68.8    66.67479976785135
69.8    66.61925761869932
70.8    66.56415675584324
71.8    66.50961850282184
72.8    66.4556529308562
73.9    66.39686495461662
75    66.33857428717602
76.1    66.28065011632542
77.2    66.22292642584
78.3    66.16538986654166
79.4    66.10816044650748
80.6    66.04604035859907
81.8    65.98386378739227
83    65.9211548812219
84.2    65.85773054444444
85.4    65.79375625952869
86.6    65.72963383249888
87.9    65.66067760639494
89.2    65.59304353968517
90.5    65.52727273553688
91.8    65.46361170490788
93.1    65.40223007252882
94.5    65.33861383715492
95.9    65.2768739365903
97.3    65.2156618888397
98.7    65.15369711193992
100    65.09492511475023
102    65.00219238509312
104    64.90687531919542
106    64.80904105821558
108    64.70928368630439
110    64.60806167352935
112    64.50524069418664
114    64.40029212325749
116    64.29325840030812
118    64.18512231568079
120    64.07777084321084
122    63.97397760369491
124    63.87756062055969
126    63.79348578085734
128    63.727286111533125
130    63.68370830735358
132    63.66520677874206
134    63.67062219369288
136    63.69518669995422
138    63.73159655411859
140    63.77139828667717
142    63.80612952577313
144    63.8286024052886
146    63.834188126573224
148    63.821871230146854
150    63.79458017593467
152    63.75868504345844
154    63.72285763602911
156    63.696579667240336
158    63.68866117707113
160    63.70596919064849
162    63.75237974813999
164    63.828230499772964
166    63.930494053101896
168    64.05334458457446
170    64.18899621859813
173    64.39748654745328
176    64.58777180538911
179    64.73971972128837
182    64.84336425116085
185    64.89833072273836
188    64.91095291655537
191    64.89064458473874
194    64.84715831459872
197    64.78879898120275
200    64.72159007117679
203    64.64958338388396
206    64.57542962042828
209    64.50065629461476
212    64.42600202112769
215    64.35183406161802
218    64.27843517809202
221    64.20608416548544
224    64.1350741513827
227    64.0657488598386
230    63.99850150134456
233    63.93380985549372
236    63.872263383285414
239    63.81447077206448
243    63.74411728153867
247    63.68215104190523
251    63.62878399293635
255    63.58339876103774
259    63.54460449738806
263    63.51060245699128
267    63.47937101632564
271    63.448809124396774
275    63.41702611466158
279    63.38265563322367
283    63.34497390126161
287    63.3037658144836
291    63.2591190837945
295    63.21138061120091
299    63.161087999995495
303    63.108749766483825
307    63.05473352760217
312    62.98532092141518
317    62.91444570396072
322    62.84279874891267
327    62.77099227107465
332    62.69938235194352
337    62.627916637720396
342    62.55628333790143
347    62.484043679622815
352    62.41076673173554
357    62.33619743984133
362    62.26032579091017
367    62.183429734052126
372    62.10616488875266
377    62.02967664775436
383    61.94142247218069
389    61.860961303831665
395    61.79336398485336
401    61.744162109814376
407    61.718376614928715
413    61.71950608763138
419    61.748862794321866
425    61.80519422491132
431    61.88485277503871
437    61.9824347444022
443    62.091719815618745
449    62.20670474246906
456    62.34141557284069
463    62.47120551554707
470    62.59229383860057
477    62.702560808719255
484    62.80110588137099
491    62.888081507374764
498    62.96451668113384
505    63.0320087352297
512    63.09235876872371
519    63.14724649981916
527    63.20505349954465
535    63.259287465998085
543    63.31151154145295
551    63.36300981082195
559    63.414733071437794
567    63.46715056920487
575    63.52012092288355
583    63.572959063492206
592    63.630953711218126
601    63.6858865508228
610    63.73656988913406
619    63.782683498852215
628    63.82488858268454
637    63.86448022950049
646    63.9030295462792
655    63.942152695442886
665    63.98796471871091
675    64.03718711731194
685    64.08953435113514
695    64.14356612676782
705    64.1972695285836
715    64.24890802418281
725    64.29760970514357
736    64.34767991697457
747    64.39438584984799
758    64.43824016087456
769    64.48002371325151
780    64.52061120240356
791    64.56077498065284
803    64.60483912240504
815    64.64961298982561
827    64.69516060552611
839    64.74140716680752
851    64.78850116844762
863    64.83690573515497
876    64.89137595499207
889    64.9484432501396
902    65.00852864075874
915    65.07194518176539
928    65.13890860836077
942    65.21504585891267
956    65.29521901521146
970    65.37913916665235
984    65.46653976917895
998    65.5570351269374
1010    65.63653707879698
1020    65.703669321066
1030    65.77118689010388
1050    65.90599397839102
1070    66.03849478371315
1090    66.16713309978337
1110    66.29196935322128
1130    66.4140887761961
1150    66.5340988277544
1170    66.65194379604932
1190    66.76790847186773
1210    66.8826322839601
1230    66.9961992325384
1250    67.10783181996429
1270    67.21628818047878
1290    67.32037287883351
1310    67.4192500851182
1330    67.51251870716625
1350    67.60025201583477
1370    67.6828891438957
1390    67.76101728545265
1410    67.83539770682465
1430    67.90701723985853
1450    67.97689161220504
1470    68.0457984045
1490    68.11419735418451
1510    68.18233161013421
1530    68.25035847946786
1550    68.31845506874944
1570    68.38682672620774
1590    68.4555919628514
1610    68.52472333980215
1630    68.59410818125693
1650    68.66364094484521
1670    68.73342770290591
1690    68.80388319270295
1710    68.87554469066907
1730    68.9487893192766
1760    69.06201330213754
1790    69.17959614320202
1820    69.30157496409296
1850    69.42800918309467
1880    69.55900054986802
1910    69.69462684997546
1940    69.83475835737978
1970    69.97898312932206
2000    70.12741127302735
2030    70.28041879339332
2060    70.43835523391817
2090    70.60143706640235
2120    70.76946775951191
2150    70.9420994072614
2180    71.1192745627389
2210    71.30112522306783
2240    71.48711433470942
2270    71.67668557313213
2300    71.86982728306853
2330    72.06696587111236
2360    72.26846364418824
2390    72.4742489377357
2420    72.68381964871134
2460    72.96782014675361
2500    73.25555894279142
2540    73.54674065915086
2580    73.8407757168508
2620    74.13558273975853
2660    74.42890763240479
2700    74.71888487729814
2740    75.00361766892439
2780    75.2805309868769
2820    75.54644912948541
2860    75.79795969767781
2900    76.03203115955813
2940    76.24581793188133
2980    76.43654813907409
3020    76.60197681248502
3060    76.74035060300528
3100    76.8497536684018
3150    76.943832103465
3200    76.99193980269078
3250    76.99668047696656
3300    76.96141227639374
3350    76.89100086108974
3400    76.79173830041466
3450    76.66981479639773
3500    76.53095164021099
3550    76.38066828048622
3600    76.22336241081176
3650    76.06286174505007
3700    75.90363025149016
3750    75.74975245386216
3800    75.60406168373117
3860    75.44299186204235
3920    75.2990937527293
3980    75.17341183585427
4040    75.06679305926576
4100    74.97855114527943
4160    74.90519468155298
4220    74.8417486952271
4280    74.7826695539151
4340    74.72148953880938
4400    74.65137636169217
4460    74.56608471312555
4520    74.46035233820402
4590    74.30608389066967
4660    74.11654200688105
4730    73.896265998715
4800    73.65657306352591
4870    73.41130618645626
4940    73.1759143289109
5010    72.96670510341508
5080    72.796944041729
5150    72.67414826827059
5220    72.60095145954806
5300    72.57554969457544
5380    72.60162928247944
5460    72.6623419057917
5540    72.73851145315822
5620    72.8124493646801
5700    72.86955009776784
5780    72.89977517307472
5860    72.89854208761915
5950    72.86015926401905
6040    72.79010042391212
6130    72.70046096602275
6220    72.6046851163344
6310    72.51542590023746
6400    72.44343773487736
6490    72.39679345043487
6580    72.38085459190864
6680    72.4011477040375
6780    72.4563655471444
6880    72.53281483489086
6980    72.60761544708743
7080    72.64970719485169
7180    72.6220084981262
7280    72.48642253896568
7390    72.17473477009327
7500    71.67942998045672
7610    71.0317087608955
7720    70.2847151142482
7830    69.48231870010942
7940    68.66316693292387
8060    67.79551208070986
8180    66.99007629079894
8300    66.26390849857083
8420    65.6240081200548
8540    65.07224032724065
8660    64.60877487708717
8790    64.20739856679818
8920    63.91073184887678
9050    63.71803487846688
9180    63.626111837429576
9310    63.6301342567813
9450    63.73378727100495
9590    63.927371493816246
9730    64.1973917937882
9870    64.52898721261563
10010    64.89871710601813
10160    65.29846279485905
10310    65.6541891153422
10460    65.9233826994818
10610    66.09010675747646
10760    66.16288276399412
10920    66.15773352024912
11080    66.10798288987637
11240    66.0667341266844
11400    66.08329338129244
11570    66.20600077787314
11740    66.45728767639204
11910    66.83076447494811
12080    67.29140549011754
12260    67.80862351929648
12440    68.24838926148138
12620    68.4471453836591
12800    68.26249475135548
12990    67.657938028601
13180    66.78769108306166
13370    65.78483132761278
13560    64.70306641788933
13760    63.54059867027493
13960    62.46566660351465
14160    61.560158978867904
14370    60.71611356956582
14580    59.68138123802516
14790    58.15731634909862
15010    56.06648732985166
15230    53.831890297146224
15450    51.786903751448406
15670    50.06646035819471
15900    48.63051907816633
16130    47.57667477261185
16360    46.961229485454396
16600    46.73251149800123
16840    46.84075655229175
17080    47.34011288429567
17330    48.25610369586238
17580    49.30204581916679
17840    49.785659655069445
18100    48.7962846147159
18360    46.25288572099721
18630    43.194841878826125
18900    41.8300393050583
19170    42.56117045321869
19450    43.864327557007385
19730    44.59846247947242
20000    44.63966727436482
