20    65.78647286659321
20.3    65.81927741851521
20.6    65.8513146679468
20.9    65.88212512218402
21.2    65.91111987209493
21.5    65.93772967214623
21.8    65.96152474213179
22.1    65.98228573489456
22.4    66.00001459226888
22.7    66.01491448648814
23    66.02735402298129
23.3    66.03782655272016
23.6    66.04691258389926
23.9    66.05523799428164
24.2    66.06342065865965
24.6    66.07501865204623
25    66.08815630876396
25.4    66.10301178834007
25.8    66.11898996294693
26.2    66.13487120849675
26.6    66.14921462318298
27    66.16085666562292
27.4    66.16927208265275
27.8    66.1746408523599
28.2    66.17763351864669
28.6    66.17906090023453
29    66.17959244930222
29.4    66.17964191515291
29.8    66.17939799067334
30.2    66.17890520334905
30.6    66.17812700832661
31    66.17697186858423
31.5    66.17479319837994
32    66.17153248007452
32.5    66.16695789712288
33    66.1609319260349
33.5    66.15340419590737
34    66.14437750073117
34.5    66.13387349848489
35    66.1219063856908
35.5    66.10847702474305
36    66.09360010411658
36.5    66.07733786856843
37    66.0598012367819
37.5    66.04111716305934
38    66.02140432348193
38.6    65.9965646368513
39.2    65.97066930265969
39.8    65.9439524168572
40.4    65.91653020201174
41    65.88841298318113
41.6    65.85964636752078
42.2    65.83037200179407
42.8    65.8006942473821
43.4    65.77055208495267
44    65.7398017488091
44.6    65.70842227367154
45.2    65.67662049872251
45.9    65.63947413017654
46.6    65.60285052900966
47.3    65.56720783205029
48    65.53281913340679
48.7    65.4997144547824
49.4    65.4675982639919
50.1    65.43589424381211
50.8    65.40395104233707
51.5    65.37122031997794
52.2    65.33728833997446
53    65.29665791892258
53.8    65.2537683106792
54.6    65.20840684132347
55.4    65.16051273164672
56.2    65.11039398127429
57    65.0586918779461
57.8    65.00603894869244
58.6    64.95285220174685
59.5    64.89266096762739
60.4    64.83227974744281
61.3    64.77194573796717
62.2    64.71193602471898
63.1    64.65245486242907
64    64.5936588812692
64.9    64.53562008348888
65.8    64.4782678595686
66.8    64.41534831704834
67.8    64.35364541101245
68.8    64.29345921159361
69.8    64.2345248896128
70.8    64.17647158590196
71.8    64.11930997799293
72.8    64.06341443826548
73.9    64.00389307589995
75    63.946641966347755
76.1    63.89133185442956
77.2    63.8372344163775
78.3    63.783606688077306
79.4    63.72957158879068
80.6    63.66884101588807
81.8    63.6049175612015
83    63.53692055814372
84.2    63.46462966958216
85.4    63.388492086948375
86.6    63.309476775950024
87.9    63.22211814765194
89.2    63.13482737398199
90.5    63.05012587085792
91.8    62.97125140106235
93.1    62.90154815884124
94.5    62.8395852890439
95.9    62.792351539825994
97.3    62.75884790729663
98.7    62.73620537154943
100    62.721452282393045
102    62.702564239698106
104    62.67841821444177
106    62.64105907271862
108    62.586720385619245
110    62.51495781221976
112    62.42774060632222
114    62.328676957176306
116    62.22174636452043
118    62.11042914440894
120    61.99795724238574
122    61.88764473305716
124    61.782648816699776
126    61.68525354764247
128    61.59650701855308
130    61.51648611137979
132    61.44486247879395
134    61.381256688667804
136    61.325510283109566
138    61.27767707507635
140    61.23833521271133
142    61.20890207583603
144    61.191426011576155
146    61.18850484131842
148    61.20339594062085
150    61.23982513007498
152    61.300870436515325
154    61.387640449420175
156    61.49880901674075
158    61.63120505959425
160    61.780919180572226
162    61.94393579825987
164    62.11542124910018
166    62.28894460452223
168    62.45717379178069
170    62.61318034863976
173    62.81332461711736
176    62.965077184025134
179    63.0674158098554
182    63.12608846997721
185    63.14986378197007
188    63.147448605500244
191    63.12606499997104
194    63.09173370380017
197    63.04912877176245
200    63.00176173091393
203    62.95210988800387
206    62.90144683952574
209    62.85015743933602
212    62.79846429049326
215    62.746919395367314
218    62.69624366367717
221    62.64700843024251
224    62.59943851924237
227    62.553331005251195
230    62.50837589528827
233    62.464741053689266
236    62.42299353518699
239    62.383913655405586
243    62.33746899987905
247    62.299156988659426
251    62.27016399990776
255    62.25085699916211
259    62.24057941973838
263    62.23755139984263
267    62.239069730825385
271    62.24205694128743
275    62.2435474703089
279    62.24116891901281
283    62.233562196834235
287    62.22039490755691
291    62.20205102976163
295    62.17930295586146
299    62.153052168374465
303    62.12414116092107
307    62.09323277520337
312    62.052438664381825
317    62.00986271772895
322    61.966259515192846
327    61.922264548197205
332    61.87818686255275
337    61.83409140598156
342    61.78993147662386
347    61.7455298575755
352    61.70062627922395
357    61.65495276868693
362    61.60835930208856
367    61.560928374878614
372    61.51312406526684
377    61.4659031671103
383    61.41207016710797
389    61.36437412511637
395    61.32650847400892
401    61.30234875445956
407    61.29548215171134
413    61.30872336467577
419    61.34397532838722
425    61.402436132770845
431    61.484751576366676
437    61.590465705407595
443    61.71687790668791
449    61.85853068998007
456    62.03305138421538
463    62.2060097792504
470    62.368267113126066
477    62.515161355722725
484    62.64591202900972
491    62.76176174042774
498    62.864311256318075
505    62.95481863893767
512    63.0343867725726
519    63.104280779451564
527    63.17444647636724
535    63.237388849640745
543    63.297205164509876
551    63.35859911095586
559    63.42590778501068
567    63.50209831627968
575    63.58802116871014
583    63.68224781627449
592    63.7937305520517
601    63.904373362682676
610    64.00741145912254
619    64.09797079806476
628    64.17401558409611
637    64.2362557222159
646    64.28693239224921
655    64.32845844492896
665    64.36636379217181
675    64.39796195433988
685    64.42545301106715
695    64.45065428250865
705    64.4747127668204
715    64.49833201031049
725    64.52177395700777
736    64.54741964541975
747    64.57309003710297
758    64.59927433243799
769    64.62639281504886
780    64.65479234965949
791    64.6849288979631
803    64.72046954078027
815    64.75966758757612
827    64.80319376367827
839    64.85090629814005
851    64.90199855265342
863    64.95585879076738
876    65.0168101923066
889    65.07991427477083
902    65.14519810216414
915    65.21339340806158
928    65.28498375006939
942    65.36534573879428
956    65.44821647215011
970    65.53330772335286
984    65.62092436779281
998    65.71081982757138
1010    65.78877208500089
1020    65.8538393418082
1030    65.91880579837974
1050    66.04828301427938
1070    66.17688511224983
1090    66.30362174902538
1110    66.42770790070944
1130    66.54952321133865
1150    66.66966042592021
1170    66.78885965050898
1190    66.9065519107533
1210    67.02216952986396
1230    67.13587018839718
1250    67.24775806218572
1270    67.35692529201825
1290    67.46232463072778
1310    67.56371833487285
1330    67.66134533020256
1350    67.75512749465881
1370    67.84499401937308
1390    67.93115042661779
1410    68.01443049860896
1430    68.0970418801576
1450    68.18068464165196
1470    68.26489311247475
1490    68.34855570232651
1510    68.43123185551738
1530    68.51326282891785
1550    68.59507765236243
1570    68.67655601618002
1590    68.75758709738415
1610    68.83844870078288
1630    68.91926162450714
1650    69.00047260446563
1670    69.0827680823602
1690    69.16660338023843
1710    69.2520308568846
1730    69.33882803837264
1760    69.4709153786875
1790    69.60535560507407
1820    69.74363345511415
1850    69.8859784189521
1880    70.03176319748559
1910    70.18068374146242
1940    70.33276286073378
1970    70.48847908574048
2000    70.64862779587457
2030    70.8130486837846
2060    70.98069923711142
2090    71.15105143105407
2120    71.32394040396372
2150    71.49888633626884
2180    71.67570692498586
2210    71.85410158659067
2240    72.03325496232307
2270    72.21281047803762
2300    72.39225309961088
2330    72.57028462041235
2360    72.74524761335138
2390    72.91620661446993
2420    73.08347150918257
2460    73.30218345586846
2500    73.51614312677565
2540    73.72231276161705
2580    73.91727349014865
2620    74.09658009275383
2660    74.25683654499147
2700    74.39863165742409
2740    74.52240443114601
2780    74.6225044029726
2820    74.6940538761904
2860    74.73863438113085
2900    74.75969341763192
2940    74.75695905292602
2980    74.72754452726255
3020    74.67074518765273
3060    74.58948385548311
3100    74.48841652538624
3150    74.33805040736411
3200    74.16166261118371
3250    73.9674771212
3300    73.76432746405376
3350    73.557975436037
3400    73.35373744624565
3450    73.15529449652394
3500    72.96419918760833
3550    72.78110340177659
3600    72.60647348451137
3650    72.44033491045067
3700    72.28361098333917
3750    72.13828753608485
3800    72.00599077933215
3860    71.86493232224647
3920    71.74278702249549
3980    71.64025925111969
4040    71.5580247505878
4100    71.4957359582057
4160    71.45353704453996
4220    71.43200412469245
4280    71.43198090312687
4340    71.45253817936282
4400    71.49190491828195
4460    71.54993730042423
4520    71.62569726742291
4590    71.73280413172671
4660    71.85678319896813
4730    71.99337891417106
4800    72.13548627904686
4870    72.27697828325617
4940    72.41188510092982
5010    72.53055338225656
5080    72.62162512178483
5150    72.67743277877932
5220    72.69456737548117
5300    72.66233551463222
5380    72.5708741457997
5460    72.4233370895328
5540    72.22892122727288
5620    72.00063855238903
5700    71.75350187466486
5780    71.498943433639
5860    71.24623516671383
5950    70.97808643418428
6040    70.73967167135915
6130    70.54032468316086
6220    70.38691829233711
6310    70.27953224649866
6400    70.21343017350986
6490    70.18549307386934
6580    70.18989313895814
6680    70.19887440690886
6780    70.16159413187586
6880    70.06391865899758
6980    69.89981423530185
7080    69.65597509246047
7180    69.34795028036474
7280    69.00623383360893
7390    68.61315863229594
7500    68.20548835044124
7610    67.77853053474854
7720    67.33824794217912
7830    66.90208882251089
7940    66.48342932709917
8060    66.05420046287628
8180    65.6544830389791
8300    65.2832304068971
8420    64.9412712942937
8540    64.6280022556794
8660    64.34379645645984
8790    64.07229805522837
8920    63.840282284533316
9050    63.6531338350395
9180    63.532134068562456
9310    63.47782001414818
9450    63.434102611771834
9590    63.37537638129699
9730    63.32811705435188
9870    63.317178021648886
10010    63.394301943981844
10160    63.6198141964494
10310    63.962329575848855
10460    64.31450322590518
10610    64.5532693768755
10760    64.62220653933156
10920    64.62543378462544
11080    64.81952167954972
11240    65.32765193871674
11400    66.01381307738265
11570    66.70913132856775
11740    67.2265968281364
11910    67.52473786955028
12080    67.6380971426843
12260    67.63224969089802
12440    67.57907451897
12620    67.55504319675504
12800    67.62854015535399
12990    67.86241983001871
13180    68.27946863089018
13370    68.87665835765503
13560    69.59107360351567
13760    70.31681916936643
13960    70.79370325208475
14160    70.82206283104554
14370    70.31501697499519
14580    69.4157185807996
14790    68.36851977584516
15010    67.30624299367634
15230    66.35202896063402
15450    65.4836518422749
15670    64.64787895094673
15900    63.76959313932262
16130    62.88918641396859
16360    62.12585550425298
16600    61.56704876764362
16840    61.10392276237868
17080    60.57240221279309
17330    59.9209902166896
17580    59.13496963031396
17840    58.147305960596
18100    57.01113293629717
18360    55.79226512809197
18630    54.6673395652372
18900    54.38056223248702
19170    54.92125430256288
19450    55.75094140127882
19730    57.12011283862517
20000    58.216424137214396
