20    73.19543207852286
20.3    73.18717335653318
20.6    73.17892898696402
20.9    73.17028087489261
21.2    73.16042533579164
21.5    73.14833136316432
21.8    73.13302393885331
22.1    73.11387050430977
22.4    73.0907537459384
22.7    73.06410141775491
23    73.0347840746175
23.3    73.00393405196684
23.6    72.97273076771276
23.9    72.94218887653224
24.2    72.91299242094824
24.6    72.87657612843523
25    72.84276934381595
25.4    72.81085668214007
25.8    72.78012298678352
26.2    72.75013309057475
26.6    72.72070458305043
27    72.69169288297019
27.4    72.6628110220948
27.8    72.63363714731248
28.2    72.60376153677345
28.6    72.57292325020018
29    72.54103417936791
29.4    72.50810947051275
29.8    72.47417967743912
30.2    72.43926677611242
30.6    72.40342699988807
31    72.3668093539281
31.5    72.3203450578104
32    72.27368898181581
32.5    72.2273655563718
33    72.18169208708757
33.5    72.13681526347827
34    72.09281045105733
34.5    72.04971156220824
35    72.00745671232647
35.5    71.96581983533972
36    71.92442407185834
36.5    71.88283012056081
37    71.84064729084912
37.5    71.79762895995623
38    71.75373468585857
38.6    71.70014652039512
39.2    71.64602520833617
39.8    71.59181143330483
40.4    71.53775095150303
41    71.48392072066454
41.6    71.430331081844
42.2    71.37697851283974
42.8    71.32385083000494
43.4    71.27094937494194
44    71.21833265530478
44.6    71.16607656612393
45.2    71.11411181027844
45.9    71.0533880904764
46.6    70.99185054957493
47.3    70.92915159164278
48    70.86549968494685
48.7    70.80124282577253
49.4    70.7367334850818
50.1    70.67267095029398
50.8    70.61003011229441
51.5    70.54940694505848
52.2    70.49065997170774
53    70.42506191437919
53.8    70.36022525288419
54.6    70.29543124489001
55.4    70.23027772790236
56.2    70.16469600451231
57    70.09879724964897
57.8    70.03271675473158
58.6    69.9665594731371
59.5    69.89215291922687
60.4    69.81790064821607
61.3    69.74393161394524
62.2    69.67034979826352
63.1    69.59723159782297
64    69.52458121772104
64.9    69.45232151772134
65.8    69.38034321801004
66.8    69.30056503607679
67.8    69.22093194276721
68.8    69.14154817424385
69.8    69.06258202696475
70.8    68.9841203750841
71.8    68.90611124688333
72.8    68.82841593836342
73.9    68.74318257095382
75    68.65810875612225
76.1    68.57315448752954
77.2    68.48835462088928
78.3    68.40382231390032
79.4    68.31971715594281
80.6    68.2285261764981
81.8    68.1377587658224
83    68.04707170090614
84.2    67.95618765377785
85.4    67.86517248546212
86.6    67.7744455190277
87.9    67.67703386299327
89.2    67.58088459193925
90.5    67.48616586298651
91.8    67.39301388138644
93.1    67.30157445328365
94.5    67.20518918531216
95.9    67.11117614020898
97.3    67.0198072229727
98.7    66.93140296402217
100    66.85219719317067
102    66.7356527857733
104    66.62440916013787
106    66.5167852180123
108    66.41111905209321
110    66.30598123922248
112    66.20012870007041
114    66.09260562993457
116    65.98310622476686
118    65.87220409189463
120    65.76148736583492
122    65.65321912212536
124    65.54972622973897
126    65.45283854866403
128    65.36345400062922
130    65.28116585873812
132    65.20425417269975
134    65.13008846993397
136    65.05572846034238
138    64.97849616956499
140    64.89643061738535
142    64.80845211953813
144    64.71430786423184
146    64.61460522433092
148    64.51094746161542
150    64.40612539411445
152    64.30422004897137
154    64.21036344497803
156    64.1300323588374
158    64.06816755266489
160    64.02841436184504
162    64.01248706910975
164    64.01992362481336
166    64.0482341674545
168    64.0933312312504
170    64.15012544730436
173    64.24547919948455
176    64.33817768682786
179    64.41438543705252
182    64.4638717282206
185    64.48067097447526
188    64.46337147643287
191    64.41479970858015
194    64.34172583620406
197    64.2539126857117
200    64.16248204417326
203    64.07813066797576
206    64.00947647191008
209    63.96180675074392
212    63.936714875136104
215    63.93266528521289
218    63.94600589202713
221    63.971931907530546
224    64.00519391389687
227    64.04057778372123
230    64.07327435053142
233    64.09911634932101
236    64.11464464038266
239    64.11723375001094
243    64.09805487003733
247    64.05241834093823
251    63.98207070507337
255    63.89063773218594
259    63.78271542490016
263    63.663031006132286
267    63.53598469744014
271    63.40553506659485
275    63.2751666421326
279    63.14789363958198
283    63.02637936215312
287    62.91282460514379
291    62.808765999661944
295    62.71512910120583
299    62.632357684339
303    62.56029857477957
307    62.497886914142754
312    62.43021453265412
317    62.36892637438534
322    62.308031091977085
327    62.242063779043164
332    62.16700519370994
337    62.08083669226372
342    61.98345545817538
347    61.876018255945866
352    61.76050623476886
357    61.63950685736897
362    61.51590227345015
367    61.392591385165154
372    61.27236181544282
377    61.15789724022336
383    61.03186244243962
389    60.92228076338404
395    60.83287133270363
401    60.76622136286403
407    60.72345860406385
413    60.70452058681239
419    60.70866567781489
425    60.73448607721433
431    60.780024473406634
437    60.84307220720349
443    60.921271036143224
449    61.011799522297665
456    61.12825201702462
463    61.250190264973085
470    61.37091457655352
477    61.484086082570855
484    61.584340692767555
491    61.66808668412767
498    61.73420596785762
505    61.78401141204803
512    61.820642178287414
519    61.8484001217801
527    61.87555744539404
535    61.90477652183925
543    61.94195952369103
551    61.99049470459572
559    62.05070496533783
567    62.12031381435317
575    62.19563160748021
583    62.27278489063639
592    62.35792178171404
601    62.438682065121284
610    62.51394535034319
619    62.58372103461174
628    62.6482092891864
637    62.70709760684667
646    62.7597433209177
655    62.8054994849119
665    62.84781642732213
675    62.881443318680724
685    62.90746849932159
695    62.927503125640484
705    62.94343480073461
715    62.957068284174326
725    62.96989093930662
736    62.98448501936397
747    63.000825751314096
758    63.019738034691485
769    63.04164543008786
780    63.06667517945364
791    63.094749752095254
803    63.12873914557176
815    63.1662435353673
827    63.207506276282146
839    63.25291080461412
851    63.30273231165718
863    63.35700327178661
876    63.42052531357561
889    63.48818396131793
902    63.558570626614454
915    63.630078308407576
928    63.70183940293257
942    63.78031214817492
956    63.862536256225454
970    63.9509278961048
984    64.04661745940014
998    64.14951491614717
1010    64.24270206148782
1020    64.32309352935279
1030    64.40519569454766
1050    64.57145091963585
1070    64.73592310381426
1090    64.89509391930424
1110    65.04702845307821
1130    65.18996184083723
1150    65.31987578408541
1170    65.42867050489005
1190    65.50577414280704
1210    65.54610500729049
1230    65.56020491913642
1250    65.57465112198189
1270    65.61769453446817
1290    65.70255208568963
1310    65.82369902933046
1330    65.96579278854469
1350    66.11412577550936
1370    66.2595405066123
1390    66.39842264840996
1410    66.5306388118018
1430    66.65746151919006
1450    66.7803210311134
1470    66.90040881507738
1490    67.01860099939911
1510    67.13538592210583
1530    67.2508916471761
1550    67.36502562305799
1570    67.47752208607709
1590    67.587882018152
1610    67.69531332834387
1630    67.79836017722286
1650    67.89464191147198
1670    67.98158967783988
1690    68.05719099022267
1710    68.12097907267984
1730    68.17534850497728
1760    68.25236197351337
1790    68.34457103552731
1820    68.46503939746037
1850    68.61202762388157
1880    68.77575136572959
1910    68.94673194870921
1940    69.11953238791523
1970    69.29230442765656
2000    69.46508190268443
2030    69.63821904440329
2060    69.81171243974825
2090    69.98554457335601
2120    70.16023638520105
2150    70.33667591730091
2180    70.51593902338777
2210    70.69935846177827
2240    70.88800205092886
2270    71.08295054474468
2300    71.28544313739266
2330    71.49622132508486
2360    71.7149318968817
2390    71.94004335543444
2420    72.16913081172768
2460    72.4753326289433
2500    72.77418432049286
2540    73.05634278668614
2580    73.31428306151886
2620    73.5447853122927
2660    73.74941576098217
2700    73.93237268793739
2740    74.09828688328587
2780    74.2505615003873
2820    74.39115715275256
2860    74.52091471633213
2900    74.6402960229907
2940    74.74963579599509
2980    74.84904430308295
3020    74.9381634767177
3060    75.01587053397478
3100    75.08085835984448
3150    75.14418883077474
3200    75.18880310516933
3250    75.21321792598876
3300    75.21760242554123
3350    75.20479831519943
3400    75.17730315029684
3450    75.1358633219935
3500    75.08179848527229
3550    75.01652121177978
3600    74.94038674931089
3650    74.85455250737206
3700    74.76107679911513
3750    74.66220643911922
3800    74.55983052709828
3860    74.43395223774286
3920    74.30611635869079
3980    74.17797839204209
4040    74.05143843850321
4100    73.92800793158769
4160    73.80933981643688
4220    73.69730897591677
4280    73.59358112887102
4340    73.49903946970777
4400    73.4136713971925
4460    73.3373360181865
4520    73.26991428946529
4590    73.2017105880959
4660    73.1427535725021
4730    73.09033464383378
4800    73.04236104740322
4870    72.99756422154528
4940    72.95528392617715
5010    72.91508039207918
5080    72.87595960451247
5150    72.83657087006017
5220    72.7964042007286
5300    72.75124332355333
5380    72.71021308963253
5460    72.67519667124434
5540    72.64518368826651
5620    72.61768115909288
5700    72.59036513068418
5780    72.56228123259407
5860    72.53396178644742
5950    72.50360368883128
6040    72.47795372606063
6130    72.46064468317093
6220    72.45499872202475
6310    72.46169986509194
6400    72.47848110068759
6490    72.50187832503805
6580    72.52784771684918
6680    72.55381570335679
6780    72.56914529313558
6880    72.56550084664296
6980    72.53460076630898
7080    72.4678671804533
7180    72.3565630771183
7280    72.19348098031686
7390    71.94917780758298
7500    71.63727034578875
7610    71.26211238563039
7720    70.83052064992114
7830    70.35171888850653
7940    69.83581063940773
8060    69.24289024119858
8180    68.63243467289436
8300    68.017612603722
8420    67.40958252012786
8540    66.81694527597958
8660    66.24607010456572
8790    65.65715524060806
8920    65.10350118824954
9050    64.58972897516482
9180    64.11888621664198
9310    63.69283291449596
9450    63.28540214255716
9590    62.931876067478655
9730    62.633483941755486
9870    62.391085423121666
10010    62.2040228936432
10160    62.06410838701807
10310    61.98712703422444
10460    61.97608615275229
10610    62.043388268067645
10760    62.22002873311336
10920    62.540814776770645
11080    62.953764731977316
11240    63.43904641865699
11400    64.01477904992899
11570    64.70830614566263
11740    65.42084675840715
11910    66.06878300788837
12080    66.57521359025858
12260    66.91235917965378
12440    67.03793229175024
12620    66.93443214674323
12800    66.56913550332864
12990    65.91862454141055
13180    65.12091774306181
13370    64.35395500670661
13560    63.743749043473144
13760    63.313856286343274
13960    63.114668176004514
14160    63.16946587495592
14370    63.49267376025965
14580    63.9526882543949
14790    64.26218426840235
15010    64.17830116252878
15230    63.772119680931226
15450    63.34463767050957
15670    62.945090113471494
15900    62.16367878176676
16130    60.6396953442587
16360    58.682472435197255
16600    56.910438444123244
16840    55.52560062855882
17080    54.334759648315085
17330    53.46007182167945
17580    53.02604473298288
17840    53.073146945399884
18100    53.65649796896075
18360    54.54067155748133
18630    54.924681992456954
18900    53.447736650079904
19170    49.319103580635655
19450    42.8180050278218
19730    36.61576359869858
20000    33.649472201360865
