20.528545759910074    3.6037971967963394
21.095830513146176    3.6378003432494275
21.67879158340043    3.6888050629290596
22.277862169192368    3.745476973684209
22.893487440026632    3.8304848398169327
23.526124867198483    3.8814895594965684
24.176244563740926    3.943828661327231
24.844329633765742    3.9494958524027464
25.530876531458347    4.011834954233409
26.236395429992992    4.040170909610982
26.96141060064253    4.096842820366131
27.706460802364635    4.147847540045765
28.472099682153654    4.198852259725399
29.258896186455804    4.244189788329518
30.0810982349541    4.299728260869562
30.898316900032746    4.3972039473684195
31.75215936325662    4.44254147597254
32.629596864176676    4.487879004576659
33.5312814268229    4.544550915331808
34.45788309322309    4.595555635011442
35.41009042131115    4.657894736842104
36.38861099659467    4.761793239893208
37.39417195796197    4.831688596491228
38.42752053801908    4.890249570938213
39.4894246183586    4.971479309687261
40.76545764201716    5.105602831807779
41.89196815325708    5.139605978260869
43.04960859668316    5.218946653318078
44.23923921520324    5.281285755148739
45.46174402363247    5.330401411136538
46.71803146560477    5.428632723112129
48.009035088637745    5.4909718249427915
49.33571423785187    5.489082761250952
50.929913222053166    5.553310926773454
52.33730776389796    5.604315646453088
53.7835941724494    5.672321939359266
55.26984718350544    5.655320366132722
56.79717123205653    5.643985983981693
58.366701272991406    5.666654748283753
59.95236005867805    5.711992276887871
61.63707683467764    5.7233266590389
63.340352572340386    5.762996996567505
65.0906965421046    5.779998569794049
66.88940942501928    5.8215579710144905
68.73782784508504    5.848004862700227
70.73366621935985    5.902409897025171
72.58931349435169    5.921678346681922
74.59524276351789    5.972683066361556
76.65660377654827    5.984017448512585
78.77492833133574    6.018020594965675
81.32040502436382    6.038800295575895
83.56760881740583    6.08980501525553
85.87691172180794    6.120030034324943
88.25002978114567    6.120030034324943
90.81241502795707    6.120030034324943
93.19481395464997    6.108695652173912
95.7701545391931    6.035022168192219
98.41666194992494    6.035022168192219
101.59682757502655    5.9896846395881
104.40434896180803    5.961348684210526
107.28945324684895    5.887675200228832
110.25428435187699    5.808334525171624
113.30104544364035    5.728993850114415
116.43200057108088    5.630762538138823
119.64947634774974    5.540087480930589
122.95586368071488    5.428632723112129
126.35361954724402    5.286952946224256
129.84526882058535    5.150940360411898
133.43340614620192    5.022484029366893
137.1206978698526    4.844912042334096
140.90988401895464    4.718344774980929
144.80378033869914    4.535105596872615
148.80528038443126    4.36320080091533
152.91735767185222    4.164849113272311
157.14306788664015    4.006167763157894
161.48555115512994    3.9268270881006853
165.9480343777424    3.8588207951945073
170.53383362689516    3.7511441647597223
175.24635661117614    3.666136298627002
180.08910520761293    3.609464387871853
185.0656780639193    3.5017877574370715
190.17977327264987    3.422447082379861
195.4351911192544    3.3242157704042725
200.9271007751386    3.213894450800918
206.38572385435782    3.118307827993899
212.08897608651603    3.001185879099925
217.9498316907305    2.884063930205947
223.97264587028994    2.7650529176201353
230.16189417994303    2.634707522883293
236.52217585168285    2.48736055491991
243.05821721243584    2.3589042238749087
249.77487519619956    2.260672911899313
256.67714095323    2.1699978546910756
263.7701435589652    2.0509868421052637
271.0591538254454    1.9149742562929077
278.54958821805354    1.7865179252478995
286.24701288049016    1.6712850400457633
294.1571477709799    1.510714626239512
302.6981526585896    1.3414545194507959
310.63922276209627    1.1631269069412689
319.2234106968398    0.9628861556064088
328.0448136292381    0.7645344679633865
337.10998674605287    0.5737390350877227
346.4256663797328    0.35177405129672223
355.99877501418194    0.15436689549961713
365.83642642886025    -0.0685426201373005
375.945930985036    -0.3103427726926036
386.33480105811503    -0.4728022501906963
396.4700189696926    -0.612592963386728
407.98173097625335    -0.8052774599542332
419.25587666043924    -0.9337337909992378
430.84157149317133    -1.0659682494279181
442.7474248072265    -1.167977688787186
454.9822838452292    -1.2586527459954233
467.5552403340409    -1.2983230835240285
480.4756372408262    -1.3436606121281471
492.6327465250596    -1.3606621853546912
507.3974222269022    -1.3606621853546912
521.4188158914617    -1.3606621853546912
535.8276760106864    -1.3606621853546912
550.6347098121942    -1.3833309496567487
565.8509204065685    -1.4059997139588134
581.4876149637707    -1.428668478260871
597.2849947252669    -1.523877288329519
614.0692555897538    -1.5760154462242575
631.0384130839686    -1.6326873569794067
648.4764953833939    -1.6553561212814643
666.3964607314218    -1.6440217391304373
684.8116254588564    -1.598684210526315
704.6954851048231    -1.5170766590389029
723.1826684579173    -1.3719965675057217
743.1670602613509    -1.2076480263157912
763.703699696223    -1.0621901220442425
784.8078475445207    -0.9318447273074035
807.5951492045536    -0.798476830663617
828.7818318412284    -0.6635976830663637
851.6843453685517    -0.5672554347826093
875.2197457494674    -0.4255756578947363
898.9969997142425    -0.29069651029748655
924.2596470146915    -0.15355048627002432
949.8005894620972    0.016465245995423317
976.04732896903    0.17514659610983685
1003.4751617962004    0.34629576659039074
1030.736753968049    0.492509296338671
1059.2200791857583    0.634189073226544
1088.4905111136286    0.7928704233409611
1118.5698006170667    0.9402173913043441
1149.4802996237527    1.0988987414187648
1181.244977733357    1.2122425629290596
1213.8874392862576    1.3369207665903886
1247.4319409039372    1.461598970251714
1281.903409514075    1.5806099828375295
1317.3274608737595    1.6882866132723073
1353.7304186045649    1.811075753241802
1391.1393337536358    1.9168633199847456
1429.5820048953299    2.139772835621663
1469.0869987883493    2.4080198798626995
1509.6836716036996    2.7197153890160166
1551.4021907392703    3.079582022311211
1594.2735572372414    3.352551725781847
1638.3296288209567    3.524456521739129
1683.60314356841    3.7568113558352394
1730.1277442399246    4.028836527459953
1777.9380032780875    4.2763038710907715
1827.0694484985443    4.561552488558352
1877.558589490736    4.844912042334096
1929.4429447481637    5.190610697940503
1980.0605040242635    5.526108409610986
2037.5525846035885    5.933012728832951
2089.1072265530684    6.287778890160183
2137.106179771292    6.66748069221968
2186.207948336072    7.065317505720824
2236.43787033516    7.507358409610983
2282.6307821645973    7.939198369565217
2324.4915117242936    8.351486520308924
2367.119917201165    8.76377467105263
2410.5300768571055    9.137809282036612
2460.3188077579016    9.57474971395881
2516.846651735702    9.913647740274598
2580.528506600432    10.273136560831427
2651.838695554212    10.568775028604119
2725.1194665169187    10.716121996567505
2800.425274448085    10.727456378718534
2877.8120791127294    10.636781321510297
2957.3373866650795    10.483767162471395
3052.8986718434503    10.228743564073225
3137.2623130855723    10.03417000381388
3223.957254750227    9.854708953089244
3313.047919870616    9.76970108695652
3404.600511742639    9.724363558352401
3498.6830631205935    9.724363558352401
3595.3654867723267    9.724363558352401
3694.7196274314447    9.645022883295194
3796.8193151851287    9.463672768878718
3901.740420337305    9.20676010678871
4011.3829354160143    8.864083953089244
4101.683862639899    8.483248712814644
4186.402836295428    8.075210955377573
4272.871653365906    7.624669264874141
4351.231029802259    7.174127574370708
4420.973391570754    6.788758581235697
4491.833597230256    6.403956307208238
4574.208474897727    5.992518235125857
4668.6872939041095    5.5827803203661315
4786.8155344364295    5.196277889016017
4919.094143013885    4.939365226926011
5078.04623293755    4.850579233409611
5218.372695311673    4.850579233409611
5362.57693176251    4.946921481693362
5510.766100494827    5.094268449656749
5663.050320917598    5.167941933638444
5819.542755473734    5.167941933638444
5977.643331617928    5.161141304347826
6145.620638797529    5.058376239511823
6315.448396123201    4.782572940503432
6489.969164757796    4.552107170099159
6669.312631128872    4.27441480739893
6853.612065411885    3.994833381006865
7052.610235580568    3.7262085240274594
7237.630434090407    3.5754612414187648
7437.634732633329    3.5697940503432477
7643.165939437161    3.7303644641495026
7854.3767847939525    4.006167763157894
8108.177498643676    4.391536756292906
8332.238448956834    4.686230692219679
8562.491087779972    4.7995745137299775
8799.106515907535    4.814687023264684
9054.593123418008    4.542284038901602
9250.013920410282    4.201685855263156
9419.648157436794    3.8078160755148716
9592.393284308355    3.3997783180778036
9790.52111208876    2.9543370995423324
10051.934176914214    2.5020952517162485
10315.639499439716    2.243671338672769
10600.701338517503    2.1303275171624705
10893.640561455262    2.1076587528604094
11194.674851464064    2.175665045766589
11504.027907201376    2.175665045766589
11821.92960900153    2.1189931350114435
12148.616189699984    1.9206414473684212
12427.740617945672    1.5551076229977099
12655.65057741472    1.0960651458810062
12858.497761335857    0.6455234553775746
13034.952558229852    0.24315288901601662
13213.828811807602    -0.20228832951945463
13364.766039877364    -0.6635976830663637
13578.979061829185    -1.1362414187643033
13859.448548979666    -1.6114353904462249
14081.590436641916    -2.0089888443935955
14300.794286533404    -2.462364130434782
14636.014653358834    -2.8057959096109855
15040.465512084802    -2.9984804061784907
15456.092944557002    -3.1628289473684212
15847.16669829253    -3.564066075514873
16174.484878578465    -3.954818900171624
16433.73261056388    -4.3359375
16546.10694428579    -4.7133724256292915
16697.13561469824    -5.114609553775743
16811.311105697772    -5.475042906178491
16964.760492477    -5.815074370709382
17042.009632208184    -6.257115274599542
17150.749733807283    -6.767162471395881
17256.263322001596    -7.251707308352405
17354.539789052556    -7.673913043478262
17433.56379117331    -8.047947654462241
17512.947629566712    -8.444651029748286
17592.69294274944    -8.888958810068651
17672.80137669904    -9.340067219679632
17733.121994548957    -9.914153675629294
17834.11422831871    -10.36016161327231
17894.985437479503    -10.873042405606409
17996.899502761622    -11.414259153318078
17976.470362136144    -11.842132079519452
18078.848493732257    -12.389016018306641
18058.326328891188    -12.811221753432498
18119.962816410916    -13.295766590389015
18161.170639930067    -13.692469965675059
18243.867640519537    -14.281857837528605
18310.296282930227    -15.048968821510293
18368.619729360038    -15.607980549199084
18389.494523353864    -16.101026172768883
18473.23119813048    -16.5855710097254
18663.035473681266    -16.900100114416475
