20.761999630222927    3.857483358934971
21.898390990515523    4.080544546850994
22.93135751128095    4.25098502304148
24.38091301055674    4.412565284178186
25.867363729616716    4.5681464413722495
27.21316780112028    4.674943676395287
29.364233586622102    4.828942652329758
30.761707223048862    4.92993855606759
32.58133305443006    5.010076036866359
34.18834154371914    4.98821556579621
35.96637955784975    5.033044034818232
37.67784153593743    5.115449308755757
39.97277717712229    5.091321044546852
42.47949383101757    5.08934331797235
44.61205764405016    5.043855606758832
47.12897344915132    4.9581541218637994
49.621427358048265    4.9706797235023075
52.15675046599938    4.936267281105991
54.86864944970957    4.943914490527391
60.20857601379173    4.774093701996925
62.80716438398962    4.825910138248851
66.62866690362468    4.603481822836663
70.2683331975502    4.491911674347158
73.73249803454243    4.395688684075779
77.2369590537127    4.3045814132104425
81.5931078524302    4.163108038914487
87.07168566515787    3.966152841781877
91.05528316296693    3.842980030721961
95.78444708585799    3.6709178187403992
101.61399513729145    3.498064516129034
106.80068389234063    3.307490783410138
112.53771996571761    3.1389884792626646
120.29468119329114    2.8749487967229967
126.54221987041132    2.696689708141321
132.55236894370958    2.4989961597542205
140.02542612482642    2.2905965181771606
147.29489180806138    2.050368663594469
154.94410614767165    1.8597158218125927
163.39929776754207    1.5721543778801887
171.59897994107217    1.4634585253456223
181.42467957118023    1.2202772657450112
191.16856827902217    1.0220299539170554
202.11803737877693    0.830902457757297
211.71976461148822    0.6654326676907303
222.718026712919    0.5243548387096766
234.2831729663625    0.32130824372760003
245.41199113294545    0.14344470046083302
259.25219373468735    -0.010422427035329918
272.7154956425015    -0.20107526881719906
287.12105923376123    -0.3843709677419369
301.7839247389872    -0.495624679979521
318.25955071857334    -0.7063448540706645
339.6226775048566    -0.9652688172042971
357.2651457441465    -1.106346646185358
375.81125618000874    -1.358968253968257
395.3216201601806    -1.5991961085509487
415.82277836498884    -2.0129365079365087
437.3970743362123    -2.3523143881208455
458.1289167263659    -2.852415514592934
483.90669025179363    -3.402882744495656
509.0018206653475    -3.816623143881216
535.4146250381989    -4.131213517665131
563.2386359695323    -4.210322580645162
594.0472113263248    -4.096326420890932
623.4297173042045    -3.686884280593958
655.9321661432366    -3.245455709165391
690.1055566958903    -2.9155709165386625
726.0400586958312    -2.6724423963133646
761.9135487724737    -2.424119047619051
803.6046858318924    -2.2481541218637915
849.0099815934002    -2.0735867895545326
887.1991067694845    -1.8434585253456248
935.7386404623041    -1.6922811059907872
992.8601560046739    -1.3012186379928323
1047.2393254712308    -0.9666136712749633
1099.0048922977746    -0.6538428059395827
1156.2838554431894    -0.26198924731183126
1216.5758374818224    0.2042268305171575
1279.9776155270536    0.5836866359446944
1349.6099737574536    1.1550518433179704
1416.9358095532532    1.5037250384024574
1490.881171744928    2.106272401433685
1568.685506624562    2.708819764464927
1650.5188835796066    3.2493983614951247
1736.601478981466    3.7527956989247286
1827.2361074205082    4.367736815156171
1922.630214601433    5.0322529441884285
2017.8459718175188    5.635037634408604
2134.009013818261    6.343696620583721
2239.602938732488    6.815107526881718
2361.3728862476937    7.293519585253449
2489.6218924131804    7.586025345622119
2630.215720651565    7.667639528929847
2766.9427269417392    7.638105478750639
2904.4877571200113    7.441453533026113
3061.6588066075415    7.12046850998464
3220.508048864959    6.78109062980031
3387.618212004607    6.460303379416281
3563.5213246408443    6.251059907834097
3758.099989394786    6.067605990783406
3926.739867830834    5.963102918586792
4148.262296118335    5.865007680491551
4352.870264579039    5.845625960061433
4590.612400150014    5.706789554531483
4869.771170521844    5.379014336917564
5122.217588310614    4.903305171530974
5387.444016628891    4.241689708141315
5666.339255936336    3.542892985151042
5960.101969083531    3.0795775729646664
6269.237107136246    2.6906246799795213
6594.456339034348    2.3264592933947768
6936.204253889961    1.8011751152073714
7295.1090416925645    1.0280158730158675
7672.410188495962    0.18049411162314755
8070.2052139111765    -0.27042754736302754
8490.058525529405    -0.16982718894008997
9008.482089946428    0.2770071684587805
9477.383133472984    0.4581669226830556
9970.047751485296    0.4286328725038402
10487.447037307145    0.12643625192011854
11030.608532837254    -0.4979979518689248
11552.019269321187    -1.399656682027647
12097.929887209239    -2.340975422427043
12735.408999970114    -2.9258287250384
13613.106902558186    -3.2196134152585785
14199.001930832666    -3.5458064516129113
14621.194037019703    -4.416137992831537
14992.519431368419    -5.277811486601813
15243.359315345355    -6.266762672811062
15411.773278452365    -7.167603942652335
15580.75890573107    -8.33862903225807
15796.684940038269    -9.371107782898093
16016.037952684244    -10.314971198156684
16421.82654956999    -11.367715053763433
16801.752865186292    -12.541100230414742
16904.0167000506    -13.415453149001536
17113.873442079497    -14.50419162826421
17446.914458128736    -15.934417562724022
17466.854858895458    -16.802112135176657
17609.816968438692    -17.769615975422425
17727.35619137496    -19.034438044034815
17870.619283150383    -20.336573220686134
18016.134029778445    -21.440408346134163
18185.386512322966    -23.08970046082949
18331.516347306802    -24.540560675883256
18451.91190091821    -26.152407834101396
18553.021347338392    -26.698260368663597
18650.72086381391    -27.938163082437285
18857.023852988837    -28.796865591397847
19093.4847731551    -29.482187403993862

20.761999630222927    3.857483358934971
21.898390990515523    4.080544546850994
22.93135751128095    4.25098502304148
24.38091301055674    4.412565284178186
25.867363729616716    4.5681464413722495
27.21316780112028    4.674943676395287
29.364233586622102    4.828942652329758
30.761707223048862    4.92993855606759
32.58133305443006    5.010076036866359
34.18834154371914    4.98821556579621
35.96637955784975    5.033044034818232
37.67784153593743    5.115449308755757
39.97277717712229    5.091321044546852
42.47949383101757    5.08934331797235
44.61205764405016    5.043855606758832
47.12897344915132    4.9581541218637994
49.621427358048265    4.9706797235023075
52.15675046599938    4.936267281105991
54.86864944970957    4.943914490527391
60.20857601379173    4.774093701996925
62.80716438398962    4.825910138248851
66.62866690362468    4.603481822836663
70.2683331975502    4.491911674347158
73.73249803454243    4.395688684075779
77.2369590537127    4.3045814132104425
81.5931078524302    4.163108038914487
87.07168566515787    3.966152841781877
91.05528316296693    3.842980030721961
95.78444708585799    3.6709178187403992
101.61399513729145    3.498064516129034
106.80068389234063    3.307490783410138
112.53771996571761    3.1389884792626646
120.29468119329114    2.8749487967229967
126.54221987041132    2.696689708141321
132.55236894370958    2.4989961597542205
140.02542612482642    2.2905965181771606
147.29489180806138    2.050368663594469
154.94410614767165    1.8597158218125927
163.39929776754207    1.5721543778801887
171.59897994107217    1.4634585253456223
181.42467957118023    1.2202772657450112
191.16856827902217    1.0220299539170554
202.11803737877693    0.830902457757297
211.71976461148822    0.6654326676907303
222.718026712919    0.5243548387096766
234.2831729663625    0.32130824372760003
245.41199113294545    0.14344470046083302
259.25219373468735    -0.010422427035329918
272.7154956425015    -0.20107526881719906
287.12105923376123    -0.3843709677419369
301.7839247389872    -0.495624679979521
318.25955071857334    -0.7063448540706645
339.6226775048566    -0.9652688172042971
357.2651457441465    -1.106346646185358
375.81125618000874    -1.358968253968257
395.3216201601806    -1.5991961085509487
415.82277836498884    -2.0129365079365087
437.3970743362123    -2.3523143881208455
458.1289167263659    -2.852415514592934
483.90669025179363    -3.402882744495656
509.0018206653475    -3.816623143881216
535.4146250381989    -4.131213517665131
563.2386359695323    -4.210322580645162
594.0472113263248    -4.096326420890932
623.4297173042045    -3.686884280593958
655.9321661432366    -3.245455709165391
690.1055566958903    -2.9155709165386625
726.0400586958312    -2.6724423963133646
761.9135487724737    -2.424119047619051
803.6046858318924    -2.2481541218637915
849.0099815934002    -2.0735867895545326
887.1991067694845    -1.8434585253456248
935.7386404623041    -1.6922811059907872
992.8601560046739    -1.3012186379928323
1047.2393254712308    -0.9666136712749633
1099.0048922977746    -0.6538428059395827
1156.2838554431894    -0.26198924731183126
1216.5758374818224    0.2042268305171575
1279.9776155270536    0.5836866359446944
1349.6099737574536    1.1550518433179704
1416.9358095532532    1.5037250384024574
1490.881171744928    2.106272401433685
1568.685506624562    2.708819764464927
1650.5188835796066    3.2493983614951247
1736.601478981466    3.7527956989247286
1827.2361074205082    4.367736815156171
1922.630214601433    5.0322529441884285
2017.8459718175188    5.635037634408604
2134.009013818261    6.343696620583721
2239.602938732488    6.815107526881718
2361.3728862476937    7.293519585253449
2489.6218924131804    7.586025345622119
2630.215720651565    7.667639528929847
2766.9427269417392    7.638105478750639
2904.4877571200113    7.441453533026113
3061.6588066075415    7.12046850998464
3220.508048864959    6.78109062980031
3387.618212004607    6.460303379416281
3563.5213246408443    6.251059907834097
3758.099989394786    6.067605990783406
3926.739867830834    5.963102918586792
4148.262296118335    5.865007680491551
4352.870264579039    5.845625960061433
4590.612400150014    5.706789554531483
4869.771170521844    5.379014336917564
5122.217588310614    4.903305171530974
5387.444016628891    4.241689708141315
5666.339255936336    3.542892985151042
5960.101969083531    3.0795775729646664
6269.237107136246    2.6906246799795213
6594.456339034348    2.3264592933947768
6936.204253889961    1.8011751152073714
7295.1090416925645    1.0280158730158675
7672.410188495962    0.18049411162314755
8070.2052139111765    -0.27042754736302754
8490.058525529405    -0.16982718894008997
9008.482089946428    0.2770071684587805
9477.383133472984    0.4581669226830556
9970.047751485296    0.4286328725038402
10487.447037307145    0.12643625192011854
11030.608532837254    -0.4979979518689248
11552.019269321187    -1.399656682027647
12097.929887209239    -2.340975422427043
12735.408999970114    -2.9258287250384
13613.106902558186    -3.2196134152585785
14199.001930832666    -3.5458064516129113
14621.194037019703    -4.416137992831537
14992.519431368419    -5.277811486601813
15243.359315345355    -6.266762672811062
15411.773278452365    -7.167603942652335
15580.75890573107    -8.33862903225807
15796.684940038269    -9.371107782898093
16016.037952684244    -10.314971198156684
16421.82654956999    -11.367715053763433
16801.752865186292    -12.541100230414742
16904.0167000506    -13.415453149001536
17113.873442079497    -14.50419162826421
17446.914458128736    -15.934417562724022
17466.854858895458    -16.802112135176657
17609.816968438692    -17.769615975422425
17727.35619137496    -19.034438044034815
17870.619283150383    -20.336573220686134
18016.134029778445    -21.440408346134163
18185.386512322966    -23.08970046082949
18331.516347306802    -24.540560675883256
18451.91190091821    -26.152407834101396
18553.021347338392    -26.698260368663597
18650.72086381391    -27.938163082437285
18857.023852988837    -28.796865591397847
19093.4847731551    -29.482187403993862
