20    68.3515
20.3    68.39600018333272
20.6    68.451
20.9    68.511
21.2    68.56599981666727
21.5    68.60925003062508
21.8    68.64600009499952
22.1    68.674125
22.4    68.70150000000001
22.7    68.73149990000033
23    68.763
23.3    68.79200007499975
23.6    68.81450000000001
23.9    68.8265
24.2    68.83383334444449
24.6    68.84149999000005
25    68.857
25.4    68.8895
25.8    68.93000008624958
26.2    68.96449991375042
26.6    68.984625
27    68.99583332722224
27.4    69.00624998312495
27.8    69.02575
28.2    69.0541
28.6    69.08269999999999
29    69.1035
29.4    69.10069999999999
29.8    69.0868
30.2    69.0715
30.6    69.06466666777777
31    69.07574999062497
31.5    69.10400000000001
32    69.12950000000001
32.5    69.1385
33    69.134
33.5    69.125
34    69.1165
34.5    69.1095
35    69.10849999999999
35.5    69.1125
36    69.112
36.5    69.1
37    69.0865
37.5    69.0895
38    69.10699997500004
38.6    69.111600006
39.2    69.07725002531254
39.8    69.051
40.4    69.07133341444472
41    69.09816666666666
41.6    69.069833303611
42.2    68.99199993571438
42.8    68.93549996166654
43.4    68.94850004083312
44    68.99485703877565
44.6    69.0236666688889
45.2    69.01660000000001
45.9    69.00071429469386
46.6    69.00000000333334
47.3    69.01200000571427
48    69.01707142704082
48.7    69.000000035
49.4    68.95400013142839
50.1    68.91643749679687
50.8    68.8984999857143
51.5    68.8885
52.2    68.86800002928567
53    68.83600000000001
53.8    68.80349996000007
54.6    68.77100000642855
55.4    68.73375003843755
56.2    68.6959
57    68.66749999999999
57.8    68.64349999999999
58.6    68.60419999999999
59.5    68.5615
60.4    68.53199998874999
61.3    68.51335713734694
62.2    68.49200002499997
63.1    68.44995
64    68.40899999999999
64.9    68.39235
65.8    68.3553
66.8    68.3009
67.8    68.25630000000001
68.8    68.2204
69.8    68.17750000000001
70.8    68.1329
71.8    68.09440000000001
72.8    68.05260000000001
73.9    68.00710000000001
75    67.96350000000001
76.1    67.90987486593716
77.2    67.86076920014798
78.3    67.81303854106491
79.4    67.76825005812515
80.6    67.7144999237498
81.8    67.65584607804752
83    67.60396158239635
84.2    67.55466676083357
85.4    67.49799995249988
86.6    67.4536922749409
87.9    67.41810000000001
89.2    67.34773333333334
90.5    67.27920827135401
91.8    67.22349994346166
93.1    67.17361544319513
94.5    67.107541731771
95.9    67.03874989312473
97.3    66.98007690443791
98.7    66.90784630189316
100    66.84649999999999
102    66.7535
104    66.6518572137754
106    66.5555
108    66.4685
110    66.36418743085929
112    66.267
114    66.17033345416698
116    66.07199993181808
118    65.97149999999999
120    65.86996146035497
122    65.7655
124    65.6640713319727
126    65.56316666666666
128    65.46000000000001
130    65.34514285714286
132    65.2295
134    65.12700000000001
136    65.0215
138    64.92349999999999
140    64.84
142    64.76
144    64.68725
146    64.62729999999999
148    64.577
150    64.539
152    64.53659999999999
154    64.53450000000001
156    64.5307
158    64.52420000000001
160    64.515
162    64.517
164    64.5184
166    64.519
168    64.5191
170    64.5195
173    64.5257
176    64.5473
179    64.5647
182    64.5971
185    64.645
188    64.6935
191    64.74710000000002
194    64.7852
197    64.8146
200    64.838
203    64.84049999999999
206    64.8535
209    64.86250000000001
212    64.858
215    64.837625
218    64.80799999999999
221    64.760625
224    64.70400000000001
227    64.63499999999999
230    64.5575
233    64.476
236    64.392
239    64.305
243    64.1905
247    64.075
251    63.96025
255    63.847375
259    63.7355
263    63.62616666666667
267    63.5195
271    63.414500000000004
275    63.312749999999994
279    63.214
283    63.1172
287    63.022999999999996
291    62.9316
295    62.842
299    62.7536
303    62.665125
307    62.577
312    62.46825
317    62.3614
322    62.2592
327    62.1593
332    62.060199999999995
337    61.9628
342    61.8658
347    61.7705
352    61.6753
357    61.580799999999996
362    61.4878
367    61.395399999999995
372    61.3063
377    61.22328571428571
383    61.1301
389    61.052499999999995
395    60.9865
401    60.94458333333333
407    60.925583333333336
413    60.93333333333333
419    60.96785714285714
425    61.03
431    61.114
437    61.211
443    61.316428571428574
449    61.42275
456    61.545500000000004
463    61.66333333333333
470    61.771928571428575
477    61.87321428571428
484    61.9677
491    62.05092857142857
498    62.12733333333333
505    62.1925625
512    62.251285714285714
519    62.3075
527    62.372125
535    62.439
543    62.50985714285714
551    62.58242857142857
559    62.6505625
567    62.7136
575    62.77175
583    62.826
592    62.8825
601    62.9311875
610    62.973285714285716
619    63.01307142857143
628    63.04725
637    63.07935
646    63.1092
655    63.13625
665    63.16525
675    63.195
685    63.225750000000005
695    63.25825
705    63.293
715    63.33175
725    63.375
736    63.4269
747    63.48185
758    63.541000000000004
769    63.60634615384616
780    63.675615384615384
791    63.7465
803    63.825125
815    63.90661538461538
827    63.99230769230769
839    64.08491666666666
851    64.18674999999999
863    64.29792307692307
876    64.41995
889    64.53236666666666
902    64.63341666666668
915    64.71734615384615
928    64.7906923076923
942    64.87533333333334
956    64.9745
970    65.08115384615384
984    65.19234615384616
998    65.30658333333334
1010    65.40533333333335
1020    65.48783333333333
1030    65.57050000000001
1050    65.735375
1070    65.894
1090    66.04650000000001
1110    66.19292857142858
1130    66.33094444444444
1150    66.462
1170    66.58563636363635
1190    66.70396153846154
1210    66.82135714285715
1230    66.94219047619048
1250    67.0655
1270    67.19383333333334
1290    67.32764285714286
1310    67.46392857142857
1330    67.6015
1350    67.739
1370    67.872
1390    67.99849999999999
1410    68.116
1430    68.22800000000001
1450    68.32900000000001
1470    68.417
1490    68.4921
1510    68.5557
1530    68.60929999999999
1550    68.6545
1570    68.6901
1590    68.72120000000001
1610    68.75319999999999
1630    68.78960000000001
1650    68.832
1670    68.8872
1690    68.9538
1710    69.0318
1730    69.1202
1760    69.27080000000001
1790    69.4385
1820    69.6173
1850    69.801
1880    69.9865
1910    70.1685
1940    70.34729999999999
1970    70.5213
2000    70.689
2030    70.84800000000001
2060    70.99950000000001
2090    71.1415
2120    71.274
2150    71.39462499999999
2180    71.51050000000001
2210    71.61375000000001
2240    71.709
2270    71.793
2300    71.86850000000001
2330    71.93450000000001
2360    71.9915
2390    72.0395
2420    72.08116666666666
2460    72.124
2500    72.15700000000001
2540    72.178
2580    72.1905
2620    72.1945
2660    72.18875
2700    72.17566666666667
2740    72.15299999999999
2780    72.12400000000001
2820    72.08800000000001
2860    72.04560000000001
2900    71.996
2940    71.94
2980    71.8792
3020    71.815
3060    71.74766666666667
3100    71.67725
3150    71.587
3200    71.499
3250    71.4105
3300    71.32400000000001
3350    71.241
3400    71.1625
3450    71.089
3500    71.02250000000001
3550    70.9675
3600    70.9235
3650    70.89
3700    70.86949999999999
3750    70.8635
3800    70.87885714285714
3860    70.9154
3920    70.98237499999999
3980    71.06540000000001
4040    71.17266666666667
4100    71.30216666666666
4160    71.45933333333333
4220    71.6467142857143
4280    71.85825
4340    72.09649999999999
4400    72.3615
4460    72.64866666666666
4520    72.9572
4590    73.33307142857143
4660    73.70516666666667
4730    74.035
4800    74.255
4870    74.3425
4940    74.36500000000001
5010    74.2198125
5080    73.816
5150    73.1325
5220    72.4125
5300    72.008
5380    72.11099999999999
5460    72.22164285714285
5540    72.13575
5620    71.8916
5700    71.56
5780    71.1832
5860    70.81030000000001
5950    70.412
6040    70.04724999999999
6130    69.725
6220    69.45400000000001
6310    69.25075000000001
6400    69.0955
6490    68.99965
6580    68.9554
6680    68.9658
6780    69.04050000000001
6880    69.17599999999999
6980    69.3671
7080    69.6051
7180    69.8753
7280    70.1393
7390    70.3769
7500    70.506
7610    70.430375
7720    70.14311538461538
7830    69.70084615384616
7940    69.172
8060    68.54624999999999
8180    67.8655
8300    67.1278076923077
8420    66.39083333333332
8540    65.72616666666667
8660    65.1231923076923
8790    64.5351
8920    64.05306666666667
9050    63.65816666666666
9180    63.383230769230764
9310    63.22323076923077
9450    63.18325
9590    63.290625
9730    63.556615384615384
9870    63.99453846153846
10010    64.62926666666667
10160    65.52383333333333
10310    66.60757142857142
10460    67.748375
10610    68.64670000000001
10760    68.84403333333333
10920    68.0375625
11080    66.40950000000001
11240    64.48483333333334
11400    62.63241666666667
11570    60.97668181818182
11740    59.516
11910    58.40905769230769
12080    57.41007142857143
12260    56.63764285714285
12440    56.019333333333336
12620    55.629000000000005
12800    55.4585
12990    55.57222857142857
13180    55.722899999999996
13370    56.207875
13560    56.925399999999996
13760    57.9126
13960    58.9995
14160    59.847233333333335
14370    60.4903
14580    60.5565
14790    60.10092
15010    58.8313
15230    57.0119
15450    55.3813
15670    54.171800000000005
15900    53.389799999999994
16130    53.112719999999996
16360    53.45392
16600    54.4294
16840    55.39450000000001
17080    55.39354
17330    53.96486
17580    51.79882
17840    49.81064
18100    48.2004
18360    46.9881
18630    46.3636
18900    46.1194
19170    44.00918
19450    38.0531
19730    30.746019999999998
20000    30.219499999999996
