
Frequency	dB	Unweighted
20	66.2
20.3	66.2
20.6	66.3
20.9	66.3
21.2	66.3
21.5	66.4
21.8	66.4
22.1	66.4
22.4	66.4
22.7	66.4
23	66.4
23.3	66.5
23.6	66.5
23.9	66.5
24.2	66.5
24.6	66.5
25	66.5
25.4	66.5
25.8	66.5
26.2	66.6
26.6	66.6
27	66.6
27.4	66.6
27.8	66.6
28.2	66.6
28.6	66.6
29	66.6
29.4	66.6
29.8	66.6
30.2	66.6
30.6	66.6
31	66.6
31.5	66.6
32	66.6
32.5	66.6
33	66.6
34	66.5
34.5	66.5
35.5	66.5
36	66.5
36.5	66.5
37	66.5
37.5	66.4
38	66.4
38.6	66.4
39.2	66.4
39.8	66.4
40.4	66.3
41	66.3
41.6	66.3
42.2	66.2
42.8	66.2
43.4	66.2
44	66.1
44.6	66.1
45.2	66.1
45.9	66.0
46.6	66.0
47.3	65.9
48	65.9
48.7	65.9
49.4	65.8
50.1	65.8
50.8	65.8
51.5	65.7
52.2	65.7
53	65.7
53.8	65.6
54.6	65.5
55.4	65.5
56.2	65.4
57	65.3
57.8	65.2
58.6	65.2
59.5	65.1
60.4	65.0
61.3	65.0
62.2	64.9
63.1	64.9
64	64.8
64.9	64.8
65.8	64.8
66.8	64.8
67.8	64.7
68.8	64.7
69.8	64.8
70.8	64.8
71.8	64.8
72.8	64.7
73.9	64.7
75	64.7
76.1	64.7
77.2	64.6
78.3	64.6
79.4	64.6
80.6	64.6
81.8	64.6
83	64.6
84.2	64.6
85.4	64.6
86.6	64.6
87.9	64.6
89.2	64.6
90.5	64.6
91.8	64.6
93.1	64.5
94.5	64.5
95.9	64.4
97.3	64.4
98.7	64.4
100	64.3
102	64.2
104	64.1
108	63.9
110	63.8
112	63.7
114	63.6
116	63.5
118	63.4
120	63.4
122	63.3
124	63.2
126	63.1
128	63.0
130	62.9
132	62.8
134	62.8
136	62.7
138	62.6
140	62.5
142	62.4
144	62.3
148	62.1
150	62.0
152	62.0
154	61.9
156	61.8
158	61.7
160	61.7
162	61.6
166	61.5
168	61.4
170	61.3
173	61.3
176	61.2
179	61.1
182	61.0
185	60.9
188	60.8
191	60.8
194	60.7
197	60.6
200	60.5
203	60.4
206	60.3
209	60.2
212	60.2
215	60.1
218	60.0
221	59.9
224	59.8
227	59.7
233	59.5
236	59.4
239	59.4
243	59.2
247	59.1
251	59.0
255	58.9
259	58.8
263	58.7
267	58.6
271	58.5
275	58.4
279	58.4
283	58.3
287	58.2
291	58.1
295	58.0
299	58.0
303	57.9
307	57.8
312	57.7
317	57.7
322	57.6
327	57.5
332	57.4
337	57.3
342	57.3
347	57.2
352	57.1
357	57.1
362	57.0
367	56.9
372	56.9
377	56.9
383	56.8
389	56.8
395	56.9
401	57.0
407	57.0
413	57.1
419	57.3
425	57.4
431	57.5
437	57.6
443	57.7
449	57.7
456	57.8
463	57.9
470	57.9
477	57.9
484	58.0
491	58.0
498	58.0
505	58.1
519	58.2
527	58.2
535	58.3
543	58.3
551	58.4
559	58.5
567	58.6
575	58.7
583	58.8
592	58.9
601	59.0
610	59.1
619	59.2
628	59.3
637	59.4
646	59.5
655	59.6
665	59.7
675	59.8
685	59.9
695	59.9
705	60.0
715	60.1
725	60.1
736	60.2
747	60.3
758	60.3
769	60.3
780	60.4
791	60.4
803	60.4
815	60.5
827	60.6
839	60.7
851	60.9
863	61.0
876	61.1
889	61.2
902	61.3
915	61.3
928	61.4
942	61.5
956	61.6
970	61.7
984	61.7
998	61.8
1010	61.9
1020	62.0
1030	62.1
1050	62.2
1070	62.3
1090	62.5
1110	62.6
1130	62.7
1150	62.9
1190	63.1
1210	63.2
1230	63.3
1250	63.5
1270	63.6
1290	63.7
1310	63.8
1350	64.0
1390	64.2
1430	64.3
1450	64.4
1470	64.5
1490	64.5
1510	64.6
1530	64.7
1570	64.8
1610	64.9
1630	64.9
1670	65.0
1690	65.1
1710	65.1
1730	65.1
1760	65.2
1790	65.3
1820	65.3
1850	65.4
1880	65.4
1910	65.5
1940	65.5
1970	65.6
2000	65.6
2030	65.7
2060	65.7
2090	65.7
2120	65.8
2150	65.8
2180	65.8
2210	65.8
2240	65.8
2270	65.8
2300	65.7
2330	65.7
2360	65.6
2390	65.5
2420	65.4
2460	65.2
2500	65.1
2540	65.0
2580	64.9
2620	64.9
2660	64.9
2700	64.8
2740	64.8
2780	64.8
2820	64.8
2860	64.9
2900	65.0
2940	65.1
2980	65.3
3020	65.6
3060	65.9
3100	66.2
3150	66.7
3200	67.1
3250	67.6
3300	68.1
3350	68.6
3400	69.1
3450	69.5
3500	69.9
3550	70.3
3600	70.6
3650	70.8
3700	70.9
3750	70.9
3800	70.8
3860	70.7
3920	70.6
3980	70.3
4040	70.1
4100	69.9
4160	69.7
4220	69.4
4280	69.2
4340	68.9
4400	68.7
4460	68.5
4590	67.9
4660	67.6
4730	67.4
4800	67.1
4870	66.9
4940	66.6
5010	66.4
5080	66.3
5150	66.4
5220	66.6
5300	66.9
5380	67.3
5460	67.8
5540	68.3
5620	68.9
5700	69.5
5780	70.0
5860	70.4
5950	70.8
6040	71.1
6130	71.6
6220	71.9
6310	71.9
6400	71.7
6490	71.3
6580	70.9
6680	70.4
6780	69.8
6880	69.4
6980	69.0
7080	68.7
7180	68.4
7280	68.3
7390	68.2
7500	68.1
7610	68.1
7720	68.1
7830	68.0
7940	67.8
8060	67.4
8180	67.0
8300	66.4
8420	65.9
8540	65.3
8660	64.7
8790	64.1
8920	63.6
9050	63.1
9180	62.8
9310	62.6
9450	62.4
9590	62.4
9730	62.4
10010	62.9
10160	63.3
10310	63.9
10460	64.6
10610	65.4
10760	66.4
10920	67.5
11080	68.6
11240	69.7
11400	70.5
11570	70.9
11740	70.8
11910	70.4
12080	69.9
12260	69.3
12440	68.8
12620	68.4
12800	67.8
12990	66.9
13180	65.6
13370	64.2
13560	62.7
13760	61.1
14160	58.6
14370	57.7
14580	57.0
14790	56.7
15010	56.5
15230	56.6
15900	56.3
16130	55.7
16360	55.1
16600	54.7
16840	54.5
17080	54.4
17330	54.2
17580	53.8
17840	53.0
18100	51.8
18360	50.4
18630	49.1
18900	47.9
19170	47.0
19450	46.0
19730	44.7
20000	43.7
