20.50093491431608    5.103808283481692
21.192714496755904    5.1582491341557635
21.77874367808274    5.277338495005294
22.38097796618905    5.351060480293098
23.104664601353136    5.441795231416547
23.689654031029725    5.515517216704351
24.41122524168741    5.607386152216845
25.086253933540966    5.689047428227951
25.76823146482281    5.736683172567762
26.480784620384004    5.816076079800782
27.15125438740929    5.8812916821707635
27.90205143056701    5.940836362595528
29.26624797513317    6.014558347883332
30.075529643321584    6.0599257234450565
30.837015137131246    6.179015084294585
31.689732269622343    6.165404871626068
32.78886360798046    6.258407991527605
33.46655756578121    6.247066147637174
34.78509630857616    6.303775367089331
36.90286249818114    6.39451011821278
37.87162840491163    6.383168274322349
38.971985046442484    6.519270401007526
40.0496535298708    6.496586713226662
41.157122121217455    6.451219337664938
42.2952148646533    6.405851962103213
43.4647785911391    6.383168274322349
44.66668354853458    6.383168274322349
45.901824049131584    6.383168274322349
47.17111913509326    6.439877493774507
48.475513262293944    6.496586713226662
49.883964792275265    6.383168274322349
51.19350776839757    6.383168274322349
52.132959414258075    6.417193805993644
54.806299366613466    6.303775367089331
57.09523078707736    6.247066147637174
58.54083093196883    6.260676360305691
60.709109705285336    6.179015084294585
63.10096949037581    6.110964020951997
64.84586203337851    6.020229269828546
66.63900502342216    5.986203738157252
68.48173270062883    5.952178206485957
70.40741727163723    5.906810830924233
72.32146457188571    5.838759767581646
74.15257932915448    5.719670406732115
76.27239308417357    5.702657640896469
78.38150695364975    5.607386152216845
80.65887434930309    5.5495427483756465
83.00241044285927    5.430453387526116
85.27823873515584    5.413440621690469
87.5368400475218    5.277338495005294
89.95744278422362    5.169590978046195
92.48701750123952    5.103808283481692
94.57039452356061    5.0561725391418815
97.67271206199858    4.926875518790965
100.73931214216111    4.804383604774307
103.57206960076985    4.710246300483725
106.31518455945535    4.562802329908118
109.25505337991845    4.486244883647707
112.352806572843    4.38246701205026
115.38092219215565    4.307610842373412
118.76029626104959    4.164703609353978
121.7118559252434    4.09665254601139
125.53320560682235    3.9401351003234364
128.77012169122227    3.7972278673040023
132.39109661064603    3.7178349600709844
136.05202668987562    3.6214292870023144
139.8141902310836    3.5477073017145138
143.68038658132187    3.383250565303257
147.65349249627505    3.2641612044537283
151.52965981384088    3.11671723387812
155.86146674588178    2.9806151071929463
160.9743962656159    2.78780376105561
165.42572286054363    2.765120073274751
169.92287203179202    2.640359790480005
174.46294588948138    2.4770372384577932
179.531950558571    2.3794973810000855
185.33709783142285    2.1980278787531837
190.46211132265194    2.0732675959584377
195.72884367962698    1.9088108595471844
200.86707464287397    1.7420857543578414
206.70324881751014    1.63660660617683
212.51567851705147    1.5379325643300774
218.29298262063352    1.432453416149066
224.32930505182304    1.3303768211351823
230.00912228727083    1.4018304376449038
242.35408623877674    1.2112874602856536
249.05575566255249    1.2112874602856536
255.94274225495005    1.2112874602856536
263.0201704783696    1.2112874602856536
269.6796057991733    1.2657283109597266
277.76756210445717    1.1886037725047949
285.31875873891744    1.1976772476171362
293.20850399201174    1.1432363969430668
301.4534339895362    1.07518533360048
309.78934155607755    0.961766894696165
318.3557568797809    0.9163995191344405
327.15905405077376    0.8086520021753394
337.7377086273141    0.695233563271028
347.07696306403875    0.632853421873655
357.16125195034215    0.5103615078569952
365.705148567361    0.4116874660102461
376.6730052336626    0.24723072959898929
387.08891363080505    0.12814136874946058
397.6120448405847    -0.054462317886486034
408.79276924403763    -0.2177848699086944
420.09686584426674    -0.41059621604602725
431.71354771889776    -0.6204203280190086
444.6610611209664    -0.8727763545811058
456.12679669181506    -0.9799567793456809
469.16617935938353    -1.1909150757077072
481.4826276884741    -1.3633111028422604
494.7967725173757    -1.4653876978561406
508.4790852558361    -1.5674642928700244
520.1695883929583    -1.5788061367604556
541.1554044204929    -1.4971448607493514
556.8786243725873    -1.3973366345135538
572.2776486169532    -1.3349564931161844
588.1024926671097    -1.1988543664310072
605.1897559024862    -1.075228268025306
621.0770655292065    -0.920979191115439
638.251330029805    -0.7735352205398307
655.6023888026376    -0.612481037295705
674.0377197302666    -0.450292669662538
693.6218229966396    -0.36069210292813025
711.830631983112    -0.20644302601826325
731.1819667171341    -0.08848784955777944
753.453286350763    0.04591300054383396
770.7760204870684    0.14969087214127796
793.8923505350377    0.20753427598248209
813.9929943390988    0.35384406216904196
838.4054438883028    0.428700231845891
859.6331193780928    0.5648023585310682
885.4143611130803    0.6555371096545173
911.1399930384092    0.7417351232217975
935.0590416368142    0.837006611901419
960.9156578218989    0.9447541288605166
987.4872712111928    1.0468307238744003
1018.9542328795535    1.1976772476171362
1047.6069022475685    1.2339711480665159
1081.4811643646017    1.3757441966969104
1111.386702018591    1.432453416149066
1142.1191992275344    1.5855683086698882
1172.1018636262238    1.7012551163522893
1206.1571742773115    1.7897214986976522
1237.8209496458444    1.8645776683745012
1268.0080302241884    1.9853683058075937
1309.008940288989    2.1243058934653796
1345.2061644692355    2.254737098205336
1382.4043283665703    2.3227881615479262
1421.2770989734136    2.4702321321235345
1456.600218644244    2.6267495778114878
1499.6031913730892    2.790072129833696
1541.7715567806363    3.025982482754671
1584.4052233338973    3.235806594727652
1628.217812611333    3.377579643358043
1669.442830417174    3.5318287202679066
1718.7295211576259    3.7495921229641915
1767.863165773476    4.021796376334544
1815.923069840155    4.28492715459255
1866.1376806269818    4.57603448111362
1917.7408453555206    4.920070412456706
1970.7709608592597    5.303802797416299
2029.8763180178646    5.668632109225175
2074.6582419692995    6.008887425938115
2119.464356392712    6.340636359733232
2168.1932135392376    6.627017917966624
2225.112149423542    6.961602312734348
2290.8037756196018    7.29505252311303
2353.0799810541407    7.540036351146348
2429.1665817528965    7.710164009502817
2496.3388405699097    7.812240604516699
2568.869733442114    7.798630391848183
2635.1089067246826    7.689748690500041
2717.8426100692723    7.526426138477831
2796.809274366112    7.39259238057074
2878.070307750793    7.1725606090963705
2953.6247824601674    7.018311532186505
3021.5319211930405    6.859525717720466
3106.4964390577775    6.526075507341785
3190.9475005058935    6.309446289034545
3271.7394354097896    6.097353808283481
3374.4612315295694    5.818344448578868
3463.046852627413    5.58356828004694
3563.6653568934403    5.301156367175199
3661.376861899417    5.047666156224059
3775.4736912525286    4.783968285771529
3879.8745577269206    4.619511549360276
3987.1623575537706    4.477738500729883
4116.086844890745    4.262243466811688
4229.906478725322    4.148825027907373
4346.873497329565    3.9730264476056885
4467.0749334108805    3.77454417952314
4596.865380197088    3.5862695709419796
4717.541288695628    3.3945924091936917
4841.385154853895    3.11671723387812
4970.739407837832    2.87003212926124
5108.192226645453    2.504257663794828
5249.445944242578    2.150392134413373
5382.357217443253    1.7481347377660725
5512.365098591582    1.4154406503134176
5585.943791814413    1.165920084723929
5814.827737030622    0.5024222171336952
5967.477327978313    0.09525002146721206
6093.585259688884    -0.36749720926238894
6239.354046760467    -0.8302444399919864
6382.803777874913    -1.3678478403984329
6529.551578822003    -1.646857200103046
6679.6732759176    -2.091457480607957
6817.7315591595625    -2.4266089675702
6964.973188729285    -2.7810415891461773
7167.339837038193    -3.215812271612709
7365.533904987047    -3.535274207859864
7569.208512363811    -3.722414632051983
7778.5152091756645    -3.875529524572805
7989.976538294214    -4.001423991756596
8214.652140615399    -4.136391934052725
8432.217892214056    -4.317861436299626
8675.24302217936    -4.584394767724767
8894.892411400662    -4.8588673898732
9215.964779888332    -5.205927812920404
9457.900279521324    -5.435033059507116
9723.853431174608    -5.539378023299083
9988.199378365736    -5.525767810630565
10264.396951146191    -5.525767810630565
10543.437740232695    -5.580208661304638
10889.308051779313    -5.503084122849703
11215.889097671045    -5.364146535191921
11499.865371716509    -5.0919422818215665
11833.992890691585    -4.715960156853768
12144.656293931857    -4.52201462632739
12680.65739136451    -4.5050018604917454
13060.962763732943    -4.87928270887598
13422.129584384571    -5.2705763230958595
13730.719362338092    -5.619338022726623
14142.517124774015    -5.96809972235739
14626.3873672895    -6.274329507399035
15071.897463230087    -6.452963548673328
15418.41725074037    -6.600974611443458
15880.830730807094    -6.693977731344997
16319.97363689352    -6.614584824111976
16695.188092182    -6.461469931591154
17195.893184055407    -6.35939333657727
17691.496384701284    -6.384912485330741
18201.383375660393    -6.580559292440682
18650.10983552082    -7.149271750375167
18861.24327371307    -7.771452900935973
19062.38278735325    -8.213784812662794
19004.696473044714    -8.520014597704442
19178.28124564758    -8.979359275266912
19265.66728705606    -9.654198986747577
19441.63571043026    -10.232633025159576
19530.221729243858    -10.782712453845495
19619.211391189492    -11.321450038640986
19798.409009673825    -12.041657125683376
19798.409009673825    -11.650363511463496
19798.409009673825    -12.535027334917139
