21.56345697969279    6.002073613271129
22.106128187710215    6.002073613271129
22.662456391463003    6.002073613271129
23.23278528623063    5.992915154656991
23.817467216811693    5.974598237428722
24.416863395199726    5.974598237428722
25.000256007158264    5.96360808709176
25.661289023885743    5.905909797822709
26.3070872707527    5.814325211681357
26.969137833521167    5.763953689303616
27.647849721929788    5.713582166925871
28.343642238955873    5.672369103162264
29.056945239857495    5.672369103162264
29.788199397734857    5.672369103162264
30.53785647577462    5.672369103162264
31.306379606345857    5.672369103162264
32.09424357711952    5.663210644548126
32.901935124388736    5.603680663556251
33.72995323377063    5.5212545360290335
34.57880944847588    5.406773803352344
35.449028185336154    5.310609987903927
36.341147058784735    5.28313461206152
37.255717212990625    5.246500777604979
38.19330366235118    5.260238465526182
39.15448564055364    5.251080006912048
40.13985695842121    5.196129255227234
41.15002637076483    5.141178503542424
42.18561795246723    5.081648522550548
43.247271484031614    5.012960082944534
44.335642846833004    4.935113184724383
45.451404428316806    4.857266286504238
46.595245537394604    4.770260929669952
47.76787283029385    4.664938655607401
48.97001074712467    4.559616381544846
50.20240195943331    4.490927941938832
51.465807829018985    4.417660273025753
52.761008878297325    4.321496457577332
54.0888052725011    4.257387247278384
55.45001731401607    4.216174183514777
56.84548594915757    4.12001036806636
58.27607328770065    4.014688094003805
59.74266313548486    3.9505788837048605
61.246161540422634    3.872731985484709
62.78749735224871    3.767409711422154
64.36762279635647    3.648349749438399
65.98751406207536    3.520131328840506
67.64817190575305    3.3827544496284787
69.35062226901522    3.2453775704164514
71.09591691258414    3.089683773976155
72.88513406604856    2.9431484361499933
74.71937909398558    2.787454639709697
76.59978517884626    2.6226023846552664
78.52751402102712    2.4623293589078976
80.50375655655971    2.3066355624676014
82.52973369286173    2.146362536720236
84.60669706300409    1.97693105235874
86.73592979896027    1.7983411093831023
88.91874732431548    1.6334888543286716
91.15649816692508    1.4640573699671684
93.45056479202468    1.3037843442198067
95.80236445630658    1.1709866943148484
98.2133500834901    1.056505961638159
100.68501116192657    0.9786590634180108
103.21887466479376    0.937445999654404
105.81650599344835    0.9603421461897383
108.47950994451824    1.0107136685674796
111.20953170133437    1.0885605667876312
114.00825785031188    1.2121997580784587
116.87741742290987    1.33125972006221
119.81878296381448    1.450319682045965
122.83417162600279    1.5556419561085235
125.92544629336608    1.6289096250216026
129.09451673158534    1.660964230171075
132.34334076796918    1.6014342491791957
135.67392550098535    1.5006912044237133
139.0883285402302    1.3770520131328894
142.58865927760363    1.2442543632279275
146.17708019047654    1.0931397960946967
149.8558081776509    0.9191290824261316
153.62711592894414    0.7588560566787699
157.4933333292389    0.6031622602384701
161.45684889786767    0.4566269224123083
165.52011126422232    0.31009158458614294
169.6856306804981    0.1681354760670537
173.9559805725075    0.030758596855026354
178.33379912952475    -0.08372213582166665
182.82179093413635    -0.1890444098842181
187.42272863311334    -0.27604976671850423
192.13945465033038    -0.3493174356315869
196.97488294279268    -0.40426818731639713
201.93200080085808    -0.45463970969413836
207.01387069375957    -0.48211508553654525
212.22363216157714    -0.48211508553654525
217.56450375482083    -0.527907378607221
223.03978502282567    -0.5599619837566898
228.65285855218923    -0.6057542768273692
234.40719205650691    -0.6607050285121794
240.30634051869768    -0.7110765508899206
246.35394838724787    -0.7660273025747308
252.5537518277199    -0.8163988249524792
258.90958103092936    -0.8667703473302204
265.42536257920625    -0.9125626404008962
272.10512187220655    -0.9583549334715684
278.95298561377575    -0.9995679972351752
285.973184361391    -1.031622602384651
293.1700551397701    -1.0728356661482614
300.54804412025067    -1.0865733540694613
308.1117093675998    -1.1277864178330717
315.8657236559531    -1.150682564368406
323.8148773556176    -1.1918956281320128
331.96408139252446    -1.2010540867461543
340.3183702821647    -1.233108691895623
348.8829052398696    -1.2514256091238956
357.6629773693731    -1.2514256091238956
366.6640109316141    -1.2514256091238956
375.8915666958016    -1.2560048384309646
385.3513453748174    -1.1735787109037474
395.0491911470717    -1.1323656471401407
404.99109526698953    -1.059097978227058
415.18319976636644    -0.9675133920857064
425.6318012488623    -0.8667703473302204
436.34335477999946    -0.7797649904959343
447.32447787505066    -0.6881804043545827
458.58195458728727    -0.6240711940556416
470.12273969912    -0.5691204423708314
481.9539630187038    -0.5095904613789486
494.08293378468306    -0.431743563158804
506.51714518178153    -0.33557974771038346
519.2642789700324    -0.2348367029548939
532.3322102305133    -0.12493519958527344
545.72901223051    0.00786245031968491
559.4629614111155    0.1315016416105088
573.5425425003585    0.2642992915154707
587.976453754995    0.3787800241921566
607.7882936073128    0.4932607568688461
623.0840417715023    0.5848453430101976
638.7647264577735    0.6993260756868871
654.8400350723524    0.7817522032141042
671.3198988170918    0.8870744772766557
688.2144988248876    0.9832382927250762
705.534272449502    1.0931397960946967
723.2899197136884    1.1984620701572553
741.4924099195722    1.2763089683773998
760.1529884254096    1.3404181786763445
779.2831835928807    1.3862104717470238
798.8948139092196    1.4320027648176996
818.99999528859    1.47321582858131
839.6111485572006    1.5006912044237133
860.7410071267938    1.5556419561085235
882.4026248612572    1.6105927077933337
904.609384141189    1.6701226887852094
927.3750041314395    1.738811128391223
950.7135492567008    1.8120787973043058
974.6394378903989    1.8945049248315229
999.1674512622576    1.9815102816658055
1024.3127425900261    2.082253326421295
1050.0908464410206    2.1921548297909155
1076.5176883292609    2.302056333160536
1103.6095945541267    2.4348539830654943
1131.383302286626    2.585968550198725
1159.855969909487    2.723345429410749
1189.0451876174698    2.860722308622776
1218.9689882844673    2.9843614999136
1249.645858604058    3.1217383791256275
1281.0947505104568    3.2545360290305894
1313.3350928868683    3.3781752203214133
1346.386803568499    3.5155520995334406
1380.2703016476482    3.6575082080525334
1415.0065200884621    3.804043545878695
1450.6169186591605    3.955158113011926
1487.1234971897102    4.129168826680495
1524.5488091631587    4.30317954034906
1562.9159756489976    4.495507171245897
1602.248699587182    4.692414031449804
1642.5712804316263    4.893900120960776
1683.9086291622127    5.1137031277000204
1726.2862836746128    5.342664593053399
1769.7304245573962    5.576205287713844
1814.2678912662002    5.8280628996025605
1859.9261987049308    6.084499740798343
1906.7335542242702    6.350095040608263
1954.718875047953    6.624848799032314
2003.9118061376084    6.917919474684641
2054.342738507181    7.201831691722827
2106.042827998277    7.490323138068085
2159.044014527996    7.76507689649214
2213.3790418211674    8.007776049766722
2269.0814776391676    8.204682909970625
2326.1857345178323    8.374114394332128
2384.72709102725    8.493174356315883
2444.7417135665937    8.53438742007949
2506.266678707444    8.557283566614828
2569.339996099402    8.53438742007949
2634.00063195217    8.566442025228966
2700.2885331085695    8.630551235527907
2768.244651723395    8.772507344047007
2837.9109705633305    9.006048038707451
2909.3305289435953    9.280801797131506
2982.547449317292    9.560134784862626
3057.6069645339203    9.770779332987733
3134.555445783876    9.84862623120788
3213.440431246229    9.720407810609991
3294.3106554574333    9.473129428028344
3377.2160794191545    9.180058752376016
3462.2079214637897    8.905304993951962
3549.3386888967498    8.712977363055124
3638.6622104350863    8.68550198721272
3730.2336694624455    8.763348885432869
3824.109638120945    8.886988076723693
3920.3481122609915    8.96941420425091
4019.008547270694    8.85493347157422
4111.626934559205    8.557283566614828
4188.990981806622    8.213841368584763
4250.168017011981    7.916191463625367
4312.238496403013    7.581907724209437
4384.286947187423    7.259072058061175
4476.04267355148    6.959132538448248
4588.687853175565    6.917919474684641
4694.4345475985265    7.145049248315193
4782.7646568036425    7.472006220839816
4852.613306050926    7.769656125799209
4923.482041828022    8.103939865215139
4995.3857617247795    8.465698980473476
5068.339580899059    8.825168481078283
5142.358835254119    9.189217210990154
5217.459084662456    9.491446345256612
5326.651697704143    9.784517020908936
5460.703511112512    9.789096250216005
5574.986819471769    9.553265940902023
5656.405272365447    9.207534128218423
5727.138252777052    8.850354242267152
5798.755744512905    8.484015897701749
5871.268808329634    8.135994470364611
5944.688643297933    7.8154484188698845
6044.011908349843    7.4747537584240575
6183.296667045883    7.252203214100572
6338.907016304627    7.265940902021775
6498.433493496473    7.37126317608433
6661.974652850359    7.265940902021775
6787.3258410800445    6.982028684983586
6857.981715609393    6.640876101607052
6929.373115840962    6.228745463970974
6987.020957231438    5.857827890098498
7045.148390868055    5.4044841886988095
7103.759406643879    4.9854847071021275
7125.8640311337995    4.580222913426649
7162.8580276452685    4.225332642128915
7216.467041061703    3.716122343182999
7282.5343452958305    3.1789787454639757
7312.764557278516    2.7416623466390213
7373.601964108314    2.3066355624676014
7434.945498277612    1.8258164852255092
7512.343075550145    1.358735095904617
7590.546359464238    1.0015552099533487
7733.36947949281    0.6901676170727562
7911.585624363471    0.737791601866256
8060.449393812158    1.0839813374805622
8178.166141945052    1.4045273889752963
8263.300625589265    1.647226542249875
8366.632663012502    2.079963711767757
8488.820985498382    2.430274753758429
8612.793775732913    2.7737169517884936
8756.695475275916    3.117159149818562
8903.001470065114    3.453732503888027
9033.023052048246    3.804043545878695
9145.980418402392    4.152064973215829
9260.350309283514    4.536720235009504
9376.150388219025    4.939692414031455
9493.398539617638    5.3243476758251305
9612.11287153141    5.672369103162264
9772.711094875593    6.0185588387765705
9997.924037420487    6.185242785553829
10228.32703101644    5.952617936754798
10420.782423561546    5.583074131674447
10616.859041553116    5.232763089683775
10861.52544395871    4.925954726110252
11134.869237541352    4.724468636599276
11415.092067579384    4.545878693623642
11678.153816668475    4.353551062726805
11897.889035358041    4.0650596163815464
12096.677778911418    3.7216174183514816
12298.787864968957    3.35756868843961
12504.274786190115    2.9797822706065347
12765.968153773782    2.6363400725764663
13087.23961623197    2.4714878175220356
13361.133453828124    2.7256350440642834
13556.262671159539    3.034733022291345
13725.782855057705    3.36443753240021
13897.422877841056    3.7033005011232127
14100.384195340675    4.07192846034215
14335.972008395698    4.401632970451015
14635.999707451541    4.678676343528604
15004.33283925251    4.6832555728356695
15318.348202493433    4.422239502332818
15542.061056338709    4.0696388456886154
15703.853482639724    3.7216174183514816
15834.49924808668    3.3919129082426167
15966.231900650104    3.034733022291345
16065.750096361773    2.6500777604976697
16199.406604373546    2.196734059097981
16311.636030513417    1.7525488163124265
16424.64298168237    1.3770520131328894
16504.213357969562    1.0152928978745486
16572.723281131275    0.726801451529294
16653.01104318816    0.3055123552790775
16768.383039121196    -0.10661828235700099
16828.692009823946    -0.6909279419388241
16978.070579516363    -1.1048902712977338
17025.022754232985    -1.4712286158631365
17119.316995825924    -2.0298945913253803
17202.25277084741    -2.3779160186625177
17273.66029509455    -2.693882840850179
17345.364236013796    -3.0373250388802475
17417.36582404756    -3.4082426127527157
17501.74551827268    -3.8341109383100047
17598.68012118168    -4.23250388802488
17696.151602954058    -4.594263003283217
17794.162937129775    -5.024710558147568
17929.8154946134    -5.290305857957485
18229.385063948383    -5.578797304302746
18572.387731706163    -5.299464316571623
18804.63423356869    -4.869016761707272
18921.844310535344    -4.562208398133741
