
Frequency	dB	Unweighted
22.12739065777668	67.6
21.810154653305165	67.6
21.189261887185914	67.6
20.885475648548283	67.6
20.586044732869844	67.65
20.290906698750476	67.65
20	67.65
21.49746679841394	67.6
22.449240966187475	67.6
22.77577269513385	67.6
23.107053937445478	67.6
23.44315377638505	67.6
24.130090616010463	67.55
24.481070866093134	67.5
24.837156241469714	67.5
25.1984209978975	67.5
25.56494047120865	67.5
25.936791093020236	67.5
26.3140504066728	67.45
27.08511093873791	67.4
27.47907294916184	67.4
27.878765268980047	67.4
29.11306365684382	67.30000000000001
30.402009102982383	67.19999999999999
30.844216508158908	67.19999999999999
31.74802103936409	67.15
32.20980663898519	67.1
32.67830906482211	67.1
33.153626015361866	67.1
34.62146244024586	67.0
35.635948725613716	66.9
36.15428553564419	66.9
36.68016172818701	66.85
37.21368696608603	66.80000000000001
37.754972507267915	66.80000000000001
38.86127764614443	66.69999999999999
40.58181339750116	66.6
41.77095129709678	66.5
42.37852377437204	66.44999999999999
43.62030930661056	66.4
45.55154539026795	66.19999999999999
48.260181232021196	66.0
48.962141732186545	65.94999999999999
49.674312482939705	65.9
50.39684199579528	65.85
51.129880942417586	65.80000000000001
52.628100813345895	65.69999999999999
53.393594166801776	65.65
54.17022187747612	65.55000000000001
57.39135089244048	65.35
61.68843301631817	65.05000000000001
63.49604207872855	64.85
64.41961327797075	64.8
65.35661812964459	64.75
66.3072520307241	64.65
68.25020282090806	64.5
70.25008641493265	64.35
71.27189745122783	64.3
72.30857107128878	64.2
73.36032345637442	64.15
74.42737393217246	64.05
75.50994501453623	63.95
76.60826245588666	63.849999999999994
80.00000000000082	63.599999999999994
81.16362679500274	63.5
83.541902594194	63.35
84.75704754874454	63.25
85.98986719365665	63.15
87.24061861322157	63.05
88.50956263110764	62.95
91.10309078053635	62.75
93.77261510554118	62.6
95.13656920021877	62.45
96.52036246404286	62.349999999999994
97.92428346437356	62.25
99.34862496587989	62.150000000000006
100.79368399159105	62.05
102.25976188483567	61.95
103.74716437208203	61.849999999999994
105.25620162669229	61.75
108.34044375495276	61.6
109.9162917966485	61.55
113.13708498984903	61.45
114.78270178488147	61.400000000000006
116.45225462737648	61.35
118.14609167516147	61.3
119.86456615013608	61.25
121.60803641193078	61.2
123.3768660326369	61.150000000000006
125.17142387262359	61.150000000000006
126.99208415745765	61.1
134.5434264405962	61.150000000000006
138.48584976098482	61.150000000000006
144.61714214257822	61.05
146.7206469127495	60.95
151.01989002907314	60.9
153.216524911774	60.849999999999994
155.4451105845792	60.8
157.70611178243232	60.7
160.00000000000236	60.7
162.3272535900062	60.65
164.6883578629612	60.599999999999994
167.08380518838874	60.65
169.51409509748981	60.6
171.97973438731407	60.55
174.4812372264439	60.5
179.5939277295025	60.45
182.20618156107355	60.4
184.85643149956664	60.3
190.27313840043846	60.2
193.04072492808663	60.1
195.84856692874806	60.05
201.58736798318304	59.95
210.5124032533856	59.8
216.68088750990657	59.8
219.83258359329807	59.7
223.03012215184378	59.7
226.2741699796992	59.7
229.5654035697641	59.7
232.90450925475412	59.7
236.2921833503241	59.65
239.72913230027333	59.65
243.21607282386276	59.65
246.75373206527502	59.599999999999994
253.9841683149166	59.599999999999994
257.67845311188546	59.55
261.42647251858085	59.55
265.22900812289896	59.55
269.08685288119375	59.5
273.0008112836349	59.5
276.97169952197106	59.5
281.00034565973334	59.5
285.0875898049141	59.45
289.23428428515797	59.45
293.44129382550057	59.45
297.7094957286928	59.45
306.4330498235497	59.4
315.41222356486645	59.45
320.00000000000654	59.45
324.6545071800142	59.45
329.3767157259242	59.45
334.16761037677935	59.45
343.95946877463007	59.45
354.03825052443415	59.4
359.187855459007	59.4
364.4123631221491	59.4
369.71286299913527	59.4
375.0904604221685	59.4
380.54627680087896	59.4
386.08144985617537	59.4
391.6971338574982	59.4
397.3944998635236	59.4
403.1747359663683	59.4
409.0390475393468	59.4
414.9886574883323	59.45
421.0248065067734	59.45
427.1487533344206	59.45
433.3617750198154	59.5
439.6651671865984	59.5
446.06024430368984	59.55
452.54833995940066	59.599999999999994
459.13080713953053	59.65
465.8090185095106	59.7
472.58436670065066	59.8
479.45826460054917	59.849999999999994
486.432145647728	59.9
500.6856954904994	60.05
507.9683366298358	60.1
515.3569062237735	60.150000000000006
522.8529450371643	60.25
530.4580162458005	60.3
546.0016225672724	60.45
553.9433990439449	60.55
562.0006913194694	60.55
570.1751796098309	60.65
578.4685685703187	60.65
586.8825876510039	60.7
595.4189914573883	60.75
612.8660996471021	60.8
621.780442338323	60.849999999999994
630.8244471297356	60.9
640.0000000000159	60.9
668.3352207535618	61.05
687.9189375492632	61.15
697.9249489057827	61.15
708.0765010488715	61.15
718.3757109180171	61.15
728.8247262443015	61.25
739.425725998274	61.25
750.1809208443404	61.3
761.0925536017613	61.3
772.1628997123541	61.349999999999994
783.3942677149998	61.349999999999994
794.7889997270506	61.4
806.34947193274	61.4
818.0780950786972	61.45
829.9773149766683	61.5
842.0496130135506	61.55
866.7235500396347	61.6
879.3303343732008	61.650000000000006
892.1204886073838	61.7
905.0966799188055	61.7
918.2616142790653	61.8
931.6180370190256	61.8
945.1687334013056	61.85
958.9165292011028	61.95
972.8642912954606	61.95
987.0149282611097	62.05
1001.3713909810035	62.15
1015.9366732596762	62.15
1030.7138124475518	62.25
1045.7058900743334	62.3
1060.916032491606	62.35
1076.3474115247852	62.45
1092.0032451345498	62.5
1107.8867980878947	62.599999999999994
1124.0013826389438	62.599999999999994
1140.350359219667	62.7
1156.9371371406426	62.7
1173.765175302013	62.8
1190.837982914782	62.85
1208.1591202326028	62.900000000000006
1225.73219929421	63.0
1243.5608846766518	63.05
1261.648894259477	63.15
1280.0000000000375	63.25
1298.6180287200684	63.25
1317.5068629037087	63.35
1356.112760779938	63.45
1375.8378750985323	63.55
1395.8498978115715	63.65
1416.153002097749	63.7
1436.7514218360407	63.75
1457.6494524886093	63.849999999999994
1478.8514519965543	63.95
1500.3618416886875	64.05
1544.3257994247153	64.25
1566.788535430007	64.35
1589.5779994541087	64.45
1612.6989438654878	64.55
1636.156190157402	64.65
1659.9546299533442	64.75
1684.099226027109	64.85
1708.5950133376978	65.0
1733.4471000792773	65.1
1758.6606687464096	65.25
1784.2409772147755	65.35
1810.193359837619	65.5
1863.2360740380593	65.8
1890.3374668026197	65.9
1917.833058402214	66.05
1945.7285825909298	66.2
1974.0298565222283	66.35
2002.7427819620161	66.5
2031.8733465193618	66.65
2061.4276248951132	66.8
2091.411780148677	66.9
2121.832064983222	67.1
2152.694823049581	67.2
2184.0064902691106	67.4
2215.7735961758003	67.55
2248.002765277899	67.65
2280.7007184393456	67.8
2313.874274281297	67.85
2381.6759658295764	68.0
2416.318240465218	68.0
2451.4643985884327	68.1
2487.1217693533167	68.1
2523.2977885189675	68.1
2560.0000000000887	68.1
2597.236057440151	68.1
2635.0137258074315	68.15
2673.340883014273	68.25
2712.225521559891	68.44999999999999
2751.6757501970797	68.6
2791.699795623158	68.85
2832.3060041955137	69.05
2873.502843672097	69.25
2915.2989049772345	69.4
2957.7029039931244	69.55000000000001
3000.723683377391	69.69999999999999
3044.370214407075	69.75
3088.6515988494466	69.65
3133.57707086003	69.44999999999999
3179.1559989082334	69.1
3225.3978877309914	68.75
3272.3123803148205	68.35
3319.9092599067053	68.0
3368.198452054235	67.75
3417.190026675413	67.5
3466.8942001585724	67.35
3517.3213374928373	67.25
3568.4819544295697	67.2
3620.386719675257	67.25
3673.0464571162966	67.4
3726.472148076138	67.6
3780.6749336052594	67.80000000000001
3835.6661168044484	68.05000000000001
3891.45716518188	68.25
3948.059713044477	68.5
4005.4855639240527	68.69999999999999
4063.746693038744	68.80000000000001
4122.855249790247	68.69999999999999
4182.823560297375	68.45
4243.664129966465	68.15
4305.389646099183	67.8
4368.012980538242	67.35
4431.5471923516225	67.05
4496.00553055582	66.80000000000001
4561.401436878714	66.65
4627.748548562617	66.65
4695.060701208099	66.69999999999999
4763.351931659176	66.80000000000001
4832.63648093046	67.05
4902.928797176889	67.25
4974.243538706657	67.4
5046.595577037959	67.55
5120.000000000202	67.75
5194.472114880326	68.1
5270.027451614888	68.6
5346.6817660285715	69.0
5424.451043119808	69.25
5503.351500394186	69.25
5583.399591246343	68.95
5664.612008391055	68.25
5830.597809954497	66.69999999999999
5915.405807986278	66.05000000000001
6001.447366754812	65.6
6088.740428814181	65.5
6177.303197698925	65.6
6267.154141720092	65.75
6358.3119978165005	65.94999999999999
6450.795775462017	66.25
6544.624760629676	66.6
6639.818519813445	66.94999999999999
6736.396904108505	67.15
6834.380053350861	67.0
6933.788400317181	66.55
7034.642674985712	65.8
7136.963908859177	64.69999999999999
7240.773439350552	63.25
7346.092914232631	61.3
7452.944296152315	58.65
7561.349867210557	55.55
7671.332233608935	52.849999999999994
7782.914330363799	52.15
7896.119426088994	54.05
8010.971127848146	56.7
8127.49338607753	58.65
8245.710499580537	59.8
8365.647120594791	60.7
8487.328259932974	61.3
8610.77929219841	61.75
8736.025961076528	62.099999999999994
8863.094384703289	62.599999999999994
8992.011061111683	63.05
9122.802873757471	63.45
9255.497097125279	63.85
9390.121402416245	64.65
9526.7038633184	65.4
9665.272961860968	65.85
9805.857594353829	65.95
9948.487077413367	65.75
10093.19115407597	65.19999999999999
10240.000000000457	64.45
10388.944229760706	63.849999999999994
10540.05490322983	63.4
10693.363532057198	63.35
10848.902086239672	63.55
11006.703000788428	64.0
11166.799182492743	64.4
11329.224016782166	64.65
11494.0113746885	64.7
11661.195619909053	64.19999999999999
11830.811615972614	63.5
12002.894733509682	62.5
12177.48085762842	61.45
12354.606395397908	60.6
12534.308283440243	59.95
12716.62399563306	59.400000000000006
12901.591550924093	58.8
13089.249521259411	58.3
13279.637039626952	57.9
13472.793808217073	57.75
13668.760106701786	57.9
13867.576800634426	58.3
14069.285349971487	59.1
14273.927817718419	60.150000000000006
14481.54687870117	61.25
14692.18582846533	62.0
14905.888592304698	62.55
15122.699734421185	62.7
15342.664467217943	62.55
15565.828660727671	62.400000000000006
15792.238852178061	62.400000000000006
16021.942255696367	62.45
16254.986772155136	62.4
16491.42099916115	61.65
16731.294241189662	59.9
16974.65651986603	57.4
17221.558584396902	54.650000000000006
17472.051922153143	52.1
17726.188769406665	49.9
17984.022122223458	48.05
18245.605747515034	46.75
18510.99419425065	45.8
18780.242804832582	45.2
19053.40772663689	44.55
19330.545923722028	43.5
19611.71518870775	42.05
19896.974154826825	40.4
20186.382308152035	39.75
