20.274708731524704    3.867776221323215
20.835497754809087    3.961639845075336
21.411797941918334    4.068091593295669
22.004038324436912    4.136778968111363
22.612659800763552    4.148819782820089
23.23811546434184    4.186036846465244
23.88087094096948    4.254724221280936
24.541404735437442    4.335999720564843
25.220208587756844    4.373216784209998
25.91778783923904    4.448198221259798
26.634661808701264    4.573532156182454
27.37136417907797    4.635925468764038
28.12844339472557    4.603907847834016
28.90646306971658    4.515243666797026
29.706002407426865    4.4454616724623595
30.527656631728597    4.438620300468765
31.372037430109653    4.494719550816242
32.239773409049626    4.5948772368024695
33.13151056199126    4.713917109491021
35.470260483194515    4.854165235359712
36.45135140762712    4.834735738897903
37.37450525318649    4.719996808735994
38.14717613458841    4.607237315537565
39.29154343328176    4.435131200752032
40.65469050991241    4.404550267940662
41.77918036004442    4.353650460308318
42.93477307695984    4.334220963846509
44.122328951502574    4.314791467384699
45.34273206976156    4.29536197092289
46.59689097123619    4.275932474461081
47.88573932520625    4.256502977999272
49.21023662581007    4.1993091081328195
50.57136890634795    4.1735855494369005
51.97014947334315    4.166744177443309
53.40761966090662    4.178784992152034
54.88484960596691    4.159355495690225
56.40293904494284    4.10845568805788
57.96301813245156    4.04496775595732
59.56624828266184    4.025538259495512
61.21382303391879    4.006108763033701
62.906968937283544    3.986679266571894
64.64694646964963    3.967249770110083
66.43505097211597    3.9100559002436306
68.27261361431425    3.8276857814407492
70.16100238540977    3.720139413701439
72.1016231125125    3.6125930459621287
74.09592050725706    3.4987526159887103
76.14537924133064    3.3912062482494
78.25152505174958    3.302542067212414
80.41592587670699    3.2075838239413166
82.6401930228381    3.1063315184361144
84.92598236477087    2.986197026228588
87.27499557785615    2.8471803473187443
89.68898140499431    2.6892814817065727
92.16973695850187    2.5502648027967325
94.71910905798697    2.398659999418669
97.33899560523015    2.247055196040609
100.03134699709324    2.095450392662549
102.79816757750918    1.9375515270503811
105.6415171296327    1.7544764125017842
108.56351240926364    1.5776953601872954
111.5663287206837    1.3820321211704822
114.65220153608034    1.1674866954513519
117.82342815976303    0.9340590830298972
121.08236943841105    0.7006314706084424
124.4314515186258    0.4797919826552004
127.87316765309679    0.23377624576553302
131.2607740143452    0.035775537984243044
134.73812458909367    -0.26922422777686705
139.41261341278138    -0.5956260855912774
143.26870152455362    -0.8290536980127285
147.23144724184485    -1.0498931859659706
151.30380066446745    -1.201497989344034
155.4887934906237    -1.264985921444591
159.78954127388027    -1.2655332312040777
163.09298903482076    -1.1856944200388249
171.0690685494073    -0.7602294957571658
175.80075950173284    -0.5216024406205797
180.66332682731593    -0.3647981945273848
185.66039050583217    -0.2835226952434837
190.79567064391253    -0.27777594276885864
196.0729902446091    -0.36014606157174356
201.49627805346205    -0.4739864915451619
207.06957148328794    -0.6381794193914345
212.79701961986575    -0.8338426584082477
218.68288631075922    -1.0546821463614862
224.7315533395754    -1.294403821017049
230.94752368801852    -1.515243308970284
237.33542488817608    -1.7234946724553133
242.24203624514166    -1.8324777283132754
257.5789301902941    -2.2853081405693167
264.70344372056485    -2.4369129439473802
272.02501798482365    -2.5948118095595447
279.5491035914112    -2.727534426235284
287.2813019099648    -2.885433291847452
295.2273692414008    -3.055920281927836
303.39322110324673    -3.2201132097741088
311.78493663349485    -3.3591298886839596
320.4087631162703    -3.4855584431255835
329.27112063267435    -3.618281059801326
338.3786068402683    -3.732121489774741
347.73800188475735    -3.8333737952799503
357.3562734475244    -3.940920163019257
367.24058193278483    -4.054760592992672
377.39828579820454    -4.168601022966094
387.8369470329724    -4.263559266237188
398.56433678738307    -4.345929385040073
409.588441158138    -4.40941731714063
420.91746713366297    -4.466611187007082
432.5598487038698    -4.4860406834688895
444.5242531389145    -4.5054701799307
456.8195874416153    -4.524899676392508
469.45500497835314    -4.506564799449677
482.4399122933683    -4.456759611336302
495.78397611154463    -4.331425676413652
509.4971305348848    -4.174621430320453
523.5895844380367    -4.02411124646137
538.0718290683799    -3.8861891870704994
552.9546458563178    -3.7797374388501623
568.2491144416142    -3.6669916283957207
583.9666209217161    -3.5668339424094953
600.1188663282395    -3.472970318657371
616.7178753378963    -3.3791066949052535
633.7760052243696    -3.285243071153129
651.3059550577906    -3.166203198464583
669.3207751586701    -3.047163325776033
687.8338768133228    -2.9281234530874833
706.8590422580071    -2.82167170486715
726.4104349392371    -2.7089258944127046
746.5026100578744    -2.6150622706605873
767.1505254048742    -2.5149045846743583
788.3695524967396    -2.4399231476245618
810.1754880189773    -2.377529835042978
832.584565586079    -2.302548397993178
855.6134678267643    -2.3597422678596303
879.2793388035195    -2.152585523893581
903.5997967756259    -2.0838981490778856
928.5929473152374    -2.0026226497939845
945.6379330716842    -1.9841053362646477
1010.0912005937457    -1.6282399697311618
1038.0298538839081    -1.5217882215108283
1273.7355385816    -0.5534604295374201
1305.9937077649024    -0.46427174331425647
1342.1168869183598    -0.3326437461574905
1379.2392164233038    -0.20101574900072805
1417.3883323142218    -0.06938775184396562
1456.592635025473    0.062240245312796816
1496.8813105342417    0.21275042917188713
1538.2843520882689    0.35696655079686224
1570.0864460055786    0.5249222332396144
1664.1864358881733    0.8082462520676863
1707.8855787856342    1.0000099090481527
1735.285099375265    1.1334394674965615
1879.0189864676115    1.9453506911230782
1923.6882605686385    2.1929703496690216
1984.4021139852416    2.6617791662923267
2104.289954990978    3.110942603159799
2163.4772161353494    3.4940092647398195
2223.317990718125    3.8144591289198004
2284.8139333220615    4.090850557461028
2348.0108251255933    4.3168894881294
2412.9557135932596    4.486281858690807
2479.6969475006244    4.561263295740607
2548.2842129279206    4.560715985981119
2618.768570249257    4.484639929412346
2691.2024921449893    4.326741063800176
2765.639902665409    4.080725326910507
2842.1362173750053    3.8032392788503024
2920.7483846070118    3.5068710440877773
3001.5349278591166    3.172738435920607
3084.5559893617624    2.794547392114687
3169.8733748515233    2.3660038504359093
3257.5505995829562    1.9689306199276686
3347.6529356130204    1.622209887292282
3440.247460393472    1.3447238392320777
3535.403106707188    1.230883409258663
3633.190713985819    1.2995707840743513
3733.683081046754    1.4563750301675462
3836.9550202888677    1.6446495874312745
3943.0834133872268    1.7762775845880405
4052.147268528287    1.7505540258921215
4164.227779228263    1.4101273554908467
4269.689517674954    0.6735350765991441
4357.959977459921    -0.16430038596843843
4437.953440642833    -0.9891874118094712
4519.415240888282    -1.8801620911086339
4612.8484658618945    -2.7652030204320184
4729.671810835387    -3.5773240461330076
4860.492335577619    -3.96810321440714
4994.931295251144    -3.8742395906550193
5133.088774084909    -3.2516747392378953
5251.134659953412    -2.402432429099658
5347.522981384092    -1.5845692118387156
5445.680579192151    -0.7289416211731279
5558.263174853373    0.2666832450547254
5699.02975349449    1.029336590327361
5856.6622685383    1.2868458321662644
6018.65482570748    1.0030657218719554
6185.128021741436    0.303877504126568
6356.205789029306    -0.5086038338327512
6532.015487872565    -1.1889098648758178
6712.688001299455    -1.737040589002632
6898.3578325019225    -2.115231632808552
7089.163204967767    -2.3927176808687562
7285.246165382181    -2.6702037289289606
7486.752689375727    -3.010630399330239
7693.832790197025    -3.4832323766477664
7906.640630391515    -4.088009660881543
8125.334636568948    -4.730551318519968
8350.077617345542    -5.373092976158389
8581.036884548195    -5.927517762519315
8818.384377771148    -6.318296930793444
9062.296792377996    -6.49507798310794
9312.955711043927    -6.426390608292245
9570.547738936626    -6.156293241985125
9835.264642635939    -5.779196817698178
10107.303492896288    -5.395806331177127
10386.866811357519    -5.1697674005087535
10674.162721313998    -5.189196896970561
10969.405102653714    -5.416330447157911
11272.813751082918    -5.712698681920436
11584.614541755062    -5.706951929445822
11851.026471533229    -5.2101771044175855
12068.560513753313    -4.4395193539124485
12290.08754844863    -3.6027739499491815
12544.16964837842    -2.744989046648275
12861.858787547815    -2.0490527610571796
13217.61182561121    -2.005541635177913
13552.35631970345    -2.686746166409474
13832.534238626546    -3.601998594456571
14054.44887470394    -4.497648211284687
14279.923675885964    -5.371268610293434
14575.143134665508    -6.348832254458195
14944.267979554797    -7.134518218775931
15357.619488320177    -7.260946773217562
15746.561048558584    -6.622915860180246
16072.10139008328    -5.66316714868681
16367.11627261299    -4.76033409126542
16743.511621407208    -3.9551502167659365
17206.629373324424    -3.697640974927026
17642.398294412353    -4.286952197540618
17966.237096448556    -5.213803031574194
18213.011206600408    -6.180215239389398
18421.24357015496    -7.32753612728855
18631.856688695032    -8.421357486197799
18802.07960823623    -9.43803097359261
18973.857705171777    -10.473586647689743
19147.20518779244    -11.795522153438753
19322.136394197536    -12.875136263174632
19498.665793481137    -14.005102870783375
19676.807986928678    -15.031217451529344
19892.728263261288    -15.981210366559921
166.46381776385377    -0.9813568966094337
247.41230764050852    -2.0256802891856616
252.6267127953674    -2.109816916022357
967.8601399084968    -1.8884928205643163
988.2585386415726    -1.8340613180707592
1060.8834559687853    -1.538139706128458
1083.24239281499    -1.4144241389697783
1110.696013373921    -1.293679084245408
1143.6058610450802    -1.1066204772902246
1172.5893291832795    -0.9858754225658508
1197.302553440134    -0.862159855407171
1227.646906850238    -0.7414148006828007
1253.5205120094747    -0.7562673628543699
1610.0045267529508    0.5897513137195816
1764.7458512224084    1.3558088161461974
1801.939230773276    1.4795243833048843
1839.91648947675    1.6032399504635677
2033.6507558962994    2.8483448806774447
1966.9060621163815    2.387120527496066
33.829132824264796    4.795411185862035
34.68649603544928    4.846872175921279
