20    63.83614146326896
20.3    63.861961100037725
20.6    63.88723897407907
20.9    63.911779460884205
21.2    63.9353856625616
21.5    63.957911299514635
21.8    63.979315293225355
22.1    63.99969455307834
22.4    64.01927853217538
22.7    64.03836970235236
23    64.05724047409592
23.3    64.07602753249559
23.6    64.09466560587468
23.9    64.11289906070272
24.2    64.13036636290363
24.6    64.15189037641545
25    64.17099353590214
25.4    64.18770595326933
25.8    64.20244580714251
26.2    64.21574505437434
26.6    64.22801833476458
27    64.23951637558423
27.4    64.2504203896256
27.8    64.26093164762851
28.2    64.27127687799836
28.6    64.2816297964498
29    64.29204183749316
29.4    64.30244759924918
29.8    64.31273805240198
30.2    64.32283988757392
30.6    64.33274975614914
31    64.34250969700062
31.5    64.35454007557925
32    64.366319498527
32.5    64.37765788691895
33    64.38834059834353
33.5    64.39822786757335
34    64.40724274611809
34.5    64.41528119416475
35    64.42217761033963
35.5    64.427813557582
36    64.4322783335302
36.5    64.43590257514302
37    64.4391092041588
37.5    64.44221681807792
38    64.44536366479778
38.6    64.44921378892343
39.2    64.45312090149164
39.8    64.45704797754644
40.4    64.46090689860755
41    64.46458742413766
41.6    64.46802356990683
42.2    64.47117840586895
42.8    64.47398890260547
43.4    64.47636362679609
44    64.47821454103037
44.6    64.47946784863677
45.2    64.4800931511835
45.9    64.48014937433895
46.6    64.47980223828782
47.3    64.47936604463825
48    64.4789123238816
48.7    64.47829927088148
49.4    64.47733696625554
50.1    64.47584835622504
50.8    64.47369210224942
51.5    64.47086969184797
52.2    64.46758839672873
53    64.46364834957473
53.8    64.45976826948686
54.6    64.45598246917304
55.4    64.45218398536204
56.2    64.44823623654497
57    64.4440584142578
57.8    64.43964693562093
58.6    64.43502378384137
59.5    64.42955580830022
60.4    64.42371351147781
61.3    64.41737368113569
62.2    64.4105145495
63.1    64.40324015753703
64    64.39566868936916
64.9    64.38787839545537
65.8    64.37990663013332
66.8    64.37081306107156
67.8    64.36138254294742
68.8    64.35150003937416
69.8    64.34108792034405
70.8    64.33015657054608
71.8    64.31877473517625
72.8    64.30700018316645
73.9    64.29357993126814
75    64.27957365258014
76.1    64.26486052276053
77.2    64.2493170056576
78.3    64.23288787676671
79.4    64.2156160215464
80.6    64.19587609212738
81.8    64.17520811344234
83    64.15355924570888
84.2    64.1308319226141
85.4    64.10690480952346
86.6    64.08162262507348
87.9    64.05247191883257
89.2    64.02121737463601
90.5    63.98759067389682
91.8    63.951308488900224
93.1    63.91205211084504
94.5    63.86608074260232
95.9    63.81598388634328
97.3    63.761705363714654
98.7    63.70355138216972
100    63.64673134099665
102    63.556494088131856
104    63.46753813762626
106    63.38626902704603
108    63.31958924404153
110    63.273242009130044
112    63.24999630311942
114    63.24855391189233
116    63.26381979736076
118    63.28864425810059
120    63.316301224903256
122    63.34245084836378
124    63.36556052438358
126    63.38537711627263
128    63.401917725514394
130    63.41507946302988
132    63.424585954301165
134    63.42995015007257
136    63.43037567502298
138    63.42502522489538
140    63.41337811184788
142    63.395382927898915
144    63.3715039779744
146    63.34250761996677
148    63.30906819185826
150    63.27163247066581
152    63.23050228804932
154    63.18590588174871
156    63.13799515871583
158    63.086843842483134
160    63.03253089631832
162    62.975228656298
164    62.9150843956952
166    62.85210192578261
168    62.78611399267807
170    62.7168040934519
173    62.60570931586109
176    62.48476818613908
179    62.3524869860465
182    62.207259461421486
185    62.047703816996545
188    61.873124399995206
191    61.684158725289905
194    61.48352119018927
197    61.27646337150418
200    61.07080013959475
203    60.87651289780776
206    60.70519007770232
209    60.568987493822235
212    60.479018547901305
215    60.44375872758941
218    60.4676401107032
221    60.54983305803975
224    60.68399765437877
227    60.85941200641207
230    61.06267788942107
233    61.279541546040676
236    61.496601473741165
239    61.702459959518265
243    61.94528933325439
247    62.1416109326
251    62.28777861135276
255    62.38630816297902
259    62.4433890940741
263    62.46679216535716
267    62.46450193778826
271    62.443803916995314
275    62.410755869554116
279    62.370005791622035
283    62.32483716548097
287    62.27742299265046
291    62.22905805384287
295    62.18011610103954
299    62.130152410627
303    62.078442828724874
307    62.024467939743815
312    61.953521459509275
317    61.87881195329565
322    61.80054548153511
327    61.7188845259555
332    61.63412295862678
337    61.54671338994185
342    61.457427921470554
347    61.36741400567293
352    61.27798578433092
357    61.19037639609422
362    61.10562822203876
367    61.02447342179647
372    60.94716556216058
377    60.87342102862242
383    60.788534832945786
389    60.705814171640085
395    60.62332381890191
401    60.53928966022145
407    60.45235253475466
413    60.36203735854771
419    60.26904548309866
425    60.17518108384813
431    60.08303185059631
437    59.99568780794277
443    59.91627937613288
449    59.84760555648277
456    59.78414700067808
463    59.741164514416674
470    59.71989619035737
477    59.71985642303414
484    59.739003156162966
491    59.774107485487534
498    59.82107624721918
505    59.87566691172019
512    59.934203470031036
519    59.99374292484166
527    60.060021277464344
535    60.1220830819117
543    60.179177356477304
551    60.23246498571932
559    60.28415618058003
567    60.3361546371474
575    60.3891608408634
583    60.442419384655224
592    60.500383267337384
601    60.55365573367166
610    60.60043808063514
619    60.640357920702584
628    60.67453802092807
637    60.70526898503351
646    60.735104571324705
655    60.76594759453229
665    60.80226369685795
675    60.84020744919789
685    60.878356215124796
695    60.91514512011641
705    60.94937913284394
715    60.980359672559274
725    61.00794503635777
736    61.03471719615992
747    61.058569766630846
758    61.08081073542708
769    61.10308721150437
780    61.12709307682729
791    61.15413469638683
803    61.188036266269876
815    61.22722231165204
827    61.27185537427584
839    61.32153976112181
851    61.375521169045484
863    61.43306854965054
876    61.49883850645018
889    61.567968849017646
902    61.64066921939357
915    61.717317778821595
928    61.798293211916956
942    61.89084369875444
956    61.98929514436493
970    62.093528122749234
984    62.20286849852254
998    62.31645343846169
1010    62.41653240874918
1020    62.50145104742616
1030    62.58745070509069
1050    62.76161850731439
1070    62.93708631225443
1090    63.11260110769407
1110    63.28748782535901
1130    63.46149564685737
1150    63.63472742837391
1170    63.80740583178394
1190    63.97967219409608
1210    64.15151865291352
1230    64.32326720345176
1250    64.49541965211026
1270    64.66832812265453
1290    64.8420059403305
1310    65.01611934081737
1330    65.19013870717657
1350    65.36340261934757
1370    65.53533554011648
1390    65.70557724043243
1410    65.87393317321653
1430    66.04040170985306
1450    66.20522245197878
1470    66.3687642079392
1490    66.531429831752
1510    66.69375700907976
1530    66.85637696415321
1550    67.01984406408742
1570    67.18457744854544
1590    67.35090365742991
1610    67.51909662234848
1630    67.6892391173059
1650    67.86122697135973
1670    68.03482356642368
1690    68.20970852442812
1710    68.38555779822707
1730    68.56208261573799
1760    68.82743333361162
1790    69.0924860596509
1820    69.35621348854293
1850    69.61796429405987
1880    69.87725297376667
1910    70.13306776297235
1940    70.38379752079659
1970    70.62776747478622
2000    70.8635292259982
2030    71.0899192418548
2060    71.30605924448291
2090    71.51167221626699
2120    71.70686274269022
2150    71.89200900340532
2180    72.0677240541626
2210    72.23466921352497
2240    72.39377746834812
2270    72.54604625375246
2300    72.69251251230114
2330    72.83407461082282
2360    72.9713515492807
2390    73.10480568365372
2420    73.23486582464062
2460    73.40375772223558
2500    73.56852416971473
2540    73.72958849517534
2580    73.8867745119714
2620    74.0395087494407
2660    74.18687035353418
2700    74.327748209259
2740    74.46118188419433
2780    74.58626802987877
2820    74.70212848208325
2860    74.8078512297102
2900    74.90263982664027
2940    74.98592305487911
2980    75.0573177354365
3020    75.11639947584334
3060    75.1627552105574
3100    75.19611389777656
3150    75.21959047944506
3200    75.2236909405874
3250    75.20935230590987
3300    75.17848771680372
3350    75.13427568126153
3400    75.08067081382221
3450    75.02001719103404
3500    74.94927290993735
3550    74.86175180687334
3600    74.75703006476266
3650    74.64732653542103
3700    74.54727592127452
3750    74.46244335997832
3800    74.390618768314
3860    74.31704821558752
3920    74.25431979940842
3980    74.19986957820598
4040    74.15148366762045
4100    74.10848796481488
4160    74.07051522195243
4220    74.03640618428363
4280    74.00613025319119
4340    73.98098330693213
4400    73.96244986910881
4460    73.95177361364611
4520    73.9491174897517
4590    73.95511618011511
4660    73.96880440134854
4730    73.98667945087884
4800    74.00675386881699
4870    74.02723749935828
4940    74.04522161450608
5010    74.0599619987485
5080    74.07246084562925
5150    74.08213801999042
5220    74.08589629751285
5300    74.07978949789336
5380    74.0636242158796
5460    74.03653824272116
5540    73.99312256615136
5620    73.93022122954736
5700    73.84844719979625
5780    73.75063820532323
5860    73.64100003983262
5950    73.50744603694955
6040    73.36617594451835
6130    73.22077428106729
6220    73.07285729383177
6310    72.9246473277945
6400    72.7788847854471
6490    72.6371302447782
6580    72.50160149353741
6680    72.36126398314039
6780    72.23303748195836
6880    72.11838909237017
6980    72.01878649315717
7080    71.93481534367511
7180    71.86415496434577
7280    71.7988845420361
7390    71.7175654927232
7500    71.60626913367324
7610    71.4452197074177
7720    71.21219708997532
7830    70.88181099361502
7940    70.44158345512781
8060    69.84941822424348
8180    69.17294007547707
8300    68.4459851177927
8420    67.6947926961642
8540    66.93908642052715
8660    66.19508995449164
8790    65.41801372830051
8920    64.68286271721799
9050    63.99585202681327
9180    63.35854421199082
9310    62.77135859057259
9450    62.19674062126452
9590    61.68470687331656
9730    61.23770029312305
9870    60.85666490185358
10010    60.54042111424414
10160    60.27142239098886
10310    60.07254352865915
10460    59.93818536929686
10610    59.854787006829724
10760    59.82545327598307
10920    59.89732209147799
11080    60.08878786700026
11240    60.365740765240716
11400    60.71220843014563
11570    61.172993878900144
11740    61.78331283797315
11910    62.562128045888585
12080    63.47221875958928
12260    64.50134150093555
12440    65.44123928012537
12620    66.06300133339668
12800    66.15890824793584
12990    65.60055986610557
13180    64.4861005866884
13370    63.08583390462417
13560    61.64278117483593
13760    60.23292577007753
13960    59.014859551878295
14160    58.00555748492608
14370    57.155034565918655
14580    56.49748647248119
14790    56.01823394446731
15010    55.7013763270414
15230    55.578887155976815
15450    55.66809229632189
15670    55.996914495154854
15900    56.63455671903762
16130    57.59572925375764
16360    58.945992979214665
16600    60.92657800292087
16840    63.28314114282667
17080    64.97758194564409
17330    64.77098859536792
17580    62.60117189752697
17840    59.6932950271822
18100    57.222896674975765
18360    55.39225552212548
18630    54.035498963450564
18900    53.08579030759313
19170    52.45955110688456
19450    52.10400897233009
19730    51.98900454329865
20000    51.98736182832178
