20    71.36318821338907
20.3    71.3473970686579
20.6    71.33179464569935
20.9    71.31639107346916
21.2    71.30125709376557
21.5    71.28647104978587
21.8    71.27204397156669
22.1    71.25786883116945
22.4    71.24370351005052
22.7    71.22919848613185
23    71.21397024917587
23.3    71.19769497032757
23.6    71.18018917579957
23.9    71.16145430910271
24.2    71.14167029485003
24.6    71.11417659469058
25    71.08605338167487
25.4    71.05769228036773
25.8    71.02901659349524
26.2    70.99955829067778
26.6    70.96868472673137
27    70.93583449080413
27.4    70.90064309422668
27.8    70.8629822888336
28.2    70.82297264711556
28.6    70.78099075867084
29    70.73763526709243
29.4    70.69361672258859
29.8    70.64962759304387
30.2    70.60630904823648
30.6    70.56434980111518
31    70.524618335545
31.5    70.4796868007621
32    70.44174016929055
32.5    70.41147781273824
33    70.3878670547451
33.5    70.36861130081951
34    70.35130121793739
34.5    70.3342912383478
35    70.3167465181229
35.5    70.29814051614923
36    70.27783395758577
36.5    70.25506142111547
37    70.2291412951767
37.5    70.1996100200025
38    70.16621036984301
38.6    70.12090071076886
39.2    70.0700115437084
39.8    70.01399162092066
40.4    69.95356743241783
41    69.8896659315221
41.6    69.82345749353067
42.2    69.75644156317395
42.8    69.69035603674284
43.4    69.6269114895756
44    69.5675881503372
44.6    69.5135938048368
45.2    69.46584557962231
45.9    69.41867241472869
46.6    69.38052357806458
47.3    69.35023549167991
48    69.32585528544094
48.7    69.30499964305896
49.4    69.28512131141281
50.1    69.26375495535936
50.8    69.23888024038865
51.5    69.20924100811588
52.2    69.17435762134174
53    69.12817311866809
53.8    69.07579849452063
54.6    69.0179643665082
55.4    68.9553501822626
56.2    68.88851709225959
57    68.81793370526864
57.8    68.74398346815737
58.6    68.6669834006932
59.5    68.57703334782968
60.4    68.48383155038579
61.3    68.38768084798616
62.2    68.28910336291841
63.1    68.18898904160443
64    68.08862493669105
64.9    67.98955685497751
65.8    67.8934986595047
66.8    67.7925779422799
67.8    67.70021912376893
68.8    67.61841765033765
69.8    67.5482201232176
70.8    67.48970188938236
71.8    67.44217014212107
72.8    67.40442791170707
73.9    67.37269604620465
75    67.34982757356505
76.1    67.33499205243689
77.2    67.32841749789557
78.3    67.33101788657473
79.4    67.34317293351111
80.6    67.365874497347
81.8    67.39468734268331
83    67.42440196361011
84.2    67.44971781344952
85.4    67.4664976456254
86.6    67.47250396931926
87.9    67.46660630686881
89.2    67.44944412334215
90.5    67.4236826703796
91.8    67.39207730826334
93.1    67.35680841385201
94.5    67.3162378834895
95.9    67.27362059474416
97.3    67.22894000479934
98.7    67.18183876452308
100    67.13555876663133
102    67.05875231668409
104    66.97420171860674
106    66.88157191807608
108    66.78119818100924
110    66.67382547898146
112    66.56031777346189
114    66.44144290997369
116    66.31762490577805
118    66.18903431581626
120    66.05586578347304
122    65.91867832568207
124    65.77871920451673
126    65.63822370808708
128    65.50060588659193
130    65.37038516099119
132    65.25282867756138
134    65.15326684929411
136    65.07607634412054
138    65.02359174831216
140    64.99535730585706
142    64.98813673568725
144    64.99688977760243
146    65.01625381928463
148    65.04173425657137
150    65.07002089603985
152    65.09850088054563
154    65.12452754434261
156    65.14503580999741
158    65.1567234011857
160    65.15663205831241
162    65.14281835712123
164    65.1147702837662
166    65.07332932841378
168    65.02030239697169
170    64.95799090701743
173    64.85230964805416
176    64.73832351109453
179    64.62153522758463
182    64.50557565928095
185    64.39252637739193
188    64.28331392130922
191    64.17808756702651
194    64.07660498665983
197    63.978456176181176
200    63.8831595113618
203    63.7902457926529
206    63.69933658228279
209    63.61017320875802
212    63.522615370133124
215    63.436598298547324
218    63.3520760647111
221    63.268996143804756
224    63.18731756001607
227    63.107060397894614
230    63.028333859098254
233    62.95132549959962
236    62.8762720999577
239    62.80338558800832
243    62.70983144490965
247    62.620605300036026
251    62.53555332659473
255    62.4540368045012
259    62.375071353857486
263    62.29754621181006
267    62.22046088342936
271    62.14314406015979
275    62.06534035877415
279    61.98713786312654
283    61.90879864913619
287    61.83055620304731
291    61.752498773703756
295    61.674620664150694
299    61.59690184617313
303    61.51929823135737
307    61.44173510557404
312    61.34480582338465
317    61.248080702003875
322    61.15195106783827
327    61.057047112574296
332    60.964188221979626
337    60.87424990051031
342    60.78815207397177
347    60.707004398457805
352    60.632247821189324
357    60.565566560716505
362    60.50859804268369
367    60.462558525580015
372    60.42803514690401
377    60.405059504447465
383    60.39219958182543
389    60.394207706437435
395    60.409333625821226
401    60.43564065549711
407    60.47128819476238
413    60.51459319782817
419    60.56384891194533
425    60.61721804651303
431    60.67273719756244
437    60.7284735752652
443    60.782865233400486
449    60.83492375634406
456    60.89209198842069
463    60.9451868268534
470    60.994154061251365
477    61.039052778312055
484    61.080050215947566
491    61.11749847254197
498    61.15212074021373
505    61.18516591073231
512    61.2183242029221
519    61.253438347080206
527    61.29804962172376
535    61.349052062256874
543    61.40729427746168
551    61.47293120413579
559    61.5455785872351
567    61.624406776761575
575    61.70817806353382
583    61.795325913662424
592    61.89545294839495
601    61.9958692219305
610    62.09492178482539
619    62.19115919093467
628    62.28294797353169
637    62.368512578962644
646    62.44635935944228
655    62.515722338383014
665    62.58320705372425
675    62.642260545565335
685    62.695026462388974
695    62.74330128999641
705    62.78829702654724
715    62.830841308483905
725    62.87156909270401
736    62.91494753396957
747    62.95762336308957
758    63.00053722092133
769    63.044740351204226
780    63.09131856857779
791    63.14124275377789
803    63.20022675585561
815    63.26413315292035
827    63.33276181541884
839    63.40580103750452
851    63.48293378719733
863    63.56374871519318
876    63.65436263373787
889    63.745593046943426
902    63.83263076868716
915    63.90875915969061
928    63.96835006255383
942    64.0150593958617
956    64.05556931517708
970    64.105335775517
984    64.17212398268336
998    64.2559197564706
1010    64.33978855292308
1020    64.41727166858621
1030    64.50075835543235
1050    64.68109159368774
1070    64.87221423440576
1090    65.0702898565057
1110    65.27420876883087
1130    65.48266778594555
1150    65.69468624432288
1170    65.91009315552301
1190    66.12877641550338
1210    66.34949891745036
1230    66.56983487558458
1250    66.78660166776959
1270    66.99634404932054
1290    67.19574744331399
1310    67.38199904702896
1330    67.55318834441938
1350    67.70884449513727
1370    67.85049975230442
1390    67.9816453887326
1410    68.10661613027989
1430    68.22951336571023
1450    68.35352192540574
1470    68.48050136468729
1490    68.61099160401096
1510    68.74452585238268
1530    68.88010494445598
1550    69.01667898616806
1570    69.15346525430851
1590    69.28997442303277
1610    69.42584793836681
1630    69.56094715081328
1650    69.69532176489747
1670    69.82908107599518
1690    69.96231049586294
1710    70.09504403601822
1730    70.22730928383123
1760    70.42505108366521
1790    70.62220779550869
1820    70.81871269944037
1850    71.01441428884918
1880    71.20890187912053
1910    71.40124073033877
1940    71.59013601476471
1970    71.77445612143507
2000    71.95321168672865
2030    72.125421926695
2060    72.29037962033307
2090    72.44831763998351
2120    72.60002176523133
2150    72.74671311245812
2180    72.89017184633585
2210    73.03188524843841
2240    73.17258203494482
2270    73.31130093000587
2300    73.44543900555192
2330    73.57218809899624
2360    73.68943489845361
2390    73.79580032019805
2420    73.89054110705311
2460    73.99876162178543
2500    74.08724109421523
2540    74.15582743968767
2580    74.20377490409496
2620    74.23144507083333
2660    74.24041844090641
2700    74.23282144890305
2740    74.21110340376892
2780    74.17776682709862
2820    74.13503512831971
2860    74.08474816541454
2900    74.0284026240856
2940    73.96724362901982
2980    73.90219023605019
3020    73.83356965392926
3060    73.76127942283657
3100    73.68531153273332
3150    73.58429306993403
3200    73.47238125996239
3250    73.34317404963144
3300    73.19254848618633
3350    73.02530590618044
3400    72.856679085098
3450    72.706239250583
3500    72.5891005427766
3550    72.5112115669939
3600    72.4706307688312
3650    72.46167374306135
3700    72.47855576580322
3750    72.51661750247429
3800    72.57193932122034
3860    72.65640963697027
3920    72.75527459283288
3980    72.86134019639442
4040    72.96704800718327
4100    73.06806389310665
4160    73.16024696095084
4220    73.23524015294254
4280    73.28602927858446
4340    73.31185569874737
4400    73.31390936561604
4460    73.2945999972631
4520    73.2596270746009
4590    73.20549151637906
4660    73.13821939849505
4730    73.05731305518503
4800    72.96034443595086
4870    72.84127904412136
4940    72.6951638072196
5010    72.52039899665698
5080    72.31693730174567
5150    72.0863947594847
5220    71.83239138487738
5300    71.51881059760127
5380    71.18770703833096
5460    70.85032510640107
5540    70.52038926177545
5620    70.20588124444944
5700    69.90513193724722
5780    69.61596602550497
5860    69.33998411364198
5950    69.04823519852496
6040    68.77970119551279
6130    68.53686076048639
6220    68.32139063124174
6310    68.13544914888347
6400    67.98209283956982
6490    67.86578092412444
6580    67.79058560498176
6680    67.75816445068543
6780    67.77898122367404
6880    67.84787038183703
6980    67.9575269705831
7080    68.0982723503958
7180    68.25506454162016
7280    68.40742664510023
7390    68.54284854351633
7500    68.61556067786682
7610    68.59859893618197
7720    68.4731751631449
7830    68.23316867403679
7940    67.88400528889582
8060    67.39367474424532
8180    66.81138852286348
8300    66.16435377311879
8420    65.48289210942124
8540    64.7952048345158
8660    64.12293604137245
8790    63.43022294222479
8920    62.78973561080326
9050    62.21049163195721
9180    61.69627968821852
9310    61.24951893074979
9450    60.846227742211184
9590    60.525040673326096
9730    60.288043136482116
9870    60.13818350071338
10010    60.07934886439348
10160    60.12162042192629
10310    60.27844538970993
10460    60.559012042834915
10610    60.97441414426444
10760    61.541948679844815
10920    62.33517440943977
11080    63.32842942392011
11240    64.4876264199084
11400    65.66574504393232
11570    66.60536208780559
11740    66.9191306163763
11910    66.74881359510721
12080    66.58215847934486
12260    66.62413084354424
12440    66.57281429185039
12620    66.1327307858742
12800    65.38087773923885
12990    64.55108816155911
13180    63.92052328012957
13370    63.56288431999317
13560    63.493875786636394
13760    63.7647708438265
13960    64.40336260742026
14160    65.34209329973015
14370    66.34251834585015
14580    66.72638130487792
14790    65.9335358981296
15010    63.940073157143345
15230    61.46836333692501
15450    59.1269052145507
15670    57.13907830369625
15900    55.44558337748666
16130    54.09294940552965
16360    53.104359887563106
16600    52.48911444124472
16840    52.137181653988236
17080    51.95435570459556
17330    52.01915544975417
17580    52.33055824150501
17840    52.83663410533835
18100    53.376458247809055
18360    53.694700475833855
18630    53.4555163208302
18900    52.6361052818785
19170    51.55951740654076
19450    50.50922447097402
19730    49.81533463092099
20000    49.50774459050329
