20    61.00755673346117
20.3    61.07888334310192
20.6    61.1502889066928
20.9    61.22351306822615
21.2    61.3002929812414
21.5    61.38133972841467
21.8    61.465608039645446
22.1    61.55032160650592
22.4    61.6318776130362
22.7    61.70727072539745
23    61.77538971340964
23.3    61.83759228475507
23.6    61.89726680876893
23.9    61.958512256765545
24.2    62.02444129610476
24.6    62.12049070661405
25    62.22102183724866
25.4    62.31741020073612
25.8    62.402329691097584
26.2    62.47363117401122
26.6    62.53461965479802
27    62.590937272946995
27.4    62.64651043135876
27.8    62.70151450203046
28.2    62.75355128700876
28.6    62.80060035516918
29    62.84324609421283
29.4    62.884677234070665
29.8    62.928792925191104
30.2    62.97802070517981
30.6    63.0323471137847
31    63.08987969861184
31.5    63.162637902966836
32    63.23303216777218
32.5    63.29918924294219
33    63.36027321282182
33.5    63.41595250700397
34    63.46649657875945
34.5    63.51284819775506
35    63.556227393277
35.5    63.59761457534768
36    63.63763605692316
36.5    63.67681362529227
37    63.715692820932944
37.5    63.754617124540054
38    63.79345024928446
38.6    63.839138578407
39.2    63.88288591990642
39.8    63.9241788614557
40.4    63.9627962766119
41    63.99854146231826
41.6    64.03144108043978
42.2    64.06176142349787
42.8    64.0894618729232
43.4    64.11400101240216
44    64.13509606361157
44.6    64.15342775202933
45.2    64.17030074077665
45.9    64.1895308623997
46.6    64.20898174194467
47.3    64.22905355120852
48    64.2502105331389
48.7    64.27288282176822
49.4    64.29719255306439
50.1    64.32296155167339
50.8    64.35011003193407
51.5    64.37870311914487
52.2    64.40840081475122
53    64.44260034821485
53.8    64.47600997664131
54.6    64.50794664248902
55.4    64.537435998827
56.2    64.56297688922646
57    64.58272345001387
57.8    64.59509015294859
58.6    64.59995784633827
59.5    64.59876242401307
60.4    64.59420559232873
61.3    64.58927770269776
62.2    64.58544076972672
63.1    64.5834180761135
64    64.58384558921122
64.9    64.58702354966164
65.8    64.592635598445
66.8    64.60043934606327
67.8    64.60779372761893
68.8    64.61301765783723
69.8    64.6157495814713
70.8    64.616437928015
71.8    64.6155812969444
72.8    64.61341615208211
73.9    64.60956733911513
75    64.60450396944539
76.1    64.59922186804366
77.2    64.59503692063359
78.3    64.59281983347029
79.4    64.59208854353386
80.6    64.59148008594941
81.8    64.59003318734776
83    64.58737769094954
84.2    64.58340364218797
85.4    64.57807229618211
86.6    64.57129171623274
87.9    64.5621549242164
89.2    64.55123523911024
90.5    64.5390250330112
91.8    64.52610793750864
93.1    64.51276037338994
94.5    64.49781665741338
95.9    64.48206667490348
97.3    64.46542748906954
98.7    64.44785805890021
100    64.43062071909021
102    64.40258777190333
104    64.3735313287084
106    64.34353518756467
108    64.31214307851349
110    64.27843970606827
112    64.24166156916755
114    64.20122165860822
116    64.15680855052256
118    64.10882445062141
120    64.05827172056948
122    64.00589943774979
124    63.95205757307827
126    63.89672436459058
128    63.83950547153438
130    63.77985614480823
132    63.716850076528104
134    63.648885542303326
136    63.57437761510279
138    63.492326709827864
140    63.402476047640036
142    63.30542624434621
144    63.202465339481925
146    63.09484075008243
148    62.98323300342863
150    62.868298142400796
152    62.7511506979811
154    62.63323835220272
156    62.516097652491695
158    62.401472653707046
160    62.29159229985268
162    62.188960277551416
164    62.095921933809194
166    62.01457102154479
168    61.94670515139457
170    61.89397496417027
173    61.84739722399978
176    61.846788238684745
179    61.899998933420186
182    62.00970584431904
185    62.16959178125942
188    62.36425160606731
191    62.574053941892615
194    62.78012112743448
197    62.96675600418775
200    63.12463006472
203    63.250403880995194
206    63.34489483990617
209    63.41168458879553
212    63.456044913939444
215    63.48385695398211
218    63.5005439910574
221    63.510469932233434
224    63.51701188167533
227    63.52263359950102
230    63.52843859483107
233    63.533900255078606
236    63.537365014878844
239    63.537098478698645
243    63.52907285719487
247    63.51091422347546
251    63.482283795967135
255    63.44417457303341
259    63.39834716159875
263    63.34650382316631
267    63.29003960916546
271    63.23020569561171
275    63.16806039814994
279    63.10460461488306
283    63.04066451551048
287    62.97663829105246
291    62.912580316905704
295    62.84854257223908
299    62.78455210309097
303    62.72042476885797
307    62.65597323969755
312    62.574984230778526
317    62.49380482617255
322    62.41253537221503
327    62.330873614025435
332    62.2480974451283
337    62.16346395582775
342    62.07665626111769
347    61.9879893853106
352    61.8979321657845
357    61.80650931986472
362    61.71342646976977
367    61.61845497421736
372    61.521666173989985
377    61.42335081018631
383    61.30372145299049
389    61.18248307773024
395    61.05996394877123
401    60.93754021625119
407    60.81746983385863
413    60.70262753524118
419    60.59694995695702
425    60.50517684919437
431    60.43165100048276
437    60.379542942523614
443    60.3505093102637
449    60.3446539940811
456    60.365507660455386
463    60.41292624857964
470    60.48257551715926
477    60.57039765276285
484    60.673097490623356
491    60.787330826050855
498    60.90974474761932
505    61.03635262511476
512    61.16284208892505
519    61.28702398009229
527    61.42578951408101
535    61.560294647702946
543    61.68858638528246
551    61.80878023927227
559    61.919655140491464
567    62.02054327091746
575    62.11158552359602
583    62.193448544795814
592    62.274876635272136
601    62.34416042161452
610    62.399753119848846
619    62.440204214287434
628    62.46568315059847
637    62.47890612203092
646    62.48353307940489
655    62.48432203096377
665    62.49254740823881
675    62.526162982688405
685    62.59166115043139
695    62.67636215198267
705    62.76278892024831
715    62.840389654750894
725    62.90592567846599
736    62.96552220262011
747    63.01700552114774
758    63.066333020968095
769    63.116567820274284
780    63.16744509460824
791    63.21786172580896
803    63.27096519227928
815    63.32088735709709
827    63.36665667435324
839    63.40737294380507
851    63.44374868178724
863    63.47984735443162
876    63.52793934703663
889    63.5973071611447
902    63.69711623802243
915    63.82714490838552
928    63.97766641753837
942    64.14760869409977
956    64.31339255587366
970    64.46908934793939
984    64.6148098447085
998    64.75421789009312
1010    64.87147058265015
1020    64.96863950673404
1030    65.06555622692389
1050    65.25802001549205
1070    65.4473507624996
1090    65.63331736140225
1110    65.81758086109767
1130    66.00264181167188
1150    66.18981917416409
1170    66.38058264443876
1190    66.57510676548388
1210    66.77176165697145
1230    66.96989863564221
1250    67.1688165667936
1270    67.36838426121327
1290    67.56773428837953
1310    67.76512560477744
1330    67.95939375206294
1350    68.15077562474154
1370    68.33987087517232
1390    68.52638208689245
1410    68.7098621849235
1430    68.89182703244536
1450    69.07456668660868
1470    69.25773638875756
1490    69.43940347405838
1510    69.61864804911801
1530    69.79600399614338
1550    69.97257321013912
1570    70.14869022923162
1590    70.32318535785802
1610    70.49464639457574
1630    70.66243567993465
1650    70.82664283956069
1670    70.98756407692136
1690    71.1451811412864
1710    71.29909439603793
1730    71.44870321404565
1760    71.66313679637983
1790    71.86297300461412
1820    72.04730918575108
1850    72.21648091773883
1880    72.37027936561518
1910    72.50806866781392
1940    72.62967413755605
1970    72.73590478957901
2000    72.82770461478752
2030    72.90568203271687
2060    72.97038048401191
2090    73.02237007157197
2120    73.06231977166462
2150    73.09102391167565
2180    73.10897087222273
2210    73.11614802342783
2240    73.11273913038927
2270    73.09955471415748
2300    73.07750093269513
2330    73.04747791950146
2360    73.01052247377868
2390    72.96766915425059
2420    72.91968945377326
2460    72.84854864134117
2500    72.77042560215284
2540    72.68760566895394
2580    72.60159379217095
2620    72.51297476959353
2660    72.42203741372123
2700    72.32899735720972
2740    72.2342580583894
2780    72.13918053019476
2820    72.04392949083022
2860    71.94789170651833
2900    71.85286701148623
2940    71.76095589192464
2980    71.67065966732685
3020    71.58124052366182
3060    71.49497147090551
3100    71.41167769553783
3150    71.30666801999595
3200    71.20105556455488
3250    71.10351653485324
3300    71.01709553398553
3350    70.93415673771787
3400    70.8533691236527
3450    70.78055456479345
3500    70.71903825506816
3550    70.6679316723677
3600    70.62559114497233
3650    70.59277375317043
3700    70.5704133079841
3750    70.55817647502846
3800    70.55607402169213
3860    70.56709900530157
3920    70.59176913768331
3980    70.62963399519998
4040    70.68061177378942
4100    70.74369396521112
4160    70.81822096423878
4220    70.90596705256543
4280    71.00816390914005
4340    71.122068469924
4400    71.24299511002665
4460    71.36725499450958
4520    71.493221235522
4590    71.64035777853817
4660    71.78193059370057
4730    71.91443056204662
4800    72.03479721170355
4870    72.13061676211603
4940    72.19322658430471
5010    72.22721709734596
5080    72.22722134191638
5150    72.18214256116863
5220    72.09170186580192
5300    71.93381751450593
5380    71.72634362111546
5460    71.48561088875447
5540    71.22157226194881
5620    70.93566698058808
5700    70.63346213067013
5780    70.33166392800729
5860    70.05698505688814
5950    69.81198293000047
6040    69.62504343476435
6130    69.43439496051684
6220    69.21015204632906
6310    68.98850372857498
6400    68.78872672137572
6490    68.61104553616626
6580    68.45473120323462
6680    68.30533275458419
6780    68.18282272265562
6880    68.08888211740523
6980    68.02201475139559
7080    67.98408515062997
7180    67.96993604943785
7280    67.96926466021506
7390    67.9782743755013
7500    67.99222179344956
7610    68.00423996407021
7720    67.99264910444741
7830    67.92600140831411
7940    67.78368365000955
8060    67.53998516779544
8180    67.23978068759483
8300    66.95793178356519
8420    66.77968487336187
8540    66.76389252626262
8660    66.90858342285944
8790    67.15955636213508
8920    67.3716041171137
9050    67.43324499230349
9180    67.30971322508559
9310    67.03612911665742
9450    66.6568795539306
9590    66.27246045593787
9730    65.92522732247903
9870    65.63518968332735
10010    65.43154652095677
10160    65.33786215999316
10310    65.38970552335293
10460    65.584862326614
10610    65.91104950583056
10760    66.33922835146295
10920    66.86180041803107
11080    67.39728108436097
11240    67.8422498688374
11400    68.04161619274583
11570    67.83788787815217
11740    67.17673638462901
11910    66.15696282044021
12080    64.94145014784016
12260    63.609327674300154
12440    62.35128664778743
12620    61.2380337109296
12800    60.298498617071004
12990    59.49834073066553
13180    58.90072620228466
13370    58.51380458537747
13560    58.34542314913457
13760    58.419335999344206
13960    58.77179737226129
14160    59.42115120072086
14370    60.40111190938402
14580    61.487471692661885
14790    62.14859484952811
15010    61.69059183818062
15230    59.912129567611174
15450    57.40617905428432
15670    54.84474700209996
15900    52.441003410785385
16130    50.36293816758892
16360    48.62866015802816
16600    47.353174246863375
16840    46.90383054734892
17080    47.193167118364215
17330    47.76494308109032
17580    48.30653640168755
17840    48.71192410962332
18100    48.91707598198688
18360    49.00475120032848
18630    49.023610605501354
18900    48.99660084313258
19170    48.987133073212036
19450    48.948100307933124
19730    48.74325740878868
20000    48.515927583911214
