20    68.70068286741534
20.3    68.6968087378243
20.6    68.6927539222506
20.9    68.68802978063353
21.2    68.6819028351012
21.5    68.67359458725923
21.8    68.6625932395223
22.1    68.648933428641
22.4    68.63328771730107
22.7    68.61681798439801
23    68.6008273350893
23.3    68.58635742250144
23.6    68.57389131716741
23.9    68.56326613326311
24.2    68.55380489817168
24.6    68.54143266958476
25    68.52760730427887
25.4    68.51124856076878
25.8    68.49213702955329
26.2    68.47054653123465
26.6    68.44686005986426
27    68.42142117151833
27.4    68.39460126582887
27.8    68.36689430311748
28.2    68.33887750559377
28.6    68.31107106358975
29    68.28380905763808
29.4    68.25721495408399
29.8    68.23125544468355
30.2    68.20580521217167
30.6    68.18067422596675
31    68.15561242553143
31.5    68.12393629441425
32    68.09136903164554
32.5    68.05757280942561
33    68.02251441532786
33.5    67.98642549654264
34    67.949658556564
34.5    67.91251142987578
35    67.87510828806224
35.5    67.83737346777554
36    67.79910099975464
36.5    67.76006643969194
37    67.7201155649208
37.5    67.67918916048637
38    67.63729407419683
38.6    67.5857955342882
39.2    67.53306997432428
39.8    67.4793373242162
40.4    67.42495762077343
41    67.37036640919622
41.6    67.31597411112492
42.2    67.26211387600671
42.8    67.20902578359684
43.4    67.15683502739367
44    67.10554143909485
44.6    67.05504992589991
45.2    67.0052515406
45.9    66.9480084005415
46.6    66.89188465773863
47.3    66.83725435850809
48    66.78448224443184
48.7    66.7337921728822
49.4    66.68525140798423
50.1    66.63877409704544
50.8    66.59407244527623
51.5    66.55062308989773
52.2    66.50770629611256
53    66.45824391093927
53.8    66.40715906774574
54.6    66.3534156035152
55.4    66.29627296284771
56.2    66.23532341124685
57    66.17054242839583
57.8    66.10223341849124
58.6    66.03085265550702
59.5    65.94749525462652
60.4    65.86158960866663
61.3    65.77380008912357
62.2    65.68478517304973
63.1    65.59530362574918
64    65.50623095215772
64.9    65.41850041915764
65.8    65.33297964866475
66.8    65.24132154766144
67.8    65.1535737218405
68.8    65.06949401262095
69.8    64.98818601000903
70.8    64.90827496811964
71.8    64.82819902405154
72.8    64.74651003595437
73.9    64.653531878835
75    64.5567304610737
76.1    64.45655950014284
77.2    64.35450086315711
78.3    64.25284669938227
79.4    64.15437728392394
80.6    64.05398584263548
81.8    63.96427481786826
83    63.88788758055102
84.2    63.82623823285792
85.4    63.779379845518825
86.6    63.74605240001465
87.9    63.72254731475402
89.2    63.70879998029665
90.5    63.70183834890652
91.8    63.700029398704956
93.1    63.70366070995335
94.5    63.71615488398983
95.9    63.741486457060574
97.3    63.78341797270674
98.7    63.84394086818645
100    63.916084173309514
102    64.0489368273649
104    64.19113145779663
106    64.32149529197105
108    64.4219344714765
110    64.48147792087435
112    64.49750841850104
114    64.47413561310037
116    64.41901314017903
118    64.34065208633317
120    64.2468472429107
122    64.14395488935571
124    64.03678056596506
126    63.92865300892893
128    63.82164096132111
130    63.71682481419331
132    63.614591258168204
134    63.514882444949286
136    63.4173794300707
138    63.321630922680626
140    63.227191621842955
142    63.13370837144083
144    63.04093270688891
146    62.94870901180778
148    62.85691933695299
150    62.765426563541965
152    62.674103323867214
154    62.58289598762593
156    62.49185760889034
158    62.4011662347543
160    62.31116454525321
162    62.222428401005025
164    62.13583854895281
166    62.05258032552263
168    61.97408792317472
170    61.90196717191135
173    61.80936492230559
176    61.739998107080666
179    61.69757143670588
182    61.68308948507862
185    61.693623834304546
188    61.721960500891
191    61.75787526465676
194    61.79054084045858
197    61.81085558326377
200    61.812995405954354
203    61.79485418901535
206    61.75749348565721
209    61.70404507458367
212    61.638548071334476
215    61.56500740031356
218    61.48683602261298
221    61.40665555910413
224    61.326299949070105
227    61.24690209191962
230    61.1690399987627
233    61.0929297787371
236    61.01858624376915
239    60.945936325573456
243    60.85151610201787
247    60.75962468904084
251    60.67007679988524
255    60.58275284165097
259    60.497456359882115
263    60.414027148508154
267    60.3324953260001
271    60.25308005550983
275    60.17598341461138
279    60.10130638480959
283    60.02908760561745
287    59.959346133565916
291    59.89208656081962
295    59.82727092966705
299    59.76476130051095
303    59.704306816224786
307    59.64559593161039
312    59.57409603902316
317    59.503885192002784
322    59.434084980519785
327    59.36391270641862
332    59.29277627504898
337    59.22043313368249
342    59.14714006170233
347    59.073634118853064
352    59.00103681009989
357    58.930802317027485
362    58.864648707267506
367    58.80447245419025
372    58.75218435279265
377    58.70946079576827
383    58.67255704879358
389    58.6525991849051
395    58.650202308592085
401    58.66521573298873
407    58.69714094854465
413    58.74569572863301
419    58.81109144017583
425    58.89371533624035
431    58.99335707127359
437    59.10856540824547
443    59.23641141153894
449    59.37262425739874
456    59.53526162250467
463    59.69399317178181
470    59.841517800565924
477    59.972303456968035
484    60.08288022422826
491    60.17198175164105
498    60.24049477624429
505    60.291067591267236
512    60.327634433228226
519    60.35477497718173
527    60.38002081083762
535    60.40454353853652
543    60.432337076856776
551    60.46553908551364
559    60.50464844313059
567    60.54887549431179
575    60.59660024673572
583    60.64592108062479
592    60.70135009194144
601    60.7555768279547
610    60.808561166286566
619    60.86106375491042
628    60.91410803850452
637    60.968492828713735
646    61.02447762695192
655    61.08164432743317
665    61.14539065135183
675    61.207940105214035
685    61.268171874618204
695    61.32566548467076
705    61.38072127496743
715    61.434112893756236
725    61.48659978908813
736    61.543481883570706
747    61.59818438603412
758    61.64748576580651
769    61.68693144131284
780    61.71319496424305
791    61.72828429213679
803    61.74451630353829
815    61.77867956728164
827    61.83993214409101
839    61.92419294805764
851    62.02247218943019
863    62.12742156375053
876    62.243283971731124
889    62.357784094814264
902    62.468557636899575
915    62.57461513430373
928    62.67611293747058
942    62.78105446394626
956    62.88237139544964
970    62.9812589285883
984    63.0794511827551
998    63.179093214042375
1010    63.26703992670973
1020    63.34260821473022
1030    63.420308610361275
1050    63.58085190355424
1070    63.74468138695546
1090    63.907790393863095
1110    64.06790577826395
1130    64.22479189011928
1150    64.37936308622596
1170    64.53268574955892
1190    64.68555190488155
1210    64.8383013890431
1230    64.99086234646629
1250    65.14298679412886
1270    65.29445673614462
1290    65.44507293914445
1310    65.59466841403304
1330    65.7429958591375
1350    65.88971438095547
1370    66.03459034487292
1390    66.17771236427151
1410    66.31938333887021
1430    66.45981870924979
1450    66.59921814018645
1470    66.73793654129653
1490    66.87642206573877
1510    67.01501786815703
1530    67.15378722045088
1550    67.29259826610557
1570    67.43146451323418
1590    67.57073181269286
1610    67.71080501560402
1630    67.85179128178682
1650    67.99384523175851
1670    68.13736824865661
1690    68.28271348422666
1710    68.43008650576516
1730    68.57978380019674
1760    68.8096705113706
1790    69.04722635948951
1820    69.2934307943299
1850    69.54843843777584
1880    69.81101542481845
1910    70.0776519924963
1940    70.34317532265712
1970    70.60183515799326
2000    70.84795159764478
2030    71.07651177007948
2060    71.28394149932953
2090    71.46871812672603
2120    71.63126194983042
2150    71.77357133155684
2180    71.89867204526134
2210    72.00982848612405
2240    72.10995632343935
2270    72.20132890145064
2300    72.28547152406045
2330    72.3634603429883
2360    72.43610701903586
2390    72.50395233738737
2420    72.56746620632552
2460    72.64679422850685
2500    72.72228697752601
2540    72.79598262169651
2580    72.86931462360985
2620    72.9439806379128
2660    73.02190239056699
2700    73.10442886084527
2740    73.19187812059793
2780    73.283165145628
2820    73.37553847807997
2860    73.46484480698756
2900    73.54611612802836
2940    73.61435168454273
2980    73.66512427292227
3020    73.69532623354881
3060    73.7040540726203
3100    73.69262335835585
3150    73.65426891487091
3200    73.5956402003321
3250    73.52330317714936
3300    73.44368051179659
3350    73.36295277535311
3400    73.2860372532537
3450    73.21669552616677
3500    73.15834087369109
3550    73.11363727889585
3600    73.08358820404882
3650    73.06767079056364
3700    73.06525895185521
3750    73.07596682401626
3800    73.09879924708122
3860    73.13960863684224
3920    73.19133677766246
3980    73.25041940809464
4040    73.31375993983332
4100    73.37688640065471
4160    73.43368610564445
4220    73.47757465995127
4280    73.50218439910171
4340    73.501512444182
4400    73.4701499246641
4460    73.40341418132385
4520    73.29775215683772
4590    73.12218261871244
4660    72.88941215440649
4730    72.60270799742992
4800    72.2691368974849
4870    71.89746980309891
4940    71.49749950851015
5010    71.07965133443588
5080    70.6534032241681
5150    70.22696835976184
5220    69.80781306602995
5300    69.34515712008022
5380    68.90503677198834
5460    68.49047129860043
5540    68.10281822678513
5620    67.74199200314956
5700    67.41002156442795
5780    67.1166208105856
5860    66.87537463482731
5950    66.6662473395156
6040    66.49742218910242
6130    66.35012536553039
6220    66.22978242564943
6310    66.14710068466447
6400    66.10595208101364
6490    66.10625077139954
6580    66.14703440590901
6680    66.23721795044571
6780    66.36936454546192
6880    66.5364700539125
6980    66.7300909429357
7080    66.93884176724154
7180    67.14537823232527
7280    67.32366213672697
7390    67.44426716366158
7500    67.433862305839
7610    67.25220458859215
7720    66.88957461751521
7830    66.36910935124314
7940    65.73190408770571
8060    64.95277633582157
8180    64.13348784213814
8300    63.313302045523514
8420    62.51936631135909
8540    61.76740196497093
8660    61.06501145003472
8790    60.36192816945977
8920    59.719068618946814
9050    59.14233262656947
9180    58.644953877468424
9310    58.2458704664589
9450    57.95220215895063
9590    57.8228701382762
9730    57.86460628043167
9870    58.05986675518692
10010    58.37549181397061
10160    58.81100628276836
10310    59.32344422374291
10460    59.904429414752514
10610    60.56239761835735
10760    61.32064841032808
10920    62.256395410310716
11080    63.29298463956632
11240    64.3105395947382
11400    65.08639611991227
11570    65.44446857330476
11740    65.3904045099467
11910    65.18943296057692
12080    65.01164389986917
12260    64.81893213861645
12440    64.50978475067647
12620    64.07472879104121
12800    63.62351819744947
12990    63.27395581344018
13180    63.149097396638844
13370    63.27924768188172
13560    63.63742162922148
13760    64.14779575578589
13960    64.56758202518586
14160    64.60910681236052
14370    64.03654322085245
14580    62.878653183199276
14790    61.39255465970932
15010    59.80226628831605
15230    58.41581721163452
15450    57.34371234758558
15670    56.62288443886894
15900    56.27894542793081
16130    56.414278018009725
16360    57.175955717730076
16600    58.861436036515514
16840    61.039313433041144
17080    61.32090427818619
17330    57.40274601491587
17580    51.73472692203376
17840    48.2023548807508
18100    47.21534133410178
18360    47.004101978699275
18630    46.962136644571515
18900    46.7851708393398
19170    45.87752975518957
19450    43.58491545330705
19730    39.86072289605304
20000    37.00955375890635
