20    66.71929938864676
20.3    66.7361291511252
20.6    66.75304234120458
20.9    66.77055951975063
21.2    66.78920515186752
21.5    66.80919955288559
21.8    66.83020304212388
22.1    66.85122776721329
22.4    66.87078953690975
22.7    66.88726125532382
23    66.89931307751203
23.3    66.90629370801022
23.6    66.90843006637456
23.9    66.90678439648164
24.2    66.90299202647986
24.6    66.89769241209069
25    66.89535604669832
25.4    66.89803297382255
25.8    66.90611511569887
26.2    66.91881061721969
26.6    66.93476048628614
27    66.95243946307042
27.4    66.97028976362404
27.8    66.98676140817794
28.2    67.00044681482687
28.6    67.0103033104125
29    67.01581364372763
29.4    67.01696201662759
29.8    67.01404339495097
30.2    67.00744238575427
30.6    66.99752216045093
31    66.98464465631409
31.5    66.96503719176252
32    66.94238966637829
32.5    66.91749660351599
33    66.89083387044825
33.5    66.8626074137862
34    66.83297661374745
34.5    66.80219796415273
35    66.77059993644801
35.5    66.73856736789854
36    66.70668545214096
36.5    66.6759154452146
37    66.64755183216005
37.5    66.62288319096139
38    66.60276470897367
38.6    66.58484957142454
39.2    66.57305614962203
39.8    66.56622318498015
40.4    66.56300657734045
41    66.56186879093707
41.6    66.56106523559535
42.2    66.55884550592347
42.8    66.55379929526782
43.4    66.54516045439121
44    66.53287908555785
44.6    66.51741543331084
45.2    66.49940524328346
45.9    66.4759300658163
46.6    66.4504485846189
47.3    66.42342729033159
48    66.39511357713937
48.7    66.36554857492226
49.4    66.33445895897691
50.1    66.3010690117984
50.8    66.26434051140657
51.5    66.22365558093031
52.2    66.17917498137149
53    66.12450912846225
53.8    66.06664549469971
54.6    66.00619238630114
55.4    65.94365939156475
56.2    65.87997871978291
57    65.8164045647869
57.8    65.75364834746996
58.6    65.69169800263401
59.5    65.62293293581735
60.4    65.55532654040222
61.3    65.48843797702463
62.2    65.42083133366748
63.1    65.35061916747136
64    65.2763406228647
64.9    65.19750915895662
65.8    65.11463699607532
66.8    65.01930805864433
67.8    64.92252771110756
68.8    64.82617735060526
69.8    64.73199247462324
70.8    64.64186664576559
71.8    64.55817851548105
72.8    64.48385956617562
73.9    64.41670254424525
75    64.36859642622224
76.1    64.34227196500919
77.2    64.33893619526737
78.3    64.35797767846175
79.4    64.39670379678745
80.6    64.45674054088845
81.8    64.52951173194175
83    64.60779089354101
84.2    64.68355134913308
85.4    64.74965186402079
86.6    64.80126105062976
87.9    64.83844543860508
89.2    64.85647517353644
90.5    64.85745031063318
91.8    64.84426276084376
93.1    64.8199232769802
94.5    64.78434535205996
95.9    64.74174427488151
97.3    64.69413798175
98.7    64.6427147824672
100    64.59196733706203
102    64.50827226861497
104    64.41747478841845
106    64.31979119287149
108    64.21601143022991
110    64.10700221382689
112    63.993440590838716
114    63.8758201325124
116    63.754699570471566
118    63.63114299900073
120    63.50694654284227
122    63.384641482357615
124    63.26745393339035
126    63.15895369444216
128    63.06254601682546
130    62.98084701553426
132    62.91516925910879
134    62.86548862010912
136    62.83095457428618
138    62.81060606991218
140    62.803799160969014
142    62.80996701112051
144    62.827855327216284
146    62.85485191098519
148    62.886805624746856
150    62.91842064175928
152    62.94414963436283
154    62.95924998894834
156    62.960571067889234
158    62.94685992470579
160    62.91861138455026
162    62.87759109787023
164    62.826250983158594
166    62.76721523860033
168    62.70291041705599
170    62.635342724444705
173    62.531043032396
176    62.426124367180456
179    62.32258404016896
182    62.221352889985795
185    62.12275682003528
188    62.02685038544206
191    61.93358961702229
194    61.8429297368493
197    61.75486647513267
200    61.66942156592742
203    61.58664114168309
206    61.50654766771213
209    61.429080874356856
212    61.35411116521408
215    61.281447481324946
218    61.210802417350095
221    61.14177937510564
224    61.07390430035632
227    61.00670174790608
230    60.93980613389384
233    60.87302423936045
236    60.80625975759622
239    60.73944945274374
243    60.650338720329714
247    60.56140613817511
251    60.472992715395634
255    60.385502261414715
259    60.29922697457198
263    60.21423732538821
267    60.130411971033425
271    60.04750609604413
275    59.96521011219441
279    59.88314899152124
283    59.80095829807159
287    59.71837739427633
291    59.63531496251836
295    59.551932665650135
299    59.46867679956415
303    59.3861334388766
307    59.30481842681512
312    59.20555003983387
317    59.10960621025746
322    59.017699849645076
327    58.93063989473508
332    58.84945644472952
337    58.77553010876966
342    58.71060055943257
347    58.656616492118594
352    58.6153987892973
357    58.58837391274379
362    58.57645439706647
367    58.57979656994217
372    58.59761944871427
377    58.628336242577745
383    58.679206547619145
389    58.74159522907302
395    58.81186758630177
401    58.886847496523586
407    58.96378347678318
413    59.040333876477646
419    59.11462944042496
425    59.18538430144462
431    59.25188956294159
437    59.31397499878649
443    59.37206571864497
449    59.4268381645585
456    59.487214827657326
463    59.544162708776994
470    59.59795207278499
477    59.6492361829629
484    59.69927830096614
491    59.74978670395021
498    59.80278911011348
505    59.86045385610932
512    59.924716854741334
519    59.99681317744439
527    60.08900793428033
535    60.19024290374715
543    60.29754028191495
551    60.40693944035566
559    60.51416797676522
567    60.61523454767634
575    60.707079648945125
583    60.78801373155233
592    60.8658626476695
601    60.93150052572437
610    60.98805847577059
619    61.03895096265367
628    61.08699325829072
637    61.13386978787875
646    61.180143927935205
655    61.225756911024945
665    61.2753724499388
675    61.3235123372979
685    61.36980187146793
695    61.41394965825114
705    61.45575679794251
715    61.4949857129264
725    61.531413478560246
736    61.56835295476637
747    61.60320796906467
758    61.638978278159385
769    61.68092259392049
780    61.73519810617208
791    61.80380349283345
803    61.88739618320244
815    61.96856130150406
827    62.04185926122689
839    62.10847363532757
851    62.17201349067824
863    62.23579598884772
876    62.30763545011048
889    62.38356635439055
902    62.463808540031025
915    62.54802555512818
928    62.63579959462255
942    62.733758497311726
956    62.83456915526549
970    62.937451786552316
984    63.04164058782382
998    63.14659166285787
1010    63.237082449471
1020    63.31297068496404
1030    63.389387821300964
1050    63.54388434277325
1070    63.70053745140403
1090    63.85955812754468
1110    64.02118977223148
1130    64.18553820175505
1150    64.35236580694493
1170    64.52109330123494
1190    64.6906801447495
1210    64.8595122945211
1230    65.02577684661705
1250    65.18755298658772
1270    65.34213783665763
1290    65.48505835099667
1310    65.61086658565081
1330    65.71592641980287
1350    65.80200321185262
1370    65.8782225871361
1390    65.9588311303555
1410    66.05668446337165
1430    66.17707425754574
1450    66.31693056453497
1470    66.46880385161177
1490    66.62535524920062
1510    66.78161334087025
1530    66.93512559530083
1550    67.08514655536655
1570    67.23176906034325
1590    67.37535396890607
1610    67.51622627089506
1630    67.65474788646046
1650    67.79135429163267
1670    67.92638338749754
1690    68.0599514182451
1710    68.19202941893361
1730    68.32260595382328
1760    68.51573555631762
1790    68.70571334257417
1820    68.89290287038037
1850    69.07747378805976
1880    69.25932555637965
1910    69.43833257633122
1940    69.61441093128414
1970    69.78761224018488
2000    69.95806331893375
2030    70.12573669245893
2060    70.29094397806875
2090    70.4542929751172
2120    70.61604433788585
2150    70.77583254278312
2180    70.93277909116502
2210    71.0857576966576
2240    71.23339297623083
2270    71.37389004778422
2300    71.50549311717089
2330    71.62713293435345
2360    71.73848126610423
2390    71.83974886313419
2420    71.9314577916262
2460    72.03964757318052
2500    72.13207891679258
2540    72.20835274530745
2580    72.26748022239599
2620    72.30839776809444
2660    72.33113032178761
2700    72.33642173882184
2740    72.32508508308963
2780    72.29777905743323
2820    72.25404167135477
2860    72.19227646718633
2900    72.11078668552898
2940    72.0094119210668
2980    71.8903964902571
3020    71.75877684418836
3060    71.62244686414624
3100    71.49069473680075
3150    71.34446754314956
3200    71.22691921846601
3250    71.13961398419747
3300    71.07888596978104
3350    71.03910667964635
3400    71.01457911429904
3450    71.000363537095
3500    70.9926403991667
3550    70.98851541088177
3600    70.98697991775201
3650    70.98839259370712
3700    70.99300537447061
3750    71.0006887362653
3800    71.01207708626201
3860    71.03291455862282
3920    71.06367280552264
3980    71.10541310111938
4040    71.15863058301213
4100    71.22274548709836
4160    71.29543230587457
4220    71.37404236710304
4280    71.45597568847674
4340    71.53792234410815
4400    71.6159742532013
4460    71.68594860003284
4520    71.7449178913451
4590    71.79645896698132
4660    71.82451860192907
4730    71.82758107836321
4800    71.80712697155528
4870    71.76456122432361
4940    71.7018148968832
5010    71.61976012524221
5080    71.51963348183588
5150    71.40485255962845
5220    71.27773319469696
5300    71.11703302557441
5380    70.9397193193106
5460    70.74698726391328
5540    70.54177579655844
5620    70.3300787650832
5700    70.12192116882183
5780    69.92689797345434
5860    69.74043256604051
5950    69.52838969425491
6040    69.32059107608833
6130    69.13098568155857
6220    68.96661931159818
6310    68.82960244040375
6400    68.7203145364126
6490    68.63992682818161
6580    68.5912857857497
6680    68.57669675073112
6780    68.60251699822447
6880    68.66450606674013
6980    68.75702512694063
7080    68.87092220931825
7180    68.99064291074308
7280    69.09449870478258
7390    69.15921839768953
7500    69.13947094845634
7610    69.01295904926613
7720    68.77246037723322
7830    68.42475917630762
7940    67.98865434604278
8060    67.44112471264815
8180    66.85037809696662
8300    66.24210332107049
8420    65.63305234691359
8540    65.03507191540302
8660    64.45753409785286
8790    63.86578442050103
8920    63.319702182231694
9050    62.82803807734095
9180    62.396397647485585
9310    62.02694053182425
9450    61.700578973132686
9590    61.45042168095908
9730    61.27905143180885
9870    61.18884097688395
10010    61.183916121255564
10160    61.28409420241441
10310    61.51433030207223
10460    61.91131668685484
10610    62.53613315582964
10760    63.46495208382058
10920    64.79957505389535
11080    66.30402212125901
11240    67.64692286970016
11400    68.53927707751339
11570    68.86348251040621
11740    68.59530125359073
11910    67.89369785808836
12080    66.95637458698744
12260    65.90051097037336
12440    64.91924848531067
12620    64.09050363811096
12800    63.45094964816087
12990    63.001970840214156
13180    62.79584688280055
13370    62.83968679235221
13560    63.138863622747174
13760    63.72856920238513
13960    64.55916724406009
14160    65.4618663066592
14370    66.12594669913722
14580    66.09080473277407
14790    65.15287283626378
15010    63.39742774012793
15230    61.353288433093965
15450    59.42766005053686
15670    57.78641282529429
15900    56.40145100872202
16130    55.327098194473066
16360    54.54107905423308
16600    54.013399893564326
16840    53.71632595071428
17080    53.57837925924815
17330    53.56316907318768
17580    53.594764681200374
17840    53.57521619850972
18100    53.57253830619726
18360    53.501607557680195
18630    52.45171718693756
18900    51.12633618902379
19170    50.83185729206165
19450    50.66940119166412
19730    50.48093058109477
20000    50.39458157954576
