20    67.49159660258375
20.3    67.51601227951767
20.6    67.53978266272824
20.9    67.56263714515381
21.2    67.58447205129671
21.5    67.60548817809003
21.8    67.6261986603667
22.1    67.6472816628344
22.4    67.66934593597611
22.7    67.69271363511982
23    67.71729454740301
23.3    67.74261108390364
23.6    67.76795592307576
23.9    67.79260559306715
24.2    67.81601385674307
24.6    67.84489591734855
25    67.87123382151681
25.4    67.89551010774736
25.8    67.91822467752957
26.2    67.93968036610552
26.6    67.95998667106406
27    67.97918622147643
27.4    67.99735526239543
27.8    68.01461518887447
28.2    68.03109112070837
28.6    68.04687097334369
29    68.06199875205583
29.4    68.07649082971903
29.8    68.09034380622859
30.2    68.10353707310328
30.6    68.11604448704267
31    68.12784871148486
31.5    68.14162587837518
32    68.15437793426082
32.5    68.16618901878113
33    68.17712763525384
33.5    68.18723758164302
34    68.19655626116804
34.5    68.2051379753294
35    68.21304789151287
35.5    68.22035515334727
36    68.22712623870683
36.5    68.23341498362927
37    68.23924726622602
37.5    68.24461038618011
38    68.24945501490564
38.6    68.25449342326117
39.2    68.25860955530405
39.8    68.26179429915379
40.4    68.26410417278558
41    68.26561947616136
41.6    68.26641681538902
42.2    68.26656733208102
42.8    68.26614175271662
43.4    68.265197642846
44    68.26376851845825
44.6    68.26187262828637
45.2    68.2595262586622
45.9    68.25622564211017
46.6    68.25228096499166
47.3    68.2476207609557
48    68.24219688774488
48.7    68.23601267429952
49.4    68.22909204765219
50.1    68.2214409029331
50.8    68.21304242357357
51.5    68.20387870698231
52.2    68.19394592625761
53    68.18166129835421
53.8    68.16839109001093
54.6    68.15414516488187
55.4    68.13892435773661
56.2    68.12267779524691
57    68.1052986046391
57.8    68.08669093496478
58.6    68.06683842259832
59.5    68.04309427394315
60.4    68.01796481078674
61.3    67.99152324095277
62.2    67.96383059817154
63.1    67.93494576138755
64    67.90490495425541
64.9    67.87375010090648
65.8    67.84158197145274
66.8    67.8048683918621
67.8    67.7674701215208
68.8    67.7298732155938
69.8    67.69273047352459
70.8    67.65685239085107
71.8    67.62319166801217
72.8    67.59277429954213
73.9    67.5642032568729
75    67.54170263855552
76.1    67.52577568334293
77.2    67.51631451829984
78.3    67.5125543273831
79.4    67.51311896199061
80.6    67.51648048848911
81.8    67.520026071527
83    67.52104680153377
84.2    67.5173209882508
85.4    67.5074550521037
86.6    67.49102419837185
87.9    67.4664201185472
89.2    67.43626019885794
90.5    67.40256060073384
91.8    67.36743055446931
93.1    67.33281193637649
94.5    67.29793171231213
95.9    67.26693539130068
97.3    67.24059173357514
98.7    67.21892698233788
100    67.20235951270836
102    67.18071734814635
104    67.15883817948273
106    67.13141099516658
108    67.09457005838804
110    67.04647822754563
112    66.98727415065144
114    66.91857924363599
116    66.84265716376885
118    66.76178251516905
120    66.67788402713524
122    66.5923538346398
124    66.50601773661195
126    66.41926040441868
128    66.33213245584284
130    66.24447153244002
132    66.15603336213859
134    66.06661402959966
136    65.97609711678399
138    65.88442241510495
140    65.79153161869024
142    65.69739433769797
144    65.60201900143822
146    65.5054239409925
148    65.4076267547508
150    65.30864299697274
152    65.2084691781042
154    65.10705891599139
156    65.00431355947346
158    64.90007547946881
160    64.79412213148018
162    64.68620903494669
164    64.57615325513112
166    64.46387257990742
168    64.34945697026981
170    64.23327779746027
173    64.05751197670489
176    63.883852524348946
179    63.718392881338644
182    63.56923290528412
185    63.44627158354905
188    63.36028006294569
191    63.321385241526926
194    63.337480944881975
197    63.412735358912755
200    63.5465390739753
203    63.73320854631629
206    63.96240268021492
209    64.22007301508098
212    64.48975549041643
215    64.75410818604935
218    64.99660464975966
221    65.20324476082752
224    65.36399894288084
227    65.47360970352102
230    65.53158174026234
233    65.54145081786993
236    65.50961094877935
239    65.44397974622652
243    65.31786402347538
247    65.16321365872489
251    64.99350135463068
255    64.81818355085716
259    64.64320467296906
263    64.47183097318751
267    64.30548758736185
271    64.14448501886599
275    63.98857566909838
279    63.83732281013151
283    63.69031577190099
287    63.547255692649614
291    63.40797847351554
295    63.272432593782504
299    63.14062441817779
303    63.012559791101765
307    62.88819818178308
312    62.737769441298
317    62.59258650854987
322    62.45222618012309
327    62.31627787309852
332    62.184407247152905
337    62.05641421332665
342    61.93221378527472
347    61.81175008313603
352    61.69495557457161
357    61.58177266272069
362    61.47225415713167
367    61.36666339417924
372    61.26555754636307
377    61.1698707963661
383    61.0641082338231
389    60.97094049612927
395    60.89337929956918
401    60.83407805749485
407    60.79485310598906
413    60.776469794220844
419    60.778783942101484
425    60.801109389868046
431    60.84258425142204
437    60.902294786846696
443    60.97899125925433
449    61.07050044033322
456    61.19096294044304
463    61.31793808761386
470    61.44093191087852
477    61.549290644828304
484    61.63446874428129
491    61.69179559010263
498    61.72112700093102
505    61.7262751078617
512    61.71358487501034
519    61.69028706538221
527    61.65921666147966
535    61.63079104726173
543    61.609938372839906
551    61.59889518547907
559    61.597735195590445
567    61.60500249183187
575    61.618304826070755
583    61.63480044870242
592    61.653701190560014
601    61.66993586822335
610    61.68173908174653
619    61.688842053388555
628    61.69211076375747
637    61.6929740347414
646    61.69285380360661
655    61.69275234063736
665    61.69319519056377
675    61.69421578153024
685    61.69554957250443
695    61.69696544196124
705    61.698384356847654
715    61.699899686811946
725    61.701772660949985
736    61.70472635322599
747    61.70927188218907
758    61.716217623963125
769    61.72641182134466
780    61.74053742317331
791    61.7588670259965
803    61.78345694851987
815    61.81219915311046
827    61.844198599593284
839    61.878594640962824
851    61.914778567336526
863    61.95250872369762
876    61.99529259650622
889    62.04056470003261
902    62.08902046493429
915    62.141315344187305
928    62.197845339447724
942    62.26357854728214
956    62.3342055570749
970    62.40929822685628
984    62.48817551241507
998    62.57004302001329
1010    62.64201740973648
1020    62.702889469538185
1030    62.76427250300827
1050    62.887636132936706
1070    63.01062798981002
1090    63.132248818552426
1110    63.25198387733771
1130    63.369937568669464
1150    63.48668582793935
1170    63.603047758426214
1190    63.719919609936916
1210    63.838103783157706
1230    63.95811740448548
1250    64.08020903516778
1270    64.2042710836902
1290    64.33009484169973
1310    64.45732708354862
1330    64.58526477633552
1350    64.71279208402358
1370    64.83869725995197
1390    64.9620289508004
1410    65.08232346967218
1430    65.19956919262404
1450    65.31392363208784
1470    65.42562361651906
1490    65.53503114265897
1510    65.64266019485984
1530    65.74906360610777
1550    65.85479344223654
1570    65.96047579118382
1590    66.06677994737157
1610    66.17436773896232
1630    66.28381698467558
1650    66.39546867388452
1670    66.50933844881985
1690    66.62515377902886
1710    66.74249694369311
1730    66.86099499981955
1760    67.04061985745318
1790    67.22293511597056
1820    67.40901435326649
1850    67.59980155054618
1880    67.79562845569228
1910    67.99640369747269
1940    68.20203179944036
1970    68.41230924903435
2000    68.62701968350783
2030    68.84619070596074
2060    69.06977966563666
2090    69.29779973481831
2120    69.5303307173036
2150    69.76740968031305
2180    70.00896479008368
2210    70.25465295797181
2240    70.50383435662852
2270    70.75576984002402
2300    71.0097618007462
2330    71.26522083271087
2360    71.52162594567596
2390    71.77856244455619
2420    72.03584960275984
2460    72.37938236015674
2500    72.72310042459667
2540    73.06651776135092
2580    73.40898734585754
2620    73.74950783413443
2660    74.08660903992748
2700    74.41800497277328
2740    74.74033532571187
2780    75.04908535476585
2820    75.33888300966714
2860    75.60415256520353
2900    75.83958344733746
2940    76.04099018486767
2980    76.2056919789679
3020    76.33206893658527
3060    76.41910916517662
3100    76.46609294210714
3150    76.46834478963576
3200    76.41063251685209
3250    76.29852175597358
3300    76.14052109433956
3350    75.94759715927461
3400    75.73174030507357
3450    75.50397509257536
3500    75.27262490206763
3550    75.04318448284613
3600    74.8191206580471
3650    74.602424839148
3700    74.39397782834067
3750    74.19404910398596
3800    74.00294961763801
3860    73.78619513532435
3920    73.58452255610445
3980    73.39990466151286
4040    73.23397184541223
4100    73.0875143805924
4160    72.96020196073525
4220    72.85069293189665
4280    72.75738959342237
4340    72.67855551815897
4400    72.61223809742151
4460    72.55640435983628
4520    72.50928273801206
4590    72.46313310364143
4660    72.42328225726536
4730    72.38566422205766
4800    72.34641642389776
4870    72.30293408738802
4940    72.25360436020975
5010    72.19626267393619
5080    72.12817850849702
5150    72.04728539261322
5220    71.9521954794003
5300    71.82427660071927
5380    71.67381806984909
5460    71.5002668911054
5540    71.30564159831316
5620    71.09271562071643
5700    70.86440449897346
5780    70.62437575544617
5860    70.37614887562256
5950    70.09052403218016
6040    69.80272772826507
6130    69.51909113957221
6220    69.24580522298515
6310    68.98702656193657
6400    68.74654879753635
6490    68.52817756178607
6580    68.3336613634804
6680    68.1451331568034
6780    67.98426049714985
6880    67.85070312915664
6980    67.7457428067764
7080    67.67224707769834
7180    67.63262482404268
7280    67.62525910524639
7390    67.64607499446693
7500    67.68410683054867
7610    67.72550085818392
7720    67.7548137173941
7830    67.75386571703106
7940    67.70319592370728
8060    67.57113916611884
8180    67.34407866704876
8300    67.01351683300774
8420    66.5820543690181
8540    66.0640119708882
8660    65.48085563580166
8790    64.80190212884051
8920    64.10035240188691
9050    63.39947362637138
9180    62.718383141027076
9310    62.07086046208544
9450    61.42156117456991
9590    60.82878309825219
9730    60.29521110757045
9870    59.82179803413632
10010    59.40860453991024
10160    59.03243523058734
10310    58.72391188022239
10460    58.48257105753639
10610    58.31398551734358
10760    58.223989618799195
10920    58.205607007679916
11080    58.25713310590132
11240    58.382694671611524
11400    58.58364119695113
11570    58.87655063217214
11740    59.24526890544243
11910    59.68061187202326
12080    60.167287112919645
12260    60.71083846363986
12440    61.241005321667124
12620    61.704559249968696
12800    62.046885421602326
12990    62.230623564969456
13180    62.213765084346356
13370    62.016255199846185
13560    61.68984509998819
13760    61.27773124399522
13960    60.87306108351378
14160    60.54848058973312
14370    60.3579352375631
14580    60.37370032089546
14790    60.64095990249341
15010    61.2320501788895
15230    62.13285985291682
15450    63.152568750139146
15670    63.815420320554836
15900    63.53638596226822
16130    62.07111661834166
16360    59.88188013146259
16600    57.574304873500466
16840    55.502847007599215
17080    53.64091160101613
17330    52.044943267678335
17580    50.79758519574068
17840    49.82187558535635
18100    49.142068968645376
18360    48.75481309275409
18630    48.686657377215155
18900    49.00296351077996
19170    49.76534691669682
19450    50.79286685182714
19730    51.14783036337353
20000    50.82391239689736
