20    70.1511858533002
20.3    70.15127209147377
20.6    70.15129594076333
20.9    70.15124542555245
21.2    70.1511484022017
21.5    70.15100543479554
21.8    70.15071623552622
22.1    70.15006317879013
22.4    70.1487403584996
22.7    70.14643707060546
23    70.14294294032288
23.3    70.13823003510628
23.6    70.13245642843194
23.9    70.12589806872094
24.2    70.11883143862036
24.6    70.10888102330281
25    70.0982912347946
25.4    70.08671010188495
25.8    70.07370155636491
26.2    70.05902149400075
26.6    70.04271421275101
27    70.0250140753974
27.4    70.00617750534974
27.8    69.98638143308511
28.2    69.96573786974213
28.6    69.94437869627612
29    69.92251347560565
29.4    69.90041536744735
29.8    69.87834176283945
30.2    69.85643660834651
30.6    69.83469342461899
31    69.81298270353042
31.5    69.78560486963416
32    69.75764065446944
32.5    69.72886359302285
33    69.69920781459356
33.5    69.66876151258656
34    69.63772627964366
34.5    69.60632715357399
35    69.57472575135114
35.5    69.54299221159465
36    69.51112573067383
36.5    69.47908378002467
37    69.4468042774852
37.5    69.41420720379148
38    69.38121687725136
38.6    69.34107796704838
39.2    69.30043663670196
39.8    69.25950668805018
40.4    69.21849244520894
41    69.1775005522285
41.6    69.1365598552766
42.2    69.09569522811844
42.8    69.05496659060199
43.4    69.01446002524735
44    68.97426085945872
44.6    68.93441967008847
45.2    68.89492258416391
45.9    68.84915896868574
46.6    68.80349331987853
47.3    68.75749876816683
48    68.7105878325326
48.7    68.66232465722501
49.4    68.61271839563415
50.1    68.56214099697948
50.8    68.51102328861577
51.5    68.45977991739066
52.2    68.40876485475681
53    68.3509209568232
53.8    68.29362109940183
54.6    68.23714719376795
55.4    68.18186112912991
56.2    68.1278695847424
57    68.07501097384828
57.8    68.02300814777692
58.6    67.9716300583998
59.5    67.91446135851466
60.4    67.8579478693376
61.3    67.80199052483098
62.2    67.746197524585
63.1    67.68994756782406
64    67.63287244200205
64.9    67.57494892004831
65.8    67.51596280731326
66.8    67.44867441690602
67.8    67.37942314946008
68.8    67.308817533058
69.8    67.2379402128991
70.8    67.16785487707565
71.8    67.09929644059451
72.8    67.03244606473966
73.9    66.960999213401
75    66.89220201326158
76.1    66.82604805330948
77.2    66.76218278376372
78.3    66.70093168253447
79.4    66.64310901854395
80.6    66.58429110313676
81.8    66.52910995753984
83    66.47583937949227
84.2    66.42263280671276
85.4    66.36817906868177
86.6    66.31154723278523
87.9    66.24700693060723
89.2    66.17913834312358
90.5    66.10849571820285
91.8    66.03582867881278
93.1    65.96200175410942
94.5    65.8824578599581
95.9    65.80410060100668
97.3    65.7275656598257
98.7    65.65259632146385
100    65.58391209357274
102    65.4789928114453
104    65.37360859534559
106    65.26741491042517
108    65.16056039096313
110    65.05420919319884
112    64.9497036490622
114    64.84745045296845
116    64.74667211098844
118    64.64590467007017
120    64.54371421531368
122    64.4392001135761
124    64.33241862161732
126    64.22443351455439
128    64.11664322815926
130    64.01057621370994
132    63.907528825770726
134    63.80811440837028
136    63.71197931864804
138    63.618062229711484
140    63.52524934141115
142    63.43251387181738
144    63.33895043775276
146    63.243906881232064
148    63.1467976333521
150    63.047052799916656
152    62.944557841122695
154    62.8400904645965
156    62.735347784065944
158    62.63279495045575
160    62.53574082051745
162    62.4485374364523
164    62.37641933959409
166    62.324774487130526
168    62.29792536149256
170    62.29824625575222
173    62.349190487744124
176    62.45273561344847
179    62.59299924094657
182    62.75018633761621
185    62.90511335372127
188    63.04283206804651
191    63.154923865378095
194    63.23951002007547
197    63.29870337633569
200    63.33571923326528
203    63.353941711145595
206    63.35690483377324
209    63.34803031505345
212    63.33014886724456
215    63.30551806078878
218    63.27580579359734
221    63.2421144402459
224    63.20520620048196
227    63.16550502208867
230    63.123066692925285
233    63.07787258217128
236    63.02989159673105
239    62.97904763534339
243    62.90674283016891
247    62.82945641395433
251    62.74786041528128
255    62.66310677018632
259    62.57658158128643
263    62.48961511028106
267    62.403265147287684
271    62.31838708274982
275    62.23556486731562
279    62.15511155012233
283    62.07717704322496
287    62.00175118553484
291    61.92872367911356
295    61.85789658528581
299    61.78895384021804
303    61.72156507826566
307    61.655584600942674
312    61.57500111698539
317    61.496424505566274
322    61.41969762426129
327    61.344453298740845
332    61.2701029608114
337    61.195802178522534
342    61.12068207806621
347    61.04416468332744
352    60.965902744416255
357    60.88576232094657
362    60.80392190508174
367    60.72079888514598
372    60.637200315145584
377    60.55462663066488
383    60.459851147694636
389    60.3737904020423
395    60.30167431368818
401    60.24959401604127
407    60.22332741970952
413    60.22743090599067
419    60.26427391203452
425    60.33324361686168
431    60.431023504540235
437    60.5519988181519
443    60.688792045843485
449    60.832932760079686
456    60.99989623614403
463    61.15640224290824
470    61.29573598361984
477    61.414218763810865
484    61.51096749126452
491    61.58725670195085
498    61.64591248737898
505    61.6906645638677
512    61.72554851522732
519    61.754419694313896
527    61.78438094998119
535    61.814745458758225
543    61.84771255431262
551    61.88388098218167
559    61.92279759250631
567    61.963634706411455
575    62.00571918436573
583    62.04888462386876
592    62.09939838957413
601    62.15345843057507
610    62.21260267204153
619    62.277438457038855
628    62.34723851393409
637    62.41958344568231
646    62.49089061759927
655    62.558040019694246
665    62.62598354875712
675    62.687104290159496
685    62.7428142629367
695    62.794734650710865
705    62.844076575766636
715    62.89157699143935
725    62.937681438242514
736    62.98717881787804
747    63.035877406608094
758    63.084365349032154
769    63.13324244906871
780    63.18313814681881
791    63.234677102069654
803    63.29334447378319
815    63.354837084293564
827    63.41911673819246
839    63.486126599069465
851    63.55607066737046
863    63.62925792362559
876    63.71223688879504
889    63.79877723557847
902    63.88857255577888
915    63.98148942153075
928    64.07746633929636
942    64.18421236113153
956    64.29446276889962
970    64.4080951915237
984    64.5247266762832
998    64.64382376097859
1010    64.7474536943762
1020    64.83454790264554
1030    64.92196592526406
1050    65.09660416010648
1070    65.26956693877449
1090    65.43971906226938
1110    65.60669720479764
1130    65.77087366997718
1150    65.93279784554042
1170    66.09288976328958
1190    66.25157245927358
1210    66.40893120001795
1230    66.56451479241724
1250    66.71780823438705
1270    66.86891794959682
1290    67.01839788014166
1310    67.16653534236325
1330    67.31318468701298
1350    67.45804945871896
1370    67.60089736832882
1390    67.74164014281409
1410    67.88028806535254
1430    68.01690368286471
1450    68.15157291437137
1470    68.28463053884195
1490    68.41642886825164
1510    68.5473134944342
1530    68.6775645204782
1550    68.80725248224134
1570    68.93623894239317
1590    69.06445779052166
1610    69.19190325834833
1630    69.31861393419966
1650    69.44474794925684
1670    69.57064942298692
1690    69.69669083369308
1710    69.8228582131083
1730    69.94883692869506
1760    70.13687725883298
1790    70.32359031593012
1820    70.50884150623357
1850    70.69237046526345
1880    70.87379316857357
1910    71.05278740798002
1940    71.22875599062232
1970    71.40100042096515
2000    71.56901674482833
2030    71.73276550234036
2060    71.89198260383417
2090    72.04531527284871
2120    72.19189101073744
2150    72.33171247343861
2180    72.46491347308623
2210    72.59113394373708
2240    72.7096853015066
2270    72.81891874630665
2300    72.91786049762759
2330    73.00643368633374
2360    73.08525675735719
2390    73.154942073418
2420    73.2153903156184
2460    73.28105539975299
2500    73.329797860554
2540    73.36152789361603
2580    73.37663323131542
2620    73.3763579427858
2660    73.36211197936603
2700    73.33586981655112
2740    73.29833954862377
2780    73.25021592915301
2820    73.19307760021842
2860    73.1292008729371
2900    73.05987587684992
2940    72.98528162340118
2980    72.90627536409377
3020    72.82388265086529
3060    72.739085718443
3100    72.65332927225779
3150    72.54695782485253
3200    72.44278716175525
3250    72.34084222917096
3300    72.2415060951837
3350    72.14566399149746
3400    72.05441698391965
3450    71.96964989113764
3500    71.89308715448098
3550    71.8244260458323
3600    71.76104817819146
3650    71.69829898938394
3700    71.63513727611084
3750    71.58406364124552
3800    71.55964070096829
3860    71.53907123250818
3920    71.5058916001642
3980    71.46400647001362
4040    71.42182294732504
4100    71.3817701370011
4160    71.3405627389613
4220    71.29292290952074
4280    71.23512913797896
4340    71.16713445349913
4400    71.09325964826435
4460    71.01803381320472
4520    70.94195928495976
4590    70.8479038587316
4660    70.74515911240269
4730    70.63359487776114
4800    70.51518463511889
4870    70.39215735121377
4940    70.26682332946012
5010    70.1403155985398
5080    70.01187259185825
5150    69.88000148596309
5220    69.74319500104491
5300    69.57602445002127
5380    69.39045794036497
5460    69.18042494870951
5540    68.94446755115129
5620    68.68622392166048
5700    68.41616489965307
5780    68.14851369803964
5860    67.89543525176651
5950    67.63762744053307
6040    67.4165716857926
6130    67.24269784065325
6220    67.1258191861383
6310    67.07175301453003
6400    67.0741165569201
6490    67.13096007911048
6580    67.23440495804606
6680    67.39419136974401
6780    67.59342900860558
6880    67.82059925198124
6980    68.05961032043393
7080    68.28820628971829
7180    68.47685459453484
7280    68.59419353445236
7390    68.61210255073969
7500    68.48849330804246
7610    68.20824510711446
7720    67.78668290027971
7830    67.25856083273646
7940    66.65475120698082
8060    65.94131501799284
8180    65.20746004299843
8300    64.48348970424969
8420    63.7909332744088
8540    63.14679239268591
8660    62.55870166078459
8790    61.987297391332916
8920    61.492422552616596
9050    61.0652286624165
9180    60.712443233600446
9310    60.430511901222324
9450    60.206078431911905
9590    60.06790715100443
9730    60.01776078641572
9870    60.058111122362476
10010    60.19824210583178
10160    60.467143858489784
10310    60.87198763391524
10460    61.402875712283915
10610    62.05530051728232
10760    62.92888140487341
10920    64.11858112670375
11080    65.53042757081046
11240    67.10740213701368
11400    68.59160952393606
11570    69.47832593754259
11740    69.5009688500171
11910    68.30923601311606
12080    66.75321724974637
12260    65.07507275655288
12440    63.59856470580827
12620    62.45472564899019
12800    61.60341464312048
12990    61.05600187187031
13180    60.606708149234265
13370    60.46297955079902
13560    60.54849245329517
13760    60.834696303566034
13960    61.27775250450636
14160    61.77423940086069
14370    62.21131839296706
14580    62.330667753396455
14790    62.063307665117826
15010    61.3295525238796
15230    60.28926988527762
15450    59.19591477755032
15670    58.18167927431346
15900    57.26756870724367
16130    56.53155534907087
16360    55.88559196540781
16600    55.17125413162761
16840    54.78290673559088
17080    55.06138988037107
17330    55.3983656976544
17580    55.54412731543942
17840    55.345413690730744
18100    54.64510218833202
18360    53.746769344054094
18630    53.05739542126451
18900    52.92346403230006
19170    53.40624250842666
19450    53.20325941219899
19730    50.19134847498872
20000    49.79039588247869
