20    72.613
20.3    72.57599988666703
20.6    72.542
20.9    72.50999999999999
21.2    72.47950010166632
21.5    72.44524996937491
21.8    72.40849986500068
22.1    72.36725
22.4    72.3245
22.7    72.28400013499954
23    72.2485
23.3    72.2179999100003
23.6    72.191
23.9    72.16325
24.2    72.13099992333309
24.6    72.07712507062465
25    72.0145
25.4    71.9495
25.8    71.8909998800006
26.2    71.8430001199994
26.6    71.79962499999999
27    71.75483337388874
27.4    71.70425006562516
27.8    71.65075000000002
28.2    71.59729999999999
28.6    71.5461
29    71.4985
29.4    71.4533
29.8    71.40690000000001
30.2    71.35925
30.6    71.31033341555528
31    71.26012503156258
31.5    71.1985
32    71.13900000000001
32.5    71.0805
33    71.02099999999999
33.5    70.9595
34    70.8985
34.5    70.8385
35    70.781
35.5    70.72399999999999
36    70.667
36.5    70.60849999999999
37    70.548
37.5    70.4865
38    70.4286429397958
38.6    70.361900109
39.2    70.29381254289066
39.8    70.22200000000001
40.4    70.14766650222168
41    70.07966666666667
41.6    70.01766663305544
42.2    69.95549995500006
42.8    69.89199989333298
43.4    69.82774994625026
44    69.76292872653039
44.6    69.69783347777826
45.2    69.63329999999999
45.9    69.56007148775501
46.6    69.48666663138877
47.3    69.41299997000004
48    69.34200007142847
48.7    69.272500099
49.4    69.20350019714257
50.1    69.13274998656249
50.8    69.0574998928573
51.5    68.9825
52.2    68.91650009428558
53    68.8455
53.8    68.76999991428585
54.6    68.7011428697959
55.4    68.6257500834376
56.2    68.53880000000001
57    68.458
57.8    68.3984
58.6    68.328
59.5    68.24625
60.4    68.16674995656244
61.3    68.08557140204086
62.2    68.00500008857131
63.1    67.9289
64    67.84700000000001
64.9    67.7705
65.8    67.70400000000001
66.8    67.6199
67.8    67.5345
68.8    67.4555
69.8    67.3732
70.8    67.2929
71.8    67.21260000000001
72.8    67.1365
73.9    67.05715
75    66.96600000000001
76.1    66.87204143177024
77.2    66.79196148893503
78.3    66.71326936283994
79.4    66.64100009125023
80.6    66.56224989437473
81.8    66.4745383391423
83    66.3853462372779
84.2    66.29900014250035
85.4    66.21333326166649
86.6    66.1304614058583
87.9    66.0478
89.2    65.96053333333333
90.5    65.87170825260397
91.8    65.78773066485232
93.1    65.70280778390512
94.5    65.60866675208354
95.9    65.51749985749964
97.3    65.42488458449711
98.7    65.32519250686344
100    65.25
102    65.14133333333334
104    65.02735722091826
106    64.91900000000001
108    64.8245
110    64.73062494140618
112    64.6305
114    64.5290001187503
116    64.44149994545447
118    64.3715
120    64.28688455029581
122    64.208
124    64.13895231519268
126    64.057
128    63.9805
130    63.901357142857144
132    63.81999999999999
134    63.727500000000006
136    63.6395
138    63.554
140    63.475
142    63.396
144    63.314
146    63.2305
148    63.1475
150    63.061499999999995
152    62.971500000000006
154    62.8806
156    62.7894
158    62.7029
160    62.6305
162    62.582499999999996
164    62.5693
166    62.5813
168    62.617000000000004
170    62.68300000000001
173    62.856300000000005
176    63.0375
179    63.2157
182    63.3681
185    63.4845
188    63.543499999999995
191    63.5557
194    63.53020000000001
197    63.477000000000004
200    63.414
203    63.345
206    63.2675
209    63.185
212    63.099999999999994
215    63.014250000000004
218    62.928
221    62.839625
224    62.7515
227    62.666
230    62.582499999999996
233    62.501999999999995
236    62.425
239    62.352999999999994
243    62.2715
247    62.207499999999996
251    62.16275
255    62.13025
259    62.107
263    62.087833333333336
267    62.063
271    62.03283333333333
275    61.994125
279    61.955124999999995
283    61.9188
287    61.8838
291    61.8504
295    61.82
299    61.788
303    61.753375
307    61.716499999999996
312    61.66475
317    61.6114
322    61.5535
327    61.4931
332    61.433099999999996
337    61.3754
342    61.319100000000006
347    61.2629
352    61.2074
357    61.153999999999996
362    61.1027
367    61.0544
372    61.0071
377    60.95871428571429
383    60.902
389    60.8525
395    60.806
401    60.77433333333333
407    60.74791666666667
413    60.73158333333333
419    60.728071428571425
425    60.7345
431    60.7555
437    60.7855
443    60.82707142857143
449    60.87358333333333
456    60.93071428571429
463    60.991749999999996
470    61.05364285714286
477    61.11714285714286
484    61.182300000000005
491    61.254000000000005
498    61.3305
505    61.408625
512    61.486000000000004
519    61.56442857142857
527    61.657875000000004
535    61.7519375
543    61.842
551    61.928285714285714
559    62.0138125
567    62.0973
575    62.177
583    62.25295
592    62.3343
601    62.411437500000005
610    62.48128571428572
619    62.54385714285714
628    62.602625
637    62.6575
646    62.706999999999994
655    62.753249999999994
665    62.804
675    62.853500000000004
685    62.901250000000005
695    62.9495
705    62.9985
715    63.049
725    63.10125
736    63.160799999999995
747    63.2229
758    63.287333333333336
769    63.35246153846154
780    63.41838461538461
791    63.485749999999996
803    63.560875
815    63.636884615384616
827    63.71465384615385
839    63.79391666666667
851    63.876999999999995
863    63.96111538461538
876    64.0537
889    64.1477
902    64.24266666666668
915    64.33780769230769
928    64.43276923076924
942    64.537
956    64.642
970    64.74761538461539
984    64.85542307692307
998    64.96483333333333
1010    65.06016666666667
1020    65.14033333333333
1030    65.221
1050    65.3845
1070    65.54933333333334
1090    65.71600000000001
1110    65.88178571428571
1130    66.04555555555555
1150    66.2105
1170    66.37186363636363
1190    66.53084615384614
1210    66.68871428571428
1230    66.84371428571428
1250    66.99549999999999
1270    67.14866666666666
1290    67.29557142857144
1310    67.43871428571428
1330    67.5755
1350    67.70500000000001
1370    67.8275
1390    67.94075000000001
1410    68.0415
1430    68.13550000000001
1450    68.2185
1470    68.2945
1490    68.3672
1510    68.44
1530    68.5153
1550    68.59450000000001
1570    68.6845
1590    68.7835
1610    68.8909
1630    69.006
1650    69.128
1670    69.2584
1690    69.3897
1710    69.52170000000001
1730    69.6539
1760    69.8501
1790    70.0424
1820    70.2312
1850    70.4135
1880    70.595
1910    70.7752
1940    70.95580000000001
1970    71.13719999999999
2000    71.3205
2030    71.505
2060    71.6905
2090    71.8735
2120    72.05199999999999
2150    72.22125
2180    72.384
2210    72.5275
2240    72.65950000000001
2270    72.766
2300    72.851
2330    72.912
2360    72.94550000000001
2390    72.948125
2420    72.92666666666668
2460    72.85024999999999
2500    72.74950000000001
2540    72.6665
2580    72.63550000000001
2620    72.643
2660    72.65787499999999
2700    72.66300000000001
2740    72.64500000000001
2780    72.60825
2820    72.56190000000001
2860    72.5231
2900    72.5095
2940    72.53909999999999
2980    72.5795
3020    72.61725
3060    72.64133333333334
3100    72.64699999999999
3150    72.6345
3200    72.6055
3250    72.56649999999999
3300    72.52350000000001
3350    72.47999999999999
3400    72.43799999999999
3450    72.3995
3500    72.36349999999999
3550    72.328
3600    72.2935
3650    72.267
3700    72.25200000000001
3750    72.24600000000001
3800    72.251
3860    72.2638
3920    72.2880625
3980    72.3178
4040    72.35533333333333
4100    72.39816666666667
4160    72.44066666666667
4220    72.46678571428572
4280    72.45949999999999
4340    72.39599999999999
4400    72.29007142857142
4460    72.19283333333334
4520    72.1717
4590    72.29085714285713
4660    72.48499999999999
4730    72.67864285714286
4800    72.79757142857144
4870    72.8215
4940    72.7255
5010    72.539
5080    72.29050000000001
5150    71.94800000000001
5220    71.48349999999999
5300    70.79599999999999
5380    70.33949999999999
5460    70.71235714285714
5540    71.182875
5620    71.34049999999999
5700    71.2825
5780    71.0957
5860    70.8702
5950    70.5985
6040    70.32874999999999
6130    70.07435714285714
6220    69.84100000000001
6310    69.63115
6400    69.4345
6490    69.24145
6580    69.05799999999999
6680    68.9315
6780    68.9468
6880    69.0856
6980    69.3104
7080    69.5865
7180    69.8699
7280    70.1285
7390    70.36215
7500    70.52799999999999
7610    70.60179166666666
7720    70.57773076923077
7830    70.46357692307691
7940    70.24674999999999
8060    69.83725
8180    69.18276923076922
8300    68.36896153846155
8420    67.60066666666667
8540    66.9985
8660    66.41611538461538
8790    65.7592
8920    65.11026666666666
9050    64.49237500000001
9180    63.93673076923078
9310    63.4733076923077
9450    63.10820833333333
9590    62.8835
9730    62.80346153846154
9870    62.87353846153846
10010    63.12806666666667
10160    63.58590000000001
10310    64.00185714285715
10460    63.934250000000006
10610    63.72043333333333
10760    64.02963333333334
10920    64.75912500000001
11080    65.66028571428572
11240    66.60266666666666
11400    67.48066666666668
11570    68.25034090909091
11740    68.959125
11910    69.49074999999999
12080    69.90107142857143
12260    69.87364285714287
12440    69.59066666666666
12620    68.9896
12800    68.0095
12990    66.52587142857143
13180    65.1586
13370    64.97205
13560    65.209
13760    65.6298
13960    66.081
14160    66.42883333333333
14370    66.709125
14580    66.80238
14790    66.7206
15010    66.35722
15230    65.57006
15450    64.6477
15670    64.08582
15900    63.5378
16130    62.62732
16360    61.4884
16600    60.6078
16840    60.3039
17080    60.36214
17330    60.51262
17580    60.388180000000006
17840    59.73258
18100    58.628299999999996
18360    57.07028
18630    54.980900000000005
18900    52.8173
19170    50.79568
19450    48.63120000000001
19730    46.420460000000006
20000    46.2625
