20    71.37146397872904
20.3    71.41075157214547
20.6    71.44940755274719
20.9    71.48736266901432
21.2    71.52453460470765
21.5    71.5608477013115
21.8    71.59624643155583
22.1    71.63071525169212
22.4    71.66427673220528
22.7    71.69697096317526
23    71.7288364774146
23.3    71.75990554346708
23.6    71.790205575085
23.9    71.81976082213117
24.2    71.84859342547512
24.6    71.88594760023247
25    71.9220903061478
25.4    71.95702824131027
25.8    71.9907302152228
26.2    72.0231532136153
26.6    72.05429741987881
27    72.08424368063834
27.4    72.11314886453259
27.8    72.14119856607334
28.2    72.16855193528872
28.6    72.19530339260228
29    72.22147283875245
29.4    72.24702923860485
29.8    72.27192743094062
30.2    72.29614287204902
30.6    72.31968773917811
31    72.34260023173329
31.5    72.3704060139034
32    72.3973011090199
32.5    72.42324952641006
33    72.44822105063895
33.5    72.47226327903785
34    72.49550642437033
34.5    72.51809918362139
35    72.54013616549726
35.5    72.56163824808357
36    72.58258265499603
36.5    72.60293724004103
37    72.62267331897769
37.5    72.64177201035307
38    72.66023293432318
38.6    72.68156929145346
39.2    72.70205053634498
39.8    72.7216957307056
40.4    72.74049131480814
41    72.75839884636729
41.6    72.77538121379965
42.2    72.79145149568312
42.8    72.80670558681607
43.4    72.82129203702695
44    72.83533588391441
44.6    72.84888469917416
45.2    72.8619234868804
45.9    72.87645946116353
46.6    72.8902664949161
47.3    72.90337881963426
48    72.91586784636007
48.7    72.92784574195701
49.4    72.93943441898679
50.1    72.95071626792763
50.8    72.96171350552252
51.5    72.97239107495082
52.2    72.98264071697986
53    72.99357175292737
53.8    73.00332244566724
54.6    73.01166898059151
55.4    73.018666359483
56.2    73.02457712674178
57    73.02969331457386
57.8    73.03424051666818
58.6    73.03834540426979
59.5    73.04243467157927
60.4    73.04585044455999
61.3    73.04848656894637
62.2    73.05026912020037
63.1    73.05111759911546
64    73.05098973753323
64.9    73.04996424998205
65.8    73.04826664902916
66.8    73.0459964029713
67.8    73.04378183340918
68.8    73.04198676623153
69.8    73.04076927765651
70.8    73.04005110542866
71.8    73.0395559776206
72.8    73.03883626049506
73.9    73.03710534745963
75    73.03366143509905
76.1    73.02789639410958
77.2    73.01940551037208
78.3    73.00802278342825
79.4    72.99382012493928
80.6    72.97544016646293
81.8    72.95459836670707
83    72.93199906462158
84.2    72.90845517133862
85.4    72.8848547380708
86.6    72.86212614334909
87.9    72.83956981458863
89.2    72.82025852435615
90.5    72.80512713739202
91.8    72.79476715151749
93.1    72.78928685130822
94.5    72.78826881816157
95.9    72.7909592564199
97.3    72.79539038210955
98.7    72.79927982978106
100    72.80041474242682
102    72.79405368630648
104    72.77492669820468
106    72.74196446127988
108    72.6961683477555
110    72.6397413076622
112    72.57525707544443
114    72.50502370338378
116    72.43088142072287
118    72.35426045865178
120    72.27641809110406
122    72.19883530949855
124    72.12354797525037
126    72.0534346127661
128    71.99226551976798
130    71.944339020594
132    71.91380918068077
134    71.90385065948168
136    71.91591841782773
138    71.94933717438336
140    72.00140239656392
142    72.06809566316954
144    72.14518789258852
146    72.22936235052173
148    72.31897702222119
150    72.41421439282925
152    72.51654396387329
154    72.62762415293756
156    72.74803917020593
158    72.87632858988943
160    73.00861208764303
162    73.1389433674928
164    73.26033553715442
166    73.36608320431259
168    73.4509305729234
170    73.51180484155745
173    73.5573585515557
176    73.55319547553503
179    73.50918887383364
182    73.43674319474779
185    73.34644364251973
188    73.24678739736737
191    73.14383638979072
194    73.04146223580972
197    72.94182506104026
200    72.84587261164349
203    72.75374289497
206    72.66512083666905
209    72.57952397331853
212    72.4964887482657
215    72.41567271296014
218    72.33681250424146
221    72.25968041187664
224    72.18413077790123
227    72.110136987653
230    72.0377783134801
233    71.9672055134893
236    71.89860662268359
239    71.83217343259045
243    71.74727907469266
247    71.6668289707781
251    71.59082759324491
255    71.51894315033059
259    71.45045737205487
263    71.384305885896
267    71.31930532427594
271    71.25440960619085
275    71.18878956476789
279    71.1218396626645
283    71.05322635469523
287    70.98289702982191
291    70.91103112237548
295    70.83800601107464
299    70.76437444476127
303    70.690794416512
307    70.61791886326115
312    70.52864147915245
317    70.4420529716833
322    70.35848497412631
327    70.27783232261534
332    70.19955879006716
337    70.1227739022423
342    70.04631699920708
347    69.96888355033126
352    69.88929161220517
357    69.80678037292884
362    69.72117750494283
367    69.63290001735936
372    69.5428677145494
377    69.45242999323229
383    69.3457793533495
389    69.24431972529618
395    69.15155620322345
401    69.07106869618713
407    69.00634143767064
413    68.96044281665654
419    68.93577908297098
425    68.93395198074516
431    68.9555415651887
437    68.99978574814911
443    69.06424443222713
449    69.14473071020402
456    69.25131013929206
463    69.36171573088913
470    69.46579227112808
477    69.55502910903627
484    69.62377424540995
491    69.66991578227976
498    69.69470139573144
505    69.70188825222488
512    69.6966016402337
519    69.68409956911799
527    69.66659400145628
535    69.65000212765874
543    69.63668822315312
551    69.62704095812732
559    69.6201986908834
567    69.61486185286878
575    69.6098479616902
583    69.60430884475053
592    69.59676585958383
601    69.58736619369101
610    69.57594712576648
619    69.56272224574977
628    69.54813057113898
637    69.53249135759346
646    69.51576063405923
655    69.49759353641912
665    69.47523880941456
675    69.45030818544444
685    69.42284983911242
695    69.3933090976322
705    69.36250855254548
715    69.33158386599581
725    69.3017861494429
736    69.27157322522363
747    69.24479285053043
758    69.22142175404176
769    69.20078041084048
780    69.1818280558733
791    69.1634591931346
803    69.14290861857243
815    69.12096668107912
827    69.09728444054272
839    69.07188388981228
851    69.04493881654696
863    69.01668064909164
876    68.9848848564726
889    68.95220023771188
902    68.91894897037565
915    68.88542879686909
928    68.85182252720642
942    68.81563605743392
956    68.77934131805166
970    68.74236156071143
984    68.70380206838142
998    68.66282351055878
1010    68.62531495934283
1020    68.59216742382392
1030    68.55717399099558
1050    68.48136913792972
1070    68.3974826427461
1090    68.3047908151577
1110    68.20265779470859
1130    68.0907624392383
1150    67.9690454851777
1170    67.83754883511688
1190    67.69647272521652
1210    67.5462657800787
1230    67.38780578267199
1250    67.2225490982697
1270    67.05246897085321
1290    66.87993543034591
1310    66.70759178413817
1330    66.5381428762467
1350    66.37434250543325
1370    66.21919332360252
1390    66.07586021777422
1410    65.9472548627105
1430    65.83579184673141
1450    65.74350243725159
1470    65.6721445650593
1490    65.6231146447399
1510    65.59724690040454
1530    65.5947275771099
1550    65.61512507340535
1570    65.65756627483395
1590    65.72097037808864
1610    65.80392952097316
1630    65.90449882697786
1650    66.020417494525
1670    66.14934212133856
1690    66.28900500254481
1710    66.43718503091759
1730    66.59152135078462
1760    66.82908716814055
1790    67.06724162581276
1820    67.30013576852208
1850    67.52404234507506
1880    67.73736456837352
1910    67.94037649846922
1940    68.13427820127752
1970    68.31971163929803
2000    68.49710810295818
2030    68.66743353688025
2060    68.83200033261292
2090    68.99212148403721
2120    69.14913719272617
2150    69.30414583418515
2180    69.45791342535247
2210    69.61104102026302
2240    69.76411162572701
2270    69.91761037535707
2300    70.07167486000887
2330    70.22628471125212
2360    70.38143329524236
2390    70.53723222977655
2420    70.69397589627916
2460    70.90474103937802
2500    71.11696774541826
2540    71.32994676317261
2580    71.5431477413805
2620    71.75613389501746
2660    71.96845525098358
2700    72.1796108048058
2740    72.38905916173672
2780    72.59676130079374
2820    72.80301831034689
2860    73.00833964524904
2900    73.21344740159196
2940    73.41907623285886
2980    73.62592444727082
3020    73.83448362170648
3060    74.04501783027317
3100    74.25754768461415
3150    74.52516008025884
3200    74.79239480822272
3250    75.05457244756846
3300    75.30454767120165
3350    75.53245124442246
3400    75.72620780585927
3450    75.87303114128883
3500    75.96073776891023
3550    75.97880536086726
3600    75.92022476956744
3650    75.78512477764738
3700    75.58356398029997
3750    75.33473895757155
3800    75.0622697249779
3860    74.73525273856663
3920    74.43504800552857
3980    74.175708716321
4040    73.95674254330768
4100    73.76942664443945
4160    73.60325188405524
4220    73.45062383559855
4280    73.30899019729074
4340    73.18046654868391
4400    73.07034506061791
4460    72.98504083365819
4520    72.93067615763617
4590    72.91279147550415
4660    72.94885043429402
4730    73.04273438179621
4800    73.19493031638062
4870    73.40032897547668
4940    73.64943877793041
5010    73.93189187169442
5080    74.23471380201624
5150    74.53571785732987
5220    74.80169647782652
5300    75.01239732631869
5380    75.07213251386366
5460    74.94586281470194
5540    74.62503382275517
5620    74.12625759298757
5700    73.48019458142502
5780    72.71956647776656
5860    71.86986319692059
5950    70.8211575713957
6040    69.64470233969445
6130    68.20730958057152
6220    66.4357438617886
6310    65.14625692470096
6400    66.18655244216545
6490    69.5903863771535
6580    72.88622507925584
6680    74.63906279599382
6780    74.96557454309325
6880    74.8095900926765
6980    74.61026546846014
7080    74.49399125837655
7180    74.4717630093996
7280    74.51933790963976
7390    74.6149225514089
7500    74.71746821836848
7610    74.79436706362372
7720    74.82147710699996
7830    74.78190622563068
7940    74.66684926500142
8060    74.46821472056325
8180    74.22877646799093
8300    73.97391042142772
8420    73.71261057218433
8540    73.44787371418045
8660    73.17948282859808
8790    72.87748721149364
8920    72.54663494142588
9050    72.15946362636679
9180    71.68543389366334
9310    71.11334380679799
9450    70.42515915869231
9590    69.75810755363706
9730    69.22483428807797
9870    68.89670584047417
10010    68.78637929654593
10160    68.87822632820722
10310    69.13493951950744
10460    69.5178833128702
10610    70.0019819151789
10760    70.54409488523343
10920    71.12807144615627
11080    71.660792226539
11240    72.048628341637
11400    72.14892608539262
11570    71.88048151433699
11740    71.48777264417167
11910    71.20247661994625
12080    70.92798475681192
12260    70.5788820246525
12440    70.24913239319798
12620    70.03500853461128
12800    69.99659010232162
12990    70.09863700277415
13180    70.23041513035717
13370    70.33347854361602
13560    70.41463028574978
13760    70.54895944749069
13960    70.53235217732004
14160    69.92285655441
14370    68.82692852348595
14580    67.75329031924701
14790    66.86755662690618
15010    66.23952707012185
15230    65.81412813764473
15450    65.38551804539111
15670    64.69885564234453
15900    63.551887151939916
16130    62.02271962558811
16360    60.39492233863986
16600    58.79378156221901
16840    57.28224717708663
17080    55.94154793218964
17330    54.78183551889717
17580    53.8710091561026
17840    53.20551873255032
18100    52.92220790056582
18360    53.0600684846163
18630    53.19281038827765
18900    52.69881521022289
19170    51.476933626420795
19450    49.566550889366425
19730    47.31652462822004
20000    45.86394236824335
