20    72.668
20.3    72.69200007999973
20.6    72.71600000000001
20.9    72.7385
21.2    72.76049992666691
21.5    72.77950001500004
21.8    72.79750005249974
22.1    72.8125
22.4    72.826
22.7    72.83799996000013
23    72.8485
23.3    72.85900003333322
23.6    72.869
23.9    72.878
24.2    72.88666668555561
24.6    72.89662498812505
25    72.90450000000001
25.4    72.91
25.8    72.91400000749996
26.2    72.91699999250004
26.6    72.9205
27    72.92449999666668
27.4    72.92774999687498
27.8    72.9285
28.2    72.9252
28.6    72.9192
29    72.912
29.4    72.9068
29.8    72.904
30.2    72.9015
30.6    72.89766667444442
31    72.89012500531251
31.5    72.8785
32    72.8665
32.5    72.8535
33    72.8335
33.5    72.8075
34    72.785
34.5    72.774
35    72.77
35.5    72.757
36    72.72800000000001
36.5    72.6935
37    72.6695
37.5    72.65950000000001
38    72.65128572602039
38.6    72.634800033
39.2    72.61243751429689
39.8    72.5893
40.4    72.56183326777756
41    72.53
41.6    72.49899998333328
42.2    72.46728569102044
42.8    72.43424994416648
43.4    72.40724998291674
44    72.39014288979587
44.6    72.36900008000026
45.2    72.327
45.9    72.27057147061218
46.6    72.23083331861106
47.3    72.19057141061228
48    72.14121433826523
48.7    72.113000027
49.4    72.11649999000002
50.1    72.0828124853906
50.8    72.00099986428592
51.5    71.906
52.2    71.85150007785703
53    71.842
53.8    71.8374999578572
54.6    71.80100000999998
55.4    71.74112506703133
56.2    71.6714
57    71.607
57.8    71.5618
58.6    71.5052
59.5    71.447
60.4    71.39899997499997
61.3    71.35042855510207
62.2    71.31250003785709
63.1    71.2732
64    71.20750000000001
64.9    71.15530000000001
65.8    71.1019
66.8    71.014
67.8    70.945
68.8    70.8837
69.8    70.7979
70.8    70.74029999999999
71.8    70.66290000000001
72.8    70.58879999999999
73.9    70.5358
75    70.4375
76.1    70.3760831797913
77.2    70.31319226801784
78.3    70.24030782082811
79.4    70.1585001175003
80.6    70.05949986999968
81.8    69.95557678328436
83    69.85903854452644
84.2    69.77583346166699
85.4    69.70249994499986
86.6    69.63357679366894
87.9    69.54910000000001
89.2    69.4596
90.5    69.36912490781226
91.8    69.27180756929022
93.1    69.1732693351477
94.5    69.06916675833357
95.9    68.9672498368746
97.3    68.87019227609474
98.7    68.77896171739604
100    68.6935
102    68.55250000000001
104    68.42278580816313
106    68.299
108    68.18299999999999
110    68.03099989999987
112    67.876
114    67.76308346354199
116    67.65622719803709
118    67.553
120    67.47030762869818
122    67.3995
124    67.33997613378679
126    67.28016666666667
128    67.2265
130    67.16907142857144
132    67.1155
134    67.086
136    67.084
138    67.0975
140    67.1185
142    67.14083333333333
144    67.152
146    67.13980000000001
148    67.1146
150    67.08699999999999
152    67.07820000000001
154    67.0847
156    67.1095
158    67.1505
160    67.2005
162    67.2441
164    67.2718
166    67.2764
168    67.25630000000001
170    67.21549999999999
173    67.1142
176    66.9948
179    66.8697
182    66.7473
185    66.62950000000001
188    66.51650000000001
191    66.40530000000001
194    66.2958
197    66.1916
200    66.094
203    66
206    65.906
209    65.80699999999999
212    65.70599999999999
215    65.603875
218    65.5
221    65.393625
224    65.286
227    65.1755
230    65.065
233    64.95599999999999
236    64.848
239    64.744125
243    64.61250000000001
247    64.4925
251    64.384
255    64.2875
259    64.20387500000001
263    64.12883333333333
267    64.0575
271    63.9835
275    63.90112500000001
279    63.812125
283    63.7181
287    63.6197
291    63.5172
295    63.412
299    63.3036
303    63.193625
307    63.0835
312    62.9465
317    62.8086
322    62.6709
327    62.5346
332    62.3982
337    62.260999999999996
342    62.1259
347    61.9968
352    61.875099999999996
357    61.7641
362    61.667
367    61.5895
372    61.5386
377    61.518928571428575
383    61.5283
389    61.591499999999996
395    61.6815
401    61.798
407    61.91975
413    62.03275000000001
419    62.129714285714286
425    62.209
431    62.263
437    62.29900000000001
443    62.324714285714286
449    62.341499999999996
456    62.36407142857143
463    62.393166666666666
470    62.42535714285714
477    62.45621428571429
484    62.4862
491    62.512214285714286
498    62.532833333333336
505    62.546125
512    62.55271428571429
519    62.555142857142854
527    62.5600625
535    62.57125
543    62.592214285714284
551    62.62764285714286
559    62.6766875
567    62.73165
575    62.786500000000004
583    62.8373
592    62.8842
601    62.9175
610    62.938428571428574
619    62.952714285714286
628    62.96525
637    62.9778
646    62.9946
655    63.01475
665    63.0385
675    63.06375
685    63.09075
695    63.117000000000004
705    63.142250000000004
715    63.172
725    63.208
736    63.2513
747    63.298649999999995
758    63.35633333333333
769    63.422384615384615
780    63.49365384615385
791    63.564875
803    63.622875
815    63.65676923076923
827    63.732615384615386
839    63.860708333333335
851    63.96920833333334
863    64.05223076923076
876    64.0979
889    64.11853333333333
902    64.16825
915    64.273
928    64.39742307692308
942    64.53433333333334
956    64.6705
970    64.80776923076922
984    64.94665384615385
998    65.08691666666667
1010    65.20933333333333
1020    65.31266666666667
1030    65.417
1050    65.63275
1070    65.86366666666666
1090    66.1175
1110    66.30221428571429
1130    65.88844444444445
1150    65.1245
1170    65.41222727272726
1190    65.80742307692307
1210    66.14878571428571
1230    66.40211904761904
1250    66.628
1270    66.82883333333334
1290    67.0122142857143
1310    67.18964285714286
1330    67.35974999999999
1350    67.52375
1370    67.68175000000001
1390    67.83475
1410    67.98483333333333
1430    68.1335
1450    68.2805
1470    68.4233
1490    68.56550000000001
1510    68.7079
1530    68.85069999999999
1550    68.9935
1570    69.13669999999999
1590    69.2799
1610    69.4231
1630    69.5666
1650    69.711
1670    69.8562
1690    70.00290000000001
1710    70.1511
1730    70.3003
1760    70.5233
1790    70.7456
1820    70.9692
1850    71.19200000000001
1880    71.41300000000001
1910    71.63159999999999
1940    71.84790000000001
1970    72.0599
2000    72.268
2030    72.47
2060    72.66399999999999
2090    72.849
2120    73.024
2150    73.186125
2180    73.341
2210    73.48150000000001
2240    73.6135
2270    73.729
2300    73.83
2330    73.917
2360    73.98949999999999
2390    74.046125
2420    74.09233333333333
2460    74.13187500000001
2500    74.15100000000001
2540    74.151
2580    74.1325
2620    74.09800000000001
2660    74.04575
2700    73.98183333333333
2740    73.9065
2780    73.82625
2820    73.7414
2860    73.6542
2900    73.56700000000001
2940    73.48259999999999
2980    73.403
3020    73.32775
3060    73.25683333333333
3100    73.19075000000001
3150    73.114
3200    73.045
3250    72.983
3300    72.93
3350    72.8875
3400    72.857
3450    72.841
3500    72.84
3550    72.8535
3600    72.8825
3650    72.9255
3700    72.98599999999999
3750    73.06
3800    73.15392857142857
3860    73.2827
3920    73.439875
3980    73.6111
4040    73.8035
4100    74.01416666666667
4160    74.2415
4220    74.479
4280    74.71700000000001
4340    74.94575
4400    75.15785714285715
4460    75.3535
4520    75.5289
4590    75.70078571428571
4660    75.8365
4730    75.92764285714286
4800    75.97407142857142
4870    75.97800000000001
4940    75.92699999999999
5010    75.82681249999999
5080    75.6925
5150    75.525
5220    75.3375
5300    75.11
5380    74.87899999999999
5460    74.65899999999999
5540    74.45675
5620    74.28059999999999
5700    74.131
5780    74.0338
5860    73.975
5950    73.95850000000002
6040    73.99600000000001
6130    74.09200000000001
6220    74.24600000000001
6310    74.46180000000001
6400    74.7255
6490    75.0369
6580    75.37389999999999
6680    75.7531
6780    76.0998
6880    76.3639
6980    76.4942
7080    76.4461
7180    76.19900000000001
7280    75.7587
7390    75.0969
7500    74.3065
7610    73.46225000000001
7720    72.63011538461538
7830    71.8235
7940    71.03774999999999
8060    70.3605
8180    70.14757692307691
8300    70.11453846153846
8420    69.89866666666667
8540    69.67833333333334
8660    69.57407692307692
8790    69.5764
8920    69.69493333333332
9050    69.87054166666667
9180    70.06403846153846
9310    70.19519230769231
9450    70.17704166666667
9590    69.9125
9730    69.37473076923078
9870    68.60280769230769
10010    67.66013333333333
10160    66.55883333333333
10310    65.44957142857143
10460    64.39706249999999
10610    63.42816666666666
10760    62.59946666666667
10920    61.861937499999996
11080    61.24471428571429
11240    60.763999999999996
11400    60.384
11570    60.1395
11740    60.01275
11910    60.09326923076923
12080    60.22271428571429
12260    60.414
12440    60.564
12620    60.5842
12800    60.454
12990    59.886985714285714
13180    59.2547
13370    58.111525
13560    56.8812
13760    55.6271
13960    54.519
14160    53.6592
14370    52.914225
14580    52.48042
14790    52.28648
15010    52.3844
15230    52.8662
15450    53.7
15670    54.604020000000006
15900    55.1405
16130    55.059920000000005
16360    54.584779999999995
16600    54.085499999999996
16840    53.23812
17080    51.406279999999995
17330    49.30986
17580    47.79146
17840    46.9858
18100    46.765
18360    46.02984
18630    45.0282
18900    46.5273
19170    48.62196
19450    48.7714
19730    47.13228
20000    46.997
