20    70.14467054120684
20.3    70.20847249852446
20.6    70.27121230349502
20.9    70.33276510386978
21.2    70.39299878211474
21.5    70.45181001532495
21.8    70.50913586155748
22.1    70.56495141176481
22.4    70.61925741546202
22.7    70.67205998972844
23    70.72335601117186
23.3    70.77312808235259
23.6    70.82135109194947
23.9    70.86801070496534
24.2    70.91312376105249
24.6    70.97098238093972
25    71.02645113923157
25.4    71.07978903789153
25.8    71.13117333766013
26.2    71.1806545853633
26.6    71.22819348969412
27    71.27374653575592
27.4    71.3173419402267
27.8    71.3590962609114
28.2    71.39917259162942
28.6    71.43771626705389
29    71.4748117349987
29.4    71.51048921575995
29.8    71.54476049737195
30.2    71.57764937375575
30.6    71.60920188614756
31    71.63947405585321
31.5    71.67558248264433
32    71.70981886266492
32.5    71.74222745280434
33    71.77286595331964
33.5    71.80182874597716
34    71.829254386856
34.5    71.85532192834357
35    71.8802090169449
35.5    71.90403533174558
36    71.92683477453744
36.5    71.9485899803465
37    71.96929352879158
37.5    71.9889811803278
38    72.00771965257707
38.6    72.02903593006342
39.2    72.04912409917391
39.8    72.06799099221638
40.4    72.08561904086586
41    72.101994038304
41.6    72.11712078588467
42.2    72.1310186997816
42.8    72.1437066675783
43.4    72.15520619520944
44    72.16556995291705
44.6    72.17488769389405
45.2    72.18324589587374
45.9    72.19181840057865
46.6    72.19903844898468
47.3    72.20475181886125
48    72.20886452395291
48.7    72.21144147682361
49.4    72.21268238495614
50.1    72.21281331834119
50.8    72.21201683080997
51.5    72.21042227360911
52.2    72.20810984651948
53    72.20463532105887
53.8    72.20029560342176
54.6    72.19511524409018
55.4    72.18912683638374
56.2    72.18235534628214
57    72.17481101240062
57.8    72.1665253945443
58.6    72.15756523674571
59.5    72.14672375293371
60.4    72.13505004621501
61.3    72.12257750163471
62.2    72.10947540551666
63.1    72.09589775157215
64    72.08179752069054
64.9    72.06692119545227
65.8    72.05097573313586
66.8    72.03181720495891
67.8    72.0111797443273
68.8    71.98926918675194
69.8    71.96636138639133
70.8    71.94274208844098
71.8    71.91865724184026
72.8    71.89423925549397
73.9    71.86699383467692
75    71.83927689065813
76.1    71.81099812796934
77.2    71.78198368784504
78.3    71.75202072239624
79.4    71.72095757142068
80.6    71.68576810203689
81.8    71.64929913963209
83    71.61166107609061
84.2    71.57285525635352
85.4    71.53293462838054
86.6    71.49218789297976
87.9    71.44747112381683
89.2    71.40229949954718
90.5    71.3566252490908
91.8    71.31029421538824
93.1    71.26308447797824
94.5    71.21102865215197
95.9    71.15765037107249
97.3    71.10309561877176
98.7    71.0475484328841
100    70.99517315879424
102    70.91323202408687
104    70.82981339065131
106    70.74496300929695
108    70.65878244905521
110    70.57152160973482
112    70.4836112192549
114    70.39570476011468
116    70.30846526614407
118    70.22211511565112
120    70.13621168963992
122    70.04987021667534
124    69.96201489858147
126    69.8713494380539
128    69.77658453037796
130    69.67661078533607
132    69.5706186803543
134    69.45831575379738
136    69.340215465052
138    69.21792237847066
140    69.0940825425931
142    68.97209409393471
144    68.85575367030877
146    68.74892735328703
148    68.65518243195183
150    68.5774340606786
152    68.5176784462663
154    68.4768521303042
156    68.45504844651481
158    68.4519306589754
160    68.46690115694761
162    68.49908531460635
164    68.54740630818782
166    68.6106865674069
168    68.6877326204461
170    68.77706050566621
173    68.92904700663891
176    69.09321447383576
179    69.25715347302315
182    69.40811254198778
185    69.53514137172533
188    69.63098466741735
191    69.69273838909027
194    69.72106996302317
197    69.71917964771058
200    69.69174386067878
203    69.6438391015646
206    69.58030130386706
209    69.50545842641966
212    69.42297275241711
215    69.33574951232606
218    69.24595107681924
221    69.15505148218688
224    69.0639078089909
227    68.97290558278087
230    68.88214469357771
233    68.79153981567387
236    68.70090258966098
239    68.6100830719233
243    68.48880730929264
247    68.3678414197066
251    68.24791956255704
255    68.12973727895292
259    68.01385292183627
263    67.90079220429188
267    67.79099766124887
271    67.68468319547664
275    67.58175132818877
279    67.48176917727335
283    67.38401800613967
287    67.28773253589173
291    67.19234236603292
295    67.09753219572599
299    67.00319483624861
303    66.9093060692474
307    66.81577941164034
312    66.69912999197797
317    66.58245005526962
322    66.4655235648656
327    66.34827851451982
332    66.23059187888731
337    66.11213839104312
342    65.9924988049711
347    65.87140126005309
352    65.7488659881827
357    65.62518165190359
362    65.50047554454295
367    65.37470156243916
372    65.24817171220022
377    65.121580215437
383    64.97039366981286
389    64.82051985190057
395    64.67248853728994
401    64.52740681204304
407    64.38799658735675
413    64.25817266907214
419    64.14178015570171
425    64.04226047950175
431    63.96208579798211
437    63.90243884790675
443    63.86332045534062
449    63.843864500979855
456    63.84400263954569
463    63.8654364204297
470    63.903883311589695
477    63.95492963139374
484    64.01413030490893
491    64.0768494171737
498    64.13870305483309
505    64.1957365529121
512    64.24497876449047
519    64.28534227680855
527    64.32099707433859
535    64.34685084708262
543    64.36624382794608
551    64.38403966272597
559    64.40388452613223
567    64.42736987479505
575    64.4548678809627
583    64.48555761845653
592    64.52122165548423
601    64.55466957389714
610    64.58322643186445
619    64.60526336539728
628    64.6200666142002
637    64.62785987198004
646    64.62958330898701
655    64.62636850712275
665    64.61835277883478
675    64.60733819130672
685    64.59536615327387
695    64.58392683366417
705    64.57362325831558
715    64.56479974309133
725    64.55786187937863
736    64.55289353498904
747    64.55111863204117
758    64.55282156534417
769    64.55814304218251
780    64.5670488697155
791    64.57935826927556
803    64.59633904369751
815    64.6164989215331
827    64.63934790549696
839    64.66490947963193
851    64.6936593588715
863    64.72605299751876
876    64.76554386486659
889    64.80988700336522
902    64.85937321433767
915    64.9141249691344
928    64.97388151090769
942    65.04331592079214
956    65.11747083174251
970    65.19556405735955
984    65.27584688174571
998    65.35540063197357
1010    65.42031550481349
1020    65.47072530211895
1030    65.51768499702163
1050    65.60796172371624
1070    65.70971809853286
1090    65.83232762380612
1110    65.96825594936445
1130    66.10691151718805
1150    66.24379834785894
1170    66.37922754523652
1190    66.5151065805506
1210    66.65301498976258
1230    66.79373802433349
1250    66.93748641814582
1270    67.08421102974279
1290    67.23365496763299
1310    67.3851213678698
1330    67.53738951160928
1350    67.68930685545558
1370    67.84015142950543
1390    67.98976676143434
1410    68.13861601584284
1430    68.28750742716743
1450    68.43696630510071
1470    68.58699739212767
1490    68.73737244754398
1510    68.8880906993351
1530    69.03931882983322
1550    69.19116576562575
1570    69.34380339754162
1590    69.49746047224298
1610    69.65211882723611
1630    69.80762217845643
1650    69.96379764909936
1670    70.12046557230939
1690    70.27738464448638
1710    70.43414230521546
1730    70.59011372545581
1760    70.821236525249
1790    71.04762488946695
1820    71.26789380034776
1850    71.48066475525243
1880    71.68424743301078
1910    71.87664587032069
1940    72.05588700877595
1970    72.22035808943075
2000    72.36919162930768
2030    72.50191662107687
2060    72.61721797583476
2090    72.71370072090124
2120    72.79103103811158
2150    72.84995271222857
2180    72.89153620059972
2210    72.91635778096884
2240    72.92492950551556
2270    72.9180418758099
2300    72.89669265131766
2330    72.86193761741306
2360    72.81501278766875
2390    72.75760454319696
2420    72.69150917188492
2460    72.59177809929682
2500    72.4804438045963
2540    72.36039505615459
2580    72.23526870687894
2620    72.10793762335297
2660    71.98022795315364
2700    71.85366689429553
2740    71.73002790951563
2780    71.61109260194314
2820    71.49866870853043
2860    71.39421432021149
2900    71.29855175903958
2940    71.21191618617823
2980    71.13454535413297
3020    71.06654276068383
3060    71.00699197644815
3100    70.95346427145975
3150    70.88962277947655
3200    70.82301461614388
3250    70.74975110752146
3300    70.67013067568396
3350    70.59042867505295
3400    70.52111913471325
3450    70.47233684766698
3500    70.45067254342726
3550    70.45860800317612
3600    70.49594288203252
3650    70.56180807755064
3700    70.65580542987374
3750    70.77769238189856
3800    70.92713777809232
3860    71.14166731195655
3920    71.39035210305035
3980    71.66615843641164
4040    71.961614932999
4100    72.26723166658888
4160    72.56834933044829
4220    72.85203208892234
4280    73.11341411367727
4340    73.35027778693151
4400    73.5564111456437
4460    73.71845532913817
4520    73.81567739270892
4590    73.80988913493742
4660    73.63002650738036
4730    73.24524516356934
4800    72.6744050657582
4870    72.02649295530327
4940    71.51348935166767
5010    71.36537735117244
5080    71.6472435499605
5150    72.15738696207362
5220    72.56595612076248
5300    72.64659761698417
5380    72.3392155006695
5460    71.83646472545985
5540    71.30602244174827
5620    70.81411474560952
5700    70.41722954882192
5780    70.1407303900902
5860    69.89583607033308
5950    69.59473739896549
6040    69.33369032881404
6130    69.15576488246155
6220    69.0564325940291
6310    69.02384600707524
6400    69.05562652239423
6490    69.15032312144146
6580    69.30361662143882
6680    69.53290841299436
6780    69.80406288055622
6880    70.08930647405762
6980    70.35539882161012
7080    70.55990042232418
7180    70.65456417048142
7280    70.59598315115295
7390    70.32746893383339
7500    69.85342446483314
7610    69.20771996490357
7720    68.43843762105394
7830    67.61220964876014
7940    66.79598402320299
8060    65.9556006476454
8180    65.19052417161954
8300    64.53729639458332
8420    64.00010334507328
8540    63.54236235262736
8660    63.15201414777087
8790    62.81179165282772
8920    62.562205767158154
9050    62.405697007911925
9180    62.34037904005382
9310    62.36001143565683
9450    62.473105641110884
9590    62.68558195204153
9730    62.99926582632579
9870    63.40834829114035
10010    63.901968174514934
10160    64.50101787696377
10310    65.12757144152314
10460    65.71537889346205
10610    66.20253818921259
10760    66.55051644175549
10920    66.74066995818688
11080    66.75961507053276
11240    66.67786055127459
11400    66.57645121618165
11570    66.50933661581016
11740    66.49985963593899
11910    66.5175533524195
12080    66.47377323679066
12260    66.1909810738216
12440    65.4856587082513
12620    64.31179770988899
12800    62.80793129426786
12990    61.11716369056249
13180    59.56484764295135
13370    58.309654611146456
13560    57.42408163983768
13760    56.93113961490944
13960    56.94811202103767
14160    57.57473788570532
14370    58.9438955054254
14580    60.663533038418606
14790    62.10807228040965
15010    63.11219290910212
15230    63.65877382681688
15450    63.70501911264635
15670    63.203949415154256
15900    62.33838901804951
16130    61.69966174688952
16360    61.86873927859343
16600    62.89561937506191
16840    64.07770390776972
17080    64.44021051569382
17330    63.172053458756736
17580    60.62341850869579
17840    57.69290844159934
18100    55.19946596340162
18360    53.27055232780251
18630    51.741593404069974
18900    50.92721741761817
19170    51.00168667839314
19450    50.840285261582146
19730    49.63808791295272
20000    48.67479665003001
