20    67.83461120404226
20.3    67.83238290704409
20.6    67.8300299605855
20.9    67.82739869407823
21.2    67.82437514704611
21.5    67.82087514151655
21.8    67.81679302639267
22.1    67.81194596938431
22.4    67.80606960517852
22.7    67.79886904080371
23    67.79010635872218
23.3    67.77969327479022
23.6    67.7677514716085
23.9    67.75461444996401
24.2    67.74076427670673
24.6    67.7220554075699
25    67.7038862620382
25.4    67.6866001031977
25.8    67.66994878168742
26.2    67.65331901381717
26.6    67.63604816111328
27    67.61766442024302
27.4    67.59794293944219
27.8    67.57682440891577
28.2    67.55432032422206
28.6    67.53048480250402
29    67.50545422313525
29.4    67.47946390049849
29.8    67.45279941667494
30.2    67.42569599803376
30.6    67.39827349396747
31    67.37056171453361
31.5    67.33556940681157
32    67.30036907205289
32.5    67.26517934475129
33    67.23000701908985
33.5    67.19457951906777
34    67.15854627208822
34.5    67.12172877510429
35    67.0841544155096
35.5    67.04587108332743
36    67.0068277573668
36.5    66.96698208006356
37    66.92649656579741
37.5    66.88579734246895
38    66.84543903637041
38.6    66.79803632330857
39.2    66.75187037409293
39.8    66.70645739145922
40.4    66.66103369083014
41    66.61510529166628
41.6    66.56887506802617
42.2    66.5232450464184
42.8    66.47933311863427
43.4    66.43798997159075
44    66.39988858750212
44.6    66.36585949019081
45.2    66.33647895324235
45.9    66.30745093876253
46.6    66.28235485017697
47.3    66.25969307343044
48    66.23642430897186
48.7    66.20567731889307
49.4    66.16070361847969
50.1    66.10093180169619
50.8    66.03133392806072
51.5    65.95704494365475
52.2    65.88079417860234
53    65.79288491553856
53.8    65.7054033161585
54.6    65.61902233856158
55.4    65.53269222658177
56.2    65.44431133187939
57    65.35374993515174
57.8    65.26374084114576
58.6    65.17844292172259
59.5    65.09340695154066
60.4    65.02272377779829
61.3    64.9637561855107
62.2    64.91133990721153
63.1    64.86150592292498
64    64.81171509054728
64.9    64.7610397515234
65.8    64.71100197032645
66.8    64.65859387804852
67.8    64.61032627846473
68.8    64.565726675322
69.8    64.5227751375831
70.8    64.47846471786065
71.8    64.4305957222289
72.8    64.37813569732901
73.9    64.31486474670601
75    64.24675493487004
76.1    64.17608215759117
77.2    64.10597085415087
78.3    64.0399929686432
79.4    63.98126440799814
80.6    63.92787548004924
81.8    63.88702002345054
83    63.858378999112674
84.2    63.83962231154365
85.4    63.826673137702585
86.6    63.8147751513218
87.9    63.79806456182551
89.2    63.77324600743012
90.5    63.737768542780984
91.8    63.691364722880465
93.1    63.63523385539803
94.5    63.56588133514421
95.9    63.48919725973834
97.3    63.4064647566004
98.7    63.31828584000043
100    63.23202388637261
102    63.09263692385403
104    62.94714004001084
106    62.796390181534264
108    62.64055821408168
110    62.47978455091703
112    62.31450119911752
114    62.14600908476809
116    61.976698296409815
118    61.81062437834352
120    61.6535493423867
122    61.512824670879326
124    61.3969844532313
126    61.31410238640589
128    61.26997541638157
130    61.26659548223371
132    61.300649444904835
134    61.363918685343236
136    61.44546397007932
138    61.53461003172845
140    61.624544860333586
142    61.7144258226745
144    61.8094262899797
146    61.91833156841973
148    62.04907900383995
150    62.20523297916695
152    62.38413432667422
154    62.576831051792354
156    62.77054301793121
158    62.951630864732984
160    63.10816533136776
162    63.23166181113689
164    63.31772724994731
166    63.36591904811564
168    63.37897132484281
170    63.361700099187225
173    63.29173266997917
176    63.18605346474441
179    63.06055552020963
182    62.926746542470404
185    62.79227328951927
188    62.66168147419798
191    62.537040644449974
194    62.41878190932509
197    62.306460562860096
200    62.19941950355728
203    62.0973739470671
206    62.00055895484062
209    61.909513158383945
212    61.82497545517484
215    61.74778468339986
218    61.67884007262403
221    61.61877652973765
224    61.56768185377311
227    61.52491798711978
230    61.48930993084567
233    61.459394020159095
236    61.43366635927545
239    61.41073897422031
243    61.38271195619903
247    61.35611688273082
251    61.329418531646695
255    61.30064926553948
259    61.267733422484504
263    61.229137025411745
267    61.184125692058444
271    61.132707349002835
275    61.07580770484709
279    61.01493344413443
283    60.95156291199946
287    60.88705365830125
291    60.822506085205255
295    60.75860266253336
299    60.69579830990167
303    60.6343721593999
307    60.57426410174388
312    60.50054059692647
317    60.427743260069896
322    60.3554754546538
327    60.283661245300074
332    60.2120263659823
337    60.13988325892245
342    60.06676900041496
347    59.992799954033416
352    59.91841893523569
357    59.844365020561945
362    59.77160400156326
367    59.70139049580307
372    59.63545356544452
377    59.576069488639895
383    59.517462059353974
389    59.47785728153329
395    59.462192769605835
401    59.47381393844344
407    59.51385201453624
413    59.58131358826714
419    59.673161664470214
425    59.784396522565395
431    59.908700313925095
437    60.03936810675309
443    60.17022638891725
449    60.29612148472155
456    60.43191994402327
463    60.552721220922336
470    60.657759260837096
477    60.74832336090498
484    60.82687749084505
491    60.89613406365458
498    60.95872464166224
505    61.01719092001373
512    61.07388624467383
519    61.13081147196441
527    61.19794660615304
535    61.268179903629715
543    61.34111980180286
551    61.415270648529074
559    61.48893120830993
567    61.560674359031594
575    61.62928905364846
583    61.69367255869354
592    61.76031251974574
601    61.82102411497541
610    61.87688248774262
619    61.929494427908196
628    61.98061729895192
637    62.03177669261846
646    62.08396740925266
655    62.13755554261982
665    62.198398455708556
675    62.25990332914339
685    62.321693717257986
695    62.38368231366865
705    62.44572903651843
715    62.50752352386475
725    62.568751011802576
736    62.63519728291476
747    62.7006611010308
758    62.765239037423115
769    62.82929914260147
780    62.893275977551696
791    62.957637771414305
803    63.02875082226466
815    63.10121676336764
827    63.175461549434736
839    63.25171220292334
851    63.33007537224405
863    63.41084682004556
876    63.50126055640297
889    63.59436383247662
902    63.68933300724977
915    63.78519754536931
928    63.88040523455204
942    63.98090366413071
956    64.08063750832534
970    64.18378237279609
984    64.29231814257705
998    64.40226200192345
1010    64.49375958657896
1020    64.56762440736739
1030    64.64065903892885
1050    64.79117969253736
1070    64.95444925225831
1090    65.12797074461389
1110    65.30730465905529
1130    65.48883380210773
1150    65.66841177316974
1170    65.84358174775426
1190    66.01417414137427
1210    66.18077816392187
1230    66.34367845946393
1250    66.50320362214083
1270    66.66018565362054
1290    66.81500255203039
1310    66.9673004628687
1330    67.11700935789511
1350    67.26440516568442
1370    67.40969877460742
1390    67.55299415318322
1410    67.69478430505946
1430    67.83557213920142
1450    67.97570094606566
1470    68.11515350038866
1490    68.25375161739638
1510    68.3915524056414
1530    68.52876039236568
1550    68.66551282969486
1570    68.80189390518736
1590    68.93782557970212
1610    69.07310859937925
1630    69.20750083978822
1650    69.3409274711872
1670    69.47359558149668
1690    69.60558438495059
1710    69.73668594533265
1730    69.86655119419743
1760    70.05810055093343
1790    70.24466922391103
1820    70.42579611112421
1850    70.60189035184254
1880    70.77307405362552
1910    70.93845956101165
1940    71.0975637681556
1970    71.25110278074507
2000    71.39916141197253
2030    71.54064106767157
2060    71.67419249322508
2090    71.79897825672128
2120    71.91482799522589
2150    72.02203610070393
2180    72.12089276334592
2210    72.21086055544987
2240    72.29077029615847
2270    72.35974584033215
2300    72.41806298596987
2330    72.46664682003332
2360    72.5058861116574
2390    72.53544233581434
2420    72.554897347309
2460    72.56620205069808
2500    72.56314836876024
2540    72.54674761568549
2580    72.51679554784614
2620    72.47448355498602
2660    72.42225100015756
2700    72.3617246835106
2740    72.29374841583228
2780    72.218958188549
2820    72.13896213119295
2860    72.05496553437604
2900    71.96756738415831
2940    71.87826051294309
2980    71.78864086424275
3020    71.69914858326965
3060    71.61054722275983
3100    71.52393849910267
3150    71.41853643241791
3200    71.31656118485894
3250    71.21882882740996
3300    71.12628478069016
3350    71.04032352051208
3400    70.96269661439179
3450    70.8947670477302
3500    70.83703104209036
3550    70.79033962873189
3600    70.75559434776717
3650    70.73351406354058
3700    70.72340761229935
3750    70.7229529507995
3800    70.72882054381168
3860    70.74037372221741
3920    70.75579749994944
3980    70.77650214061907
4040    70.80304689846587
4100    70.83563602408886
4160    70.87328757432365
4220    70.91433224277961
4280    70.95776071589765
4340    71.00147255117585
4400    71.04212006302271
4460    71.0763311971094
4520    71.1003698538785
4590    71.10960393245668
4660    71.09315948020051
4730    71.0489563149248
4800    70.9795536253322
4870    70.88718120686251
4940    70.7719359922558
5010    70.63600960004099
5080    70.48200154006395
5150    70.31431500834094
5220    70.13634250320032
5300    69.91996900578391
5380    69.69223045800062
5460    69.45956372399202
5540    69.22674381756975
5620    68.99752247912669
5700    68.77538253793495
5780    68.56312599530906
5860    68.36204261665867
5950    68.15124971268344
6040    67.97400599979568
6130    67.86405741008723
6220    67.80522703727942
6310    67.75346063976312
6400    67.69389608409051
6490    67.6392582027605
6580    67.60441688089571
6680    67.59325727940356
6780    67.608737144636
6880    67.64493817330685
6980    67.69457665063177
7080    67.75104773096069
7180    67.80510661927492
7280    67.83772459429869
7390    67.82314169669431
7500    67.72522045227592
7610    67.50898461930635
7720    67.15203912911963
7830    66.65160194394348
7940    66.02781085126483
8060    65.24983794216303
8180    64.42941011851684
8300    63.629163946439064
8420    62.90822408751815
8540    62.32080507673191
8660    61.912040097039366
8790    61.71156929743127
8920    61.77496810334759
9050    62.05206619972984
9180    62.436094042149676
9310    62.81542872717736
9450    63.14314810385514
9590    63.36741248052773
9730    63.52079449178156
9870    63.66276475006933
10010    63.846412896231996
10160    64.13522539323239
10310    64.55407108661575
10460    65.1252808821831
10610    65.86313073866405
10760    66.80801520192229
10920    68.02217847093627
11080    69.30536737228441
11240    70.35846244055185
11400    70.75925090995713
11570    70.18593399988796
11740    68.79847916214254
11910    67.11105213793869
12080    65.5084351240917
12260    64.06177813361904
12440    62.88987025121678
12620    61.97678025472689
12800    61.3035653648881
12990    60.836956616465926
13180    60.60108556325917
13370    60.582053961304325
13560    60.778967923598344
13760    61.18819998108971
13960    61.72136270934601
14160    62.232051636450095
14370    62.493881025482665
14580    62.20826769479616
14790    61.28744215513824
15010    59.83080636882366
15230    58.19633742578145
15450    56.632681120467794
15670    55.24409747462518
15900    53.98414624008163
16130    52.88632033223669
16360    52.15042022805125
16600    51.78489063891572
16840    51.27064267927669
17080    50.700953795188525
17330    50.07391368553986
17580    49.358990420408865
17840    48.511063066469866
18100    47.61968420151349
18360    46.81514973200753
18630    46.17648757773428
18900    45.741165752180144
19170    45.46674892964378
19450    45.20005572177021
19730    44.642011853920664
20000    43.776150675312195
