
Frequency	dB	Unweighted
21.5	66.4
20.6	66.4
20	66.3
20.3	66.4
20.9	66.4
21.2	66.4
21.8	66.4
22.1	66.4
22.4	66.5
22.7	66.5
23	66.5
23.3	66.5
23.6	66.5
23.9	66.5
24.2	66.5
24.6	66.5
25	66.5
25.4	66.5
25.8	66.5
26.2	66.5
26.6	66.5
27	66.5
27.4	66.5
27.8	66.5
28.6	66.5
29	66.5
29.4	66.5
29.8	66.4
30.2	66.4
30.6	66.4
31.5	66.4
32	66.4
32.5	66.4
33	66.3
33.5	66.3
34	66.3
34.5	66.3
35.5	66.2
36	66.2
36.5	66.2
37	66.2
37.5	66.1
38	66.1
38.6	66.1
39.2	66.0
39.8	66.0
40.4	66.0
41	65.9
41.6	65.9
42.2	65.9
42.8	65.8
43.4	65.8
44	65.7
44.6	65.7
45.2	65.7
45.9	65.6
46.6	65.6
48	65.5
48.7	65.4
49.4	65.4
50.1	65.3
50.8	65.3
51.5	65.2
53	65.1
53.8	65.1
54.6	65.0
55.4	65.0
56.2	64.9
57	64.8
57.8	64.8
58.6	64.7
59.5	64.7
60.4	64.6
61.3	64.6
62.2	64.5
64.9	64.3
65.8	64.3
67.8	64.1
68.8	64.1
69.8	64.0
70.8	64.0
71.8	63.9
72.8	63.8
73.9	63.7
75	63.7
76.1	63.6
77.2	63.5
78.3	63.4
79.4	63.3
80.6	63.2
81.8	63.2
83	63.1
84.2	63.0
85.4	62.9
86.6	62.8
87.9	62.7
89.2	62.6
90.5	62.5
93.1	62.3
95.9	62.1
97.3	62.0
100	61.8
102	61.7
104	61.6
106	61.5
108	61.5
110	61.4
112	61.4
114	61.4
116	61.4
118	61.3
120	61.2
122	61.1
124	61.0
126	60.9
128	60.8
130	60.6
132	60.5
134	60.4
136	60.3
138	60.2
142	60.0
144	59.9
150	59.6
158	59.4
166	59.6
176	59.9
185	60.0
191	59.9
197	59.8
200	59.8
203	59.8
206	59.7
209	59.7
212	59.7
215	59.7
218	59.6
221	59.6
224	59.5
227	59.4
230	59.4
233	59.3
236	59.2
239	59.2
243	59.1
247	59.0
251	58.9
255	58.8
259	58.8
263	58.8
267	58.7
271	58.7
275	58.7
279	58.7
283	58.6
287	58.6
291	58.6
295	58.5
303	58.4
307	58.4
312	58.3
317	58.2
322	58.1
327	58.1
332	58.0
337	57.9
342	57.8
347	57.7
352	57.6
357	57.5
362	57.4
367	57.3
372	57.2
377	57.2
383	57.1
389	57.0
395	57.0
401	57.0
407	57.1
413	57.3
419	57.5
425	57.7
431	57.9
437	58.2
443	58.4
449	58.6
456	58.8
463	59.0
470	59.1
477	59.2
484	59.3
491	59.3
498	59.3
505	59.3
512	59.3
519	59.3
527	59.3
535	59.3
543	59.3
551	59.3
559	59.4
567	59.4
575	59.4
583	59.5
592	59.5
601	59.6
610	59.6
628	59.7
637	59.8
646	59.8
655	59.8
665	59.9
675	59.9
685	59.9
695	59.9
715	59.9
725	60.0
736	60.0
747	60.0
758	60.1
769	60.1
780	60.2
791	60.3
803	60.4
815	60.5
827	60.7
839	60.8
851	61.0
863	61.1
876	61.1
889	61.2
902	61.2
915	61.3
928	61.3
942	61.3
956	61.4
970	61.4
984	61.4
998	61.5
1010	61.6
1020	61.6
1030	61.7
1050	61.8
1070	61.9
1090	62.0
1110	62.1
1130	62.2
1150	62.3
1170	62.4
1190	62.5
1210	62.5
1230	62.6
1250	62.7
1270	62.8
1290	62.9
1310	63.0
1330	63.1
1350	63.2
1370	63.3
1390	63.4
1410	63.5
1430	63.6
1450	63.6
1470	63.7
1490	63.8
1510	63.9
1530	64.0
1570	64.1
1590	64.2
1610	64.3
1630	64.4
1650	64.5
1690	64.7
1730	64.8
1760	65.0
1790	65.1
1820	65.3
1850	65.5
1880	65.6
1910	65.8
1940	66.0
1970	66.2
2000	66.3
2030	66.5
2090	66.9
2120	67.1
2150	67.3
2180	67.5
2210	67.7
2240	67.9
2270	68.1
2300	68.2
2330	68.4
2360	68.6
2390	68.8
2420	68.9
2460	69.1
2500	69.3
2540	69.4
2580	69.5
2620	69.6
2660	69.7
2700	69.7
2740	69.8
2780	69.8
2820	69.8
2860	69.8
2900	69.8
2940	69.8
2980	69.9
3020	69.9
3060	69.9
3100	69.9
3150	70.0
3200	70.0
3250	70.0
3300	70.0
3350	70.0
3400	70.0
3450	70.0
3500	70.0
3550	69.9
3600	69.9
3650	69.9
3700	69.8
3750	69.7
3800	69.6
3860	69.4
3920	69.1
3980	68.8
4040	68.3
4100	67.8
4160	67.3
4220	66.8
4340	66.4
4400	66.4
4520	66.9
4590	67.4
4660	67.9
4730	68.4
4800	69.0
4870	69.5
4940	70.0
5010	70.5
5080	70.8
5150	71.1
5220	71.3
5300	71.3
5380	71.3
5460	71.1
5540	70.9
5620	70.6
5700	70.3
5780	70.0
5860	69.7
5950	69.4
6040	69.1
6130	68.8
6220	68.7
6310	68.5
6400	68.5
6490	68.4
6580	68.4
6680	68.5
6780	68.5
6880	68.5
6980	68.5
7080	68.4
7180	68.1
7280	67.7
7390	67.1
7500	66.5
7610	65.7
7720	65.0
7830	64.3
7940	63.6
8060	63.0
8180	62.6
8300	62.3
8420	61.9
8540	61.6
8660	61.4
8790	61.3
8920	61.3
9050	61.4
9180	61.5
9310	61.7
9450	61.9
9590	62.0
9730	62.0
9870	61.9
10010	61.7
10160	61.6
10310	61.4
10460	61.2
10610	61.1
10760	61.0
10920	60.7
11080	60.4
11240	60.2
11400	60.0
11570	60.1
11740	60.5
11910	61.0
12080	61.8
12260	62.8
12440	63.7
12620	64.5
12800	65.1
12990	65.2
13180	64.8
13370	64.0
13560	63.1
13760	62.2
13960	61.5
14160	61.2
14370	61.1
14580	61.4
14790	61.7
15010	61.6
15230	60.4
15450	58.6
15670	56.6
15900	54.9
16130	53.8
16360	53.2
16600	52.7
16840	52.1
17080	51.7
17330	51.6
17580	51.7
17840	51.7
18100	51.7
18360	51.6
18630	51.8
18900	52.5
19170	52.8
19450	50.3
