20    69.97835033037353
20.3    69.9931020666092
20.6    70.00765729061385
20.9    70.02194649113278
21.2    70.0357604003876
21.5    70.04879227840144
21.8    70.06074624124928
22.1    70.07144897975284
22.4    70.08091918772207
22.7    70.08935082746626
23    70.09704261541376
23.3    70.10430216401977
23.6    70.11137272549578
23.9    70.11839540121684
24.2    70.1254073296022
24.6    70.13466315116278
25    70.14363932831702
25.4    70.15215959328944
25.8    70.1600946935935
26.2    70.16735365859728
26.6    70.17386989786789
27    70.17960552685207
27.4    70.18456696352237
27.8    70.18879712497417
28.2    70.19234532668347
28.6    70.19524856684146
29    70.19753634006511
29.4    70.19923636386275
29.8    70.20037141342267
30.2    70.20095047841471
30.6    70.2009686201599
31    70.20042729954142
31.5    70.19902727638068
32    70.19699164322543
32.5    70.19453955568176
33    70.19180905947186
33.5    70.1887717866905
34    70.18526339663669
34.5    70.18109622811212
35    70.1761494618471
35.5    70.17038459304325
36    70.16381930423117
36.5    70.15649266857659
37    70.14845185358021
37.5    70.13975534312053
38    70.13047229608242
38.6    70.11865471249115
39.2    70.1061874472101
39.8    70.09313330756851
40.4    70.07953171345773
41    70.06542049498385
41.6    70.05084933785187
42.2    70.03587384179062
42.8    70.0205423789491
43.4    70.00487939903519
44    69.98887260915313
44.6    69.97248052930428
45.2    69.95565979801344
45.9    69.93546096399606
46.6    69.91463934196744
47.3    69.89322386226402
48    69.87128116604003
48.7    69.84889752799094
49.4    69.82612862428212
50.1    69.8029693618796
50.8    69.77938140424108
51.5    69.75531625822384
52.2    69.73069794075899
53    69.70175371741067
53.8    69.67181364335502
54.6    69.64077107235661
55.4    69.6085418926027
56.2    69.57508541731191
57    69.54040694419882
57.8    69.50456266155989
58.6    69.46769592279425
59.5    69.42528480038334
60.4    69.38225694002587
61.3    69.33905817168072
62.2    69.29619931031017
63.1    69.25416155862303
64    69.21326605296456
64.9    69.17359101395161
65.8    69.13495145829638
66.8    69.09272115339809
67.8    69.05047269348685
68.8    69.00738877385052
69.8    68.96278194571545
70.8    68.91619648389239
71.8    68.86747982985887
72.8    68.81677360517496
73.9    68.75907333743737
75    68.69982981008908
76.1    68.63949487990115
77.2    68.5783888808075
78.3    68.51667668673312
79.4    68.45440459118782
80.6    68.38582226340861
81.8    68.31656417836265
83    68.2466025466457
84.2    68.17576271689742
85.4    68.10374924264109
86.6    68.0303294084337
87.9    67.94917856951643
89.2    67.86656766988682
90.5    67.78286481068496
91.8    67.69850519156947
93.1    67.61395887265421
94.5    67.52323133901393
95.9    67.43331460423937
97.3    67.34455671661851
98.7    67.25715369505082
100    67.17725761664546
102    67.05657691469827
104    66.93813525126319
106    66.82107717022521
108    66.70443051703606
110    66.58732418016476
112    66.46909278378345
114    66.34937387392915
116    66.22790918321625
118    66.10428918900053
120    65.9779533545925
122    65.84851832803874
124    65.71622020244743
126    65.58162689100172
128    65.4453619053554
130    65.30796660647131
132    65.16983709736931
134    65.03118901578476
136    64.89208813678484
138    64.75251482911116
140    64.61248467718752
142    64.47217744354315
144    64.33201412040928
146    64.19259066248054
148    64.05471260947142
150    63.91956179914278
152    63.78879785802776
154    63.6644997232458
156    63.54906137489171
158    63.445153167182085
160    63.35559419752151
162    63.282901379910996
164    63.22870140758809
166    63.19325845266927
168    63.17526011084331
170    63.17187283500519
173    63.184973872610314
176    63.2053182708262
179    63.217610374479825
182    63.21074677288793
185    63.17944931615699
188    63.12393684573479
191    63.048409330648326
194    62.95914591685655
197    62.86314478483092
200    62.76693215485255
203    62.67564748198368
206    62.59281963314292
209    62.52035365183123
212    62.45845992893143
215    62.40588137350264
218    62.36048153606504
221    62.319948746714616
224    62.28234173052033
227    62.24637452761132
230    62.211442299591766
233    62.17753486056492
236    62.14505060794079
239    62.11453857485534
243    62.07794146256545
247    62.04718051514267
251    62.022941293250284
255    62.00520002995077
259    61.993390228118884
263    61.9862774586632
267    61.98201079422053
271    61.97853317704799
275    61.973994598699605
279    61.96709259492549
283    61.957235249994135
287    61.94449640629938
291    61.92943729419406
295    61.912816481659576
299    61.89535302424921
303    61.87759696249513
307    61.859860271417524
312    61.83785778510727
317    61.81595710587278
322    61.79393676168536
327    61.771456898227655
332    61.748157810964265
337    61.72385861676649
342    61.69855786474875
347    61.67228459705437
352    61.64501068533434
357    61.61660581009335
362    61.58692210225647
367    61.55609490189095
372    61.524843215818194
377    61.4945629053212
383    61.46235888962909
389    61.438740055108724
395    61.42841392917384
401    61.43563567549855
407    61.46331981378466
413    61.5126273202533
419    61.582860423493415
425    61.67139747116476
431    61.77389932349038
437    61.884884507794865
443    61.99857836790628
449    62.109922582704286
456    62.23245258738673
463    62.34513938551105
470    62.44822767279854
477    62.54269636054484
484    62.62876360300304
491    62.705056567676436
498    62.76898682989285
505    62.818794662480826
512    62.856454449901136
519    62.88813255633876
527    62.926637971535726
535    62.975749691559514
543    63.03961866451538
551    63.11847298854387
559    63.2097473703965
567    63.30937061217516
575    63.41290281825938
583    63.516170122526574
592    63.62767953465266
601    63.73070589219736
610    63.82301484387362
619    63.9040334836309
628    63.97484195197159
637    64.03768715583467
646    64.09521818532461
655    64.1497904386157
665    64.20888304119488
675    64.26728073658668
685    64.32494614410652
695    64.38118783433816
705    64.43512986165891
715    64.48603130974877
725    64.53343485549584
736    64.58138075879373
747    64.62510250987893
758    64.66500080363488
769    64.70157256892833
780    64.73540317728165
791    64.76713336026137
803    64.80017865168585
815    64.83260757824199
827    64.86558301851846
839    64.90014010589874
851    64.93698706914046
863    64.97642511241409
876    65.02192293825684
889    65.06978374705739
902    65.11946410941283
915    65.17063782763105
928    65.22323002176388
942    65.28157316561104
956    65.341855595735
970    65.40411921515698
984    65.46822780977519
998    65.53399573709072
1010    65.5915219378392
1020    65.64011861012261
1030    65.68915429832816
1050    65.78800000222941
1070    65.8872911037005
1090    65.98668670724544
1110    66.0861797297938
1130    66.18602253552893
1150    66.286392712107
1170    66.3872969057189
1190    66.48846625149832
1210    66.58930201405957
1230    66.68878183010892
1250    66.78587216943046
1270    66.87989914712568
1290    66.97082471311452
1310    67.05921875971048
1330    67.14597041101086
1350    67.2318866807937
1370    67.31736043824303
1390    67.40231981019943
1410    67.48646204465292
1430    67.56958907463189
1450    67.65171916335674
1470    67.73310172557485
1490    67.81408778909262
1510    67.89501895454774
1530    67.9762188404862
1550    68.0580201465564
1570    68.14074049293438
1590    68.22458288975346
1610    68.3095714935294
1630    68.39557574639575
1650    68.48244576296193
1670    68.57017358412533
1690    68.6588935616758
1710    68.74880520427394
1730    68.84006552257063
1760    68.97952995491144
1790    69.1221280415003
1820    69.26775699067093
1850    69.41639066082507
1880    69.5679939311425
1910    69.72244260455928
1940    69.87945159321814
1970    70.03866916594828
2000    70.19969451017946
2030    70.36205840205503
2060    70.52530394092503
2090    70.68882042163031
2120    70.85191837418878
2150    71.01395416121946
2180    71.1744408852725
2210    71.33289321731249
2240    71.48860400908748
2270    71.64092991976405
2300    71.78935653417307
2330    71.93346096467442
2360    72.07271950065498
2390    72.20637391609567
2420    72.33361568205783
2460    72.49235168337881
2500    72.63795693697661
2540    72.76978398411288
2580    72.88705661822408
2620    72.98919688459048
2660    73.07579813693793
2700    73.1468409918883
2740    73.20277843511684
2780    73.24425053605748
2820    73.27219889568879
2860    73.28802074091975
2900    73.29312375554453
2940    73.28858002201733
2980    73.27507201086227
3020    73.25315944312834
3060    73.2235694920498
3100    73.1875681947752
3150    73.13701442799078
3200    73.08583700766317
3250    73.03954631922284
3300    73.00205963809388
3350    72.97535265556544
3400    72.95799057013525
3450    72.94555388213823
3500    72.93250375482042
3550    72.91204534028336
3600    72.87560772283254
3650    72.81269488132074
3700    72.71036333043365
3750    72.55412317447488
3800    72.33134062832588
3860    71.97075330212985
3920    71.52820282609161
3980    71.05569599032657
4040    70.62785621273737
4100    70.31596123309872
4160    70.15925970012614
4220    70.15319119696403
4280    70.26015036238311
4340    70.43105131195404
4400    70.62184563605625
4460    70.80067098821638
4520    70.94901233769994
4590    71.074259880296
4660    71.1503173731823
4730    71.18835383727583
4800    71.20487178579387
4870    71.21785721010524
4940    71.2437357221289
5010    71.29658560725811
5080    71.38729693897628
5150    71.52277077089666
5220    71.70635367497691
5300    71.9740462767929
5380    72.29463649288016
5460    72.6534107821145
5540    73.03182139633464
5620    73.40724375225258
5700    73.7546464392976
5780    74.04990117203583
5860    74.27203570709537
5950    74.41725535096525
6040    74.44853754095176
6130    74.37784464090106
6220    74.2272115790949
6310    74.02233710134605
6400    73.78834744243814
6490    73.54640556778511
6580    73.31345986475083
6680    73.08473446673345
6780    72.9036107048749
6880    72.76566880684717
6980    72.65161372170226
7080    72.54874837894857
7180    72.4490904978559
7280    72.33212633068273
7390    72.12841705257185
7500    71.76256170789821
7610    71.17105665315503
7720    70.37039014293147
7830    69.47601865390816
7940    68.63455002726113
8060    67.84752986157876
8180    67.17770199466412
8300    66.62118168841897
8420    66.17824039807593
8540    65.8437540161215
8660    65.61412257349704
8790    65.48322395442801
8920    65.47265162309643
9050    65.57462419357867
9180    65.76948342899802
9310    66.03784144512018
9450    66.42301010923734
9590    66.93520692709588
9730    67.52698019859275
9870    68.11953519279322
10010    68.68350733371088
10160    69.24653702111848
10310    69.75601756106325
10460    70.21295757717377
10610    70.63118199982134
10760    70.99646252410733
10920    71.29145739572733
11080    71.4815889803125
11240    71.57616644903226
11400    71.59340948999653
11570    71.55740445993737
11740    71.50637761321283
11910    71.48069784038955
12080    71.5076357785646
12260    71.60242368351138
12440    71.75826837968037
12620    71.96744162750156
12800    72.24313617157031
12990    72.6411058385356
13180    73.12906647944354
13370    73.55801941278486
13560    73.73900722100889
13760    73.59262883748431
13960    73.21241349159683
14160    72.77130709196254
14370    72.37310706943532
14580    72.09606296165349
14790    71.9749349234681
15010    72.05367681679326
15230    72.2699177769125
15450    72.38607463323487
15670    72.1616276546879
15900    71.44830484822744
16130    70.31940493359976
16360    68.9615761378179
16600    67.35274841810491
16840    65.6207737335485
17080    64.01573295513097
17330    62.60568688107368
17580    61.49731976842014
17840    60.69405973972135
18100    60.28873568719035
18360    60.320431278957415
18630    60.80672199375269
18900    61.663383413864665
19170    62.75548227340598
19450    64.07999623979015
19730    65.51176940104317
20000    66.41386851248241
