21.52013920530375    9.658215092697851
22.241052855393363    9.527986190055152
22.986116743821466    9.416361416361415
23.756139891213095    9.314038707142153
24.551958419970234    9.165205675550503
25.37443646216742    9.090789159754674
26.22446709786144    9.15590361107602
27.10297332483392    9.239622191346331
28.01090906081985    9.323340771616632
28.949260179310155    9.323340771616632
29.919045580053144    9.323340771616632
30.921318295417247    9.323340771616632
31.957166633816364    9.295434578193195
33.027715361439306    9.15590361107602
34.13412692356656    9.090789159754674
35.27760270680059    9.01637264395885
36.459384343580275    8.9512581926375
37.68075506039574    8.904747870265108
38.94304107116781    8.811727225520329
40.247613017304936    8.811727225520329
41.59588745600133    8.811727225520329
42.98932839839227    8.830331354469283
44.429448899236796    8.793123096571371
45.917812699854046    8.728008645250025
47.45603592609712    8.634988000505242
49.04578884320813    8.560571484709413
50.68879766945994    8.476852904439106
52.38684645055414    8.393134324168805
54.14177899681038    8.290811614949543
55.95550088525041    8.20709303467924
57.82998152875089    8.08616619651102
59.767256314512096    8.002447616240719
61.76942881416383    7.881520778072499
63.83867306790893    7.7605939399042825
65.9772359451844    7.630365037261587
68.18743958440358    7.528042328042325
70.47168391442828    7.435021683297542
72.8324492605089    7.2954907161803675
75.27229903752237    7.1373556201142385
77.79388253343221    6.9792205240481096
80.3999377859929    6.830387492456456
83.09329455582241    6.6629503319158445
85.87687739907116    6.486211106900761
88.75370884302407    6.300169817411195
91.72691266808326    6.095524398972675
94.79971729969557    5.881576916059672
97.97545931390812    5.649025304197714
101.25758706035816    5.453681950233669
104.64966440663103    5.258338596269628
108.15537460805223    5.053693177831107
111.77852430711559    4.830443630443625
115.52304766689075    4.55138169620928
119.39301064289647    4.244413568551494
123.39261539808065    3.9560495698426728
127.52620486569947    3.6304773132359323
131.79826746505054    3.32350918557815
136.2134419751809    3.0165410579203638
140.77652257186196    2.728177059211543
145.49246403329957    2.5886460920943684
150.36638712023424    2.477021318400624
155.40358413627027    2.6165522855177983
160.6095246744744    2.8025935750073643
165.98986155648197    2.960728671073497
171.55043697056    3.0630513802927553
177.2972888152932    3.072353444767238
183.23665725577803    2.960728671073497
189.374991499449    2.8118956394818433
195.71895679888863    2.63515641446676
202.27544168923006    2.4677192539261483
209.05156546800805    2.2816779644365823
216.05468592558142    2.0770325459980654
223.29240733452028    1.8816891920340169
230.77258870663485    1.6863458380699683
238.50335232660817    1.5096066130548849
246.49309257150438    1.3607735814632278
254.75048502572258    1.211940549871585
263.2844959012996    1.100315776177844
272.1043917737868    0.9886910024841029
281.21974964427443    0.8770662287903619
290.64046733848755    0.7561393906221454
300.37677425424863    0.6817228748263204
310.4392424689709    0.5887022300815374
320.8387982192517    0.49568158533675444
331.58673376502185    0.42126506954092946
342.69471965114104    0.3375464892706219
354.1748173797493    0.2259217155768809
366.03949250713555    0.15150519978105592
378.3016281793447    0.06778661951075549
390.9745391212219    -0.01593196075954495
404.0719860940793    -0.07174434760641901
417.6081908376922    -0.09965054102985249
431.5978515128389    -0.11825466997881051
446.05615866116216    -0.11825466997881051
460.99881169967585    -0.07174434760641901
476.4420359678293    -0.0066298962850765975
492.4026003456393    0.021276297138363987
508.897835462023    0.05848455503627292
525.945652513095    0.14220313530658046
543.5645627108753    0.28173410242375496
561.7736973835118    0.49568158533675444
580.5928287488551    0.7189311327242294
600.0423913839348    0.9235765511627534
620.1435044136537    1.118919905126802
640.9179944427894    1.3235653235653189
662.3884192562122    1.472398355156976
684.578092313038    1.6305334512231013
707.5111080613351    1.8072726762381919
731.2123681008491    1.9840119012532824
755.7076082221739    2.104938739421492
781.023426351718    2.2444697065386663
807.187311432812    2.384000673655841
834.2276732743197    2.5607398986709313
862.1738733991654    2.849103897379756
891.0562569262612    3.1281658316141012
920.9061855204769    3.3476945532117917
951.7560714464029    3.6304773132359323
983.6394127629069    3.8444247961489317
1016.5908296966851    4.076976408010889
1050.6461022343099    4.309528019872847
1085.8422089735957    4.579287889632713
1122.2173672764563    4.811839501494671
1159.8110747668725    5.044391113356628
1198.6641522190134    5.314150983116495
1238.8187878820954    5.556004659452935
1280.3185832900901    5.83506659368728
1323.2086006060429    6.095524398972675
1367.535411552404    6.37458633320702
1413.3471479804875    6.64434620296689
1460.6935541339963    6.932710201675718
1509.6260406633376    7.211772135910067
1560.197740449402    7.528042328042325
1612.463566297394    7.8350104557001075
1666.4802705633904    8.141978583357893
1722.3065067783518    8.467550839964634
1780.0028933365145    8.802425161045846
1839.632079317293    9.146601546601548
1901.2588125122027    9.509382061106198
1964.9500097306375    9.900068769034284
2030.7748294608657    10.30005754143685
2098.8047469651137    10.700046313839415
2169.1136318903154    11.137243344139893
2241.777828478772    11.500023858644546
2316.876238465836    11.844200244200241
2394.4904067546104    12.095355985011157
2474.7046099607214    12.206980758704894
2557.605947923286    12.17907456528146
2643.2844382814646    12.030241533689807
2731.833114219254    11.788387857353374
2823.3481254847065    11.481419729695588
2917.9288427932247    11.155847473088851
3015.67796572833    10.886087603328981
3116.7016342570273    10.681442184890457
3221.1095439808987    10.50470295987537
3329.0150652480374    10.439588508554024
3440.535366255189    10.532609153298807
3555.7915402737167    10.690744249364936
3674.908737137607    10.941899990175852
3798.016299136233    11.248868117833634
3925.2479014594815    11.537232116542462
4056.741697347676    11.769783728404416
4192.640468103995    11.890710566572633
4333.091778132197    11.927918824470549
4478.248135168062    11.825596115251287
4628.267155878455    11.658158954710679
4783.311737007925    11.425607342848721
4943.550232258593    11.10003508624198
5109.1566350954545    10.681442184890457
5280.31076767553    10.234943090115504
5457.198476106072    9.825652253238456
5640.011832243815    9.462871738733806
5828.94934225441    9.239622191346331
6024.216162158458    9.137299482127066
6226.024320598258    9.15590361107602
6434.592949067113    9.267528384769761
6650.148519851229    9.323340771616632
6872.925091942474    9.202413933448412
7103.164565189171    8.839633418943762
7341.116942960758    8.26290542152611
7587.040603611626    7.528042328042325
7841.202581038786    6.709460654288236
8103.878854638149    6.086222334498192
8375.354648974146    5.500192272606061
8655.924743488165    5.100203500203499
8945.893792582008    4.793235372545716
9245.576656424026    4.625798212005105
9555.298742837067    4.569985825158234
9875.396360639541    4.467663115938976
10206.217084823136    4.207205310653585
10548.120133963888    3.8444247961489317
10901.476760276302    3.4723422171698033
11266.67065273407    3.221186476358884
11644.098353695143    3.1932802829354543
12034.169689483502    3.1746761539864927
12437.308215395324    2.9235204131755808
12853.951675612365    2.4677192539261483
13284.552478522479    2.3467924157579283
13759.771198898    3.083205853320795
14142.833676602346    4.015350230867469
14568.528010525382    5.425775756810239
15056.566243192214    5.928087238432063
15475.73059465314    5.129660037706014
15767.408212365564    4.121936386304199
16082.237485796626    2.866157682249632
16349.391894884104    1.660765160765159
16566.307194247973    0.5910277462001545
16752.94646818952    -0.648472345024075
16885.956439124624    -1.764720081961464
17121.270007172887    -3.1569290649750457
17359.862778001676    -4.750682778268988
17463.131962161024    -5.920417385934634
17694.823790319366    -7.389368400862658
17929.58958615722    -9.07924344705954
18227.43178101983    -10.798187444739177
18469.26394498255    -12.387677711815648
18640.452997902088    -13.606248157972303
18900.216282308596    -14.489944283047734
19500   -20