20    70.96638708776285
20.3    70.96523139107138
20.6    70.96396393478952
20.9    70.96245365838868
21.2    70.96059275627402
21.5    70.95830937532794
21.8    70.95555966643349
22.1    70.95230670394676
22.4    70.9485078364132
22.7    70.94412120220483
23    70.93911187256995
23.3    70.93347003550767
23.6    70.92723354539895
23.9    70.92048727101411
24.2    70.91334568161912
24.6    70.90342192253782
25    70.89326319957651
25.4    70.88299066796026
25.8    70.87257758683384
26.2    70.86189393301517
26.6    70.85078100816563
27    70.83910988562761
27.4    70.82680414656974
27.8    70.81383760293531
28.2    70.80022191317383
28.6    70.78598692117349
29    70.77115681370468
29.4    70.7557229238027
29.8    70.73961218180247
30.2    70.7226794283123
30.6    70.70475916336113
31    70.68577601296701
31.5    70.66083640432197
32    70.63553493118982
32.5    70.61149148350239
33    70.59025183559737
33.5    70.57234921592551
34    70.55690936370513
34.5    70.54233340427237
35    70.52762275050003
35.5    70.5131818334753
36    70.50030407169756
36.5    70.48973508990892
37    70.48059233148439
37.5    70.47059543675758
38    70.45731190115536
38.6    70.43508758037545
39.2    70.40575787560498
39.8    70.37045916727538
40.4    70.33070264302685
41    70.28760995658322
41.6    70.24175609042584
42.2    70.19348080011606
42.8    70.14328819294428
43.4    70.09192057282311
44    70.04012561792342
44.6    69.98841452212457
45.2    69.93709099539167
45.9    69.87813925153019
46.6    69.82095805202563
47.3    69.76650186846771
48    69.71543777846362
48.7    69.66777996162901
49.4    69.6228090848185
50.1    69.5791796326384
50.8    69.53524583351059
51.5    69.48963327555461
52.2    69.44173421190047
53    69.3845760017613
53.8    69.3262873243034
54.6    69.26851093550698
55.4    69.21161544574264
56.2    69.15479727066966
57    69.097493333996
57.8    69.03944835196928
58.6    68.97961710452952
59.5    68.90936202050524
60.4    68.83721802912791
61.3    68.76496112657848
62.2    68.69198021607056
63.1    68.61584183985251
64    68.53529240698126
64.9    68.45129429237045
65.8    68.36585533032326
66.8    68.27160333167716
67.8    68.1797981884468
68.8    68.09128890643663
69.8    68.00648634265411
70.8    67.92508163780087
71.8    67.84631296090424
72.8    67.7693562368654
73.9    67.68534116301927
75    67.60015499454255
76.1    67.5121698531401
77.2    67.42011364546273
78.3    67.32330592938956
79.4    67.22177607300507
80.6    67.10608728082491
81.8    66.98600916636076
83    66.86262566286146
84.2    66.73727539448753
85.4    66.61174202831563
86.6    66.48839052710322
87.9    66.36013993096597
89.2    66.24005160546494
90.5    66.12974297964733
91.8    66.029930321072
93.1    65.94062579321034
94.5    65.85551284456582
95.9    65.78056734030045
97.3    65.71419626410224
98.7    65.65493648806185
100    65.60533966063724
102    65.53836027536892
104    65.48192533239848
106    65.43561138908743
108    65.4004152696231
110    65.37707418394666
112    65.36462344065191
114    65.35873457133897
116    65.35191056281536
118    65.33643391499892
120    65.30712420037378
122    65.26171383024405
124    65.1998357433136
126    65.1221337831016
128    65.0300185128478
130    64.92521531711692
132    64.80989774302644
134    64.68667299484184
136    64.55848932337449
138    64.42812187562745
140    64.29788426219294
142    64.1693993552057
144    64.04359794663822
146    63.920914031982164
148    63.801451607354984
150    63.68504091415092
152    63.571196821511364
154    63.45920086723079
156    63.34854147484427
158    63.239072374138786
160    63.13088455669973
162    63.02408969391312
164    62.91870458142405
166    62.814784064643874
168    62.71262069682828
170    62.61277151306341
173    62.468859633444985
176    62.33430962891428
179    62.2124337764084
182    62.10701874169453
185    62.02171494602191
188    61.95926894146598
191    61.920083202039756
194    61.90150682614028
197    61.89826640884132
200    61.90396379812875
203    61.911749644825406
206    61.91516951479272
209    61.90924386316759
212    61.89133923113718
215    61.86121214293282
218    61.8203448863196
221    61.77092008370526
224    61.71515441966814
227    61.655136725272925
230    61.59281774377295
233    61.52958953862044
236    61.46621685161677
239    61.403260311001034
243    61.32080275072066
247    61.24068332063307
251    61.16291081820715
255    61.086988807428725
259    61.01232754081541
263    60.93854008436834
267    60.86546591110382
271    60.79312430789551
275    60.72160395975037
279    60.65092228869646
283    60.581013387809094
287    60.5119022775339
291    60.44380499823034
295    60.37691632319893
299    60.31105001103906
303    60.245702138100874
307    60.18080321669852
312    60.10087969584349
317    60.02432707319119
322    59.954597694907015
327    59.8945404221882
332    59.84599985541108
337    59.811059725700225
342    59.79222948916568
347    59.79200659813685
352    59.81318585338017
357    59.85925196869026
362    59.933968238731794
367    60.039424532206304
372    60.173245941840946
377    60.32850320637718
383    60.531215288512826
389    60.73958170400212
395    60.9427126401074
401    61.13092392468731
407    61.2962730541742
413    61.434383241689325
419    61.54517338941223
425    61.63208693088635
431    61.70069266571821
437    61.75742138293267
443    61.808009202056624
449    61.85669283160144
456    61.91487736358102
463    61.97622206407793
470    62.039917138390756
477    62.10397846053893
484    62.16686346262952
491    62.2281784803164
498    62.2889099760375
505    62.35143364979296
512    62.419278444005776
519    62.49554441661625
527    62.593546037779106
535    62.69930685562149
543    62.8073422974863
551    62.913200994960306
559    63.01390174394527
567    63.107769688525565
575    63.194107569433406
583    63.272717990277286
592    63.35200433838732
601    63.42186789818042
610    63.48278207008008
619    63.536099381063096
628    63.58379379861253
637    63.627763456097455
646    63.66934864158687
655    63.70940075533622
665    63.752709157246436
675    63.79494864019901
685    63.83583513932792
695    63.87477495184109
705    63.91117552442397
715    63.94484158396352
725    63.976039147667514
736    64.00814903447916
747    64.03885516358699
758    64.06906366512999
769    64.0995295643304
780    64.13085418134337
791    64.16362109297798
803    64.20172297893515
815    64.24292672507471
827    64.28774149099496
839    64.3365176162394
851    64.38950103659019
863    64.44685339535062
876    64.51398297738757
889    64.58620125800041
902    64.66304270964082
915    64.74376046392172
928    64.82744083256969
942    64.91981905948184
956    65.01351651554856
970    65.10777733361329
984    65.20221268734656
998    65.29671556821363
1010    65.37782057951682
1020    65.44556080796093
1030    65.51350999734623
1050    65.65025099481377
1070    65.78836810227276
1090    65.92783477143985
1110    66.0682330556622
1130    66.20889075788784
1150    66.34924782482263
1170    66.48902669404146
1190    66.62787589726382
1210    66.76534042490582
1230    66.9005983325095
1250    67.03246744138468
1270    67.159823610723
1290    67.28237058803344
1310    67.40062465729977
1330    67.51520656060127
1350    67.62683737546772
1370    67.73638130789755
1390    67.84473374599395
1410    67.95264306843103
1430    68.06065049869831
1450    68.16913981928205
1470    68.27830261024519
1490    68.3879832054188
1510    68.49787742382432
1530    68.60770279322853
1550    68.71727428935901
1570    68.82654163741827
1590    68.93558992226298
1610    69.04458739379514
1630    69.15371129444267
1650    69.26314077149073
1670    69.37306405666826
1690    69.48356372053564
1710    69.59450777222028
1730    69.70567525997251
1760    69.87245038921932
1790    70.03875796652383
1820    70.20393158575385
1850    70.3673951374343
1880    70.52874929195553
1910    70.68772918960573
1940    70.8439283391219
1970    70.9967959858113
2000    71.14574680046641
2030    71.29021169852658
2060    71.42985297816921
2090    71.5642587692679
2120    71.69320749028967
2150    71.8168347147912
2180    71.93549196009809
2210    72.04927207584589
2240    72.1585584573414
2270    72.26356812280503
2300    72.36438149119928
2330    72.46103217198586
2360    72.55363493919477
2390    72.64216466713995
2420    72.72601181517874
2460    72.82900014645071
2500    72.92027156733255
2540    72.99836219683641
2580    73.06328427812855
2620    73.11573033354867
2660    73.15690088512196
2700    73.18828694766623
2740    73.21079906201965
2780    73.22544817304829
2820    73.23319892226723
2860    73.23484997178002
2900    73.2304452632373
2940    73.21971208271464
2980    73.20303212425048
3020    73.18038124218312
3060    73.15118720414063
3100    73.1150958752602
3150    73.06074989300876
3200    72.99841965810407
3250    72.93450289931891
3300    72.8788136803723
3350    72.84206080794331
3400    72.83283741849957
3450    72.85528760035294
3500    72.90875390900933
3550    72.98943355167725
3600    73.09158433619008
3650    73.20986255558623
3700    73.34040747988439
3750    73.48024819539313
3800    73.6267775963795
3860    73.80769252260598
3920    73.99077366109785
3980    74.17050556217043
4040    74.33814448243804
4100    74.48249940962202
4160    74.59007540177593
4220    74.64896454042169
4280    74.65165393823946
4340    74.58915229129997
4400    74.45568150580644
4460    74.25241052681437
4520    73.98831850151464
4590    73.64091546888643
4660    73.31567278689533
4730    73.07882175399514
4800    72.96975521086655
4870    72.99851801245441
4940    73.15648755797814
5010    73.40518970183427
5080    73.7004148296823
5150    74.01115761275318
5220    74.31489940342448
5300    74.63354657307008
5380    74.90716946292717
5460    75.1268508888133
5540    75.29091070658355
5620    75.40131513190533
5700    75.45982150122066
5780    75.46517166573784
5860    75.42947467930142
5950    75.35368045321249
6040    75.252291102096
6130    75.14315327532256
6220    75.05215732576298
6310    75.0023045053139
6400    74.98693492371078
6490    74.96152342001935
6580    74.87109930620728
6680    74.67328393217153
6780    74.38687136096996
6880    74.03416115137824
6980    73.62957243863909
7080    73.17780530495142
7180    72.67479512929589
7280    72.09956367774781
7390    71.38452726605937
7500    70.6933679394291
7610    70.10449591226816
7720    69.56103836552757
7830    69.0362876272005
7940    68.53585669375164
8060    68.03031531391272
8180    67.57619564528986
8300    67.17253868067593
8420    66.81315239811448
8540    66.49324092808068
8660    66.21218775384307
8790    65.9594737315495
8920    65.77802137805337
9050    65.67759620726879
9180    65.68496553430998
9310    65.77801339721671
9450    65.94097104716028
9590    66.16175155491831
9730    66.386229030614
9870    66.5205438241907
10010    66.55627184240339
10160    66.4641613837718
10310    66.19677150185653
10460    65.76939716546335
10610    65.27023288485478
10760    64.79698977688352
10920    64.36356107838246
11080    64.07966291241928
11240    64.05346194412257
11400    64.33184073296775
11570    65.03315700942724
11740    65.9634141497434
11910    67.03224210856041
12080    68.11441945323023
12260    69.2166895196772
12440    70.24159289907479
12620    71.04779040798573
12800    71.52455201933239
12990    71.59181348870915
13180    71.58538345706472
13370    71.54396746888477
13560    71.66076842256413
13760    71.97839523252699
13960    72.34635715446068
14160    72.51589411857876
14370    72.45275559380127
14580    72.00006032573168
14790    71.35073737541106
15010    70.62786715998016
15230    69.96571850129968
15450    69.31133850340177
15670    68.5472346919338
15900    67.54241187559583
16130    66.35339164522608
16360    65.2476518601424
16600    64.31668635320338
16840    63.4988332921224
17080    62.84485219391482
17330    62.443425021262314
17580    62.363779055745034
17840    62.63048653491166
18100    63.16989068682321
18360    63.76956011669322
18630    64.06883443977769
18900    63.538589135718496
19170    61.84840080371063
19450    58.67736150740133
19730    54.49317997456758
20000    54.03838511620906
