20    65.19436169950458
20.3    65.22321362059363
20.6    65.25159153588316
20.9    65.2794325705563
21.2    65.3066731839599
21.5    65.33328147894417
21.8    65.35927498627467
22.1    65.3847187812051
22.4    65.4097015484102
22.7    65.43428840032807
23    65.45848540170746
23.3    65.4822279295461
23.6    65.50539314841956
23.9    65.5278383206448
24.2    65.54945090028804
24.6    65.5769202684221
25    65.6029857398409
25.4    65.6279306071743
25.8    65.65201145031563
26.2    65.67531464388091
26.6    65.69776978457375
27    65.71928757650369
27.4    65.73989374805409
27.8    65.75974699395127
28.2    65.77902991963654
28.6    65.79785477940442
29    65.8162664224761
29.4    65.83431652415685
29.8    65.85209377747296
30.2    65.86966251253071
30.6    65.88698817789022
31    65.90396265862648
31.5    65.92462363869775
32    65.94485497890362
32.5    65.9648850369891
33    65.98446760653397
33.5    66.00284184609177
34    66.01943742542682
34.5    66.03448602883395
35    66.04856574109775
35.5    66.06138047877732
36    66.07122838646552
36.5    66.07599496018162
37    66.07482867503106
37.5    66.06898920279592
38    66.06127597435555
38.6    66.05372910474904
39.2    66.05143771981416
39.8    66.05596905299205
40.4    66.0672006742233
41    66.08389706072155
41.6    66.10427656965936
42.2    66.12652471634428
42.8    66.14908637697312
43.4    66.17072937601785
44    66.19053122099423
44.6    66.20787080047342
45.2    66.2224134694306
45.9    66.23574753886717
46.6    66.24538014914158
47.3    66.25179394333591
48    66.25566668795005
48.7    66.25777538183775
49.4    66.25887771105332
50.1    66.25961341134064
50.8    66.26044280641358
51.5    66.26160252469234
52.2    66.26310424003495
53    66.26503731922506
53.8    66.26685663650346
54.6    66.26821476235679
55.4    66.26895672614536
56.2    66.26915093469393
57    66.26887174739741
57.8    66.26808520375351
58.6    66.26675259804824
59.5    66.26460033071271
60.4    66.2617171345182
61.3    66.2580103697506
62.2    66.25340854036764
63.1    66.24790727086152
64    66.24155843820117
64.9    66.23443036600422
65.8    66.22659839949503
66.8    66.21719101042004
67.8    66.20719463535093
68.8    66.19674352312978
69.8    66.18590994860443
70.8    66.17469271322179
71.8    66.16303105529725
72.8    66.15083936550667
73.9    66.13673053745495
75    66.12186286110551
76.1    66.10631484568557
77.2    66.09029877114187
78.3    66.07413500440843
79.4    66.0581443219767
80.6    66.04113011765864
81.8    66.02461361545842
83    66.00848551968275
84.2    65.99254238473745
85.4    65.97652171282664
86.6    65.96013508567177
87.9    65.94166857625751
89.2    65.922179510619
90.5    65.90141356525692
91.8    65.879169350408
93.1    65.85533993170382
94.5    65.82795096360428
95.9    65.79896933022684
97.3    65.76864796147191
98.7    65.73724534676418
100    65.70731494803977
102    65.66008859334721
104    65.6116178309325
106    65.56205735717718
108    65.5116851002789
110    65.46093565515355
112    65.41036127526633
114    65.36050026481124
116    65.31183163471786
118    65.26457507415688
120    65.21868006797862
122    65.17420253316773
124    65.13170535333313
126    65.0913958522021
128    65.05278436662496
130    65.01484962002687
132    64.97637615650777
134    64.93629523021761
136    64.89387963619471
138    64.84877927786673
140    64.80092894461168
142    64.75042415385875
144    64.69737887416515
146    64.64173910942705
148    64.58317626516408
150    64.52115894703742
152    64.45517973309788
154    64.38507133969595
156    64.31127199922389
158    64.23496226357837
160    64.15813264175854
162    64.08363506768104
164    64.01516337294561
166    63.95707302230488
168    63.91405627387247
170    63.89069197561669
173    63.90075120776109
176    63.972081146640946
179    64.10595354696326
182    64.29569117957242
185    64.52837755432617
188    64.78812649683928
191    65.05919876488466
194    65.32763939021947
197    65.58154112905943
200    65.81086381306123
203    66.00750017036242
206    66.16569618520963
209    66.28256698714524
212    66.35833023674326
215    66.39603860676583
218    66.40084612619407
221    66.37904821582747
224    66.33714730249096
227    66.28109486443874
230    66.21586078596803
233    66.14534945723611
236    66.07244593453396
239    65.99915115220855
243    65.9029544875665
247    65.80999753054829
251    65.72109119309184
255    65.63651909185265
259    65.55629852510575
263    65.48036947411498
267    65.40862426325705
271    65.34077002243487
275    65.27623013931228
279    65.21422243005952
283    65.15401797030964
287    65.09511394978722
291    65.03721792924634
295    64.98015936121493
299    64.9238258176535
303    64.86815794940644
307    64.81318284516938
312    64.74564673495138
317    64.67966443374213
322    64.61491507056785
327    64.55019089312174
332    64.48427137406857
337    64.4167477171006
342    64.34777602200838
347    64.27764295175162
352    64.20660834815308
357    64.13483984306308
362    64.06239278476131
367    63.98929335807195
372    63.91568733523086
377    63.84198498487089
383    63.754460539424855
389    63.6696656606592
395    63.590050289027985
401    63.5186636963441
407    63.458895937834825
413    63.4141383716142
419    63.38736395317943
425    63.38067513620268
431    63.39493293829811
437    63.42951566256063
443    63.48237488111175
449    63.550437256714915
456    63.64423656136523
463    63.747871740523195
470    63.85563946158955
477    63.96252021438327
484    64.06456757594802
491    64.15908350011085
498    64.24465549059539
505    64.32099202834075
512    64.38846833162992
519    64.44801519480467
527    64.50831097855081
535    64.563122475202
543    64.61556762188007
551    64.668592383108
559    64.72461893333139
567    64.7851872418861
575    64.8506926318343
583    64.92033880449094
592    65.00140897906164
601    65.08220213821204
610    65.1595386726727
619    65.23096102050644
628    65.295197087655
637    65.3522401172132
646    65.40295491084049
655    65.44860547985428
665    65.4948888464631
675    65.53765047993105
685    65.57742584085514
695    65.61434763838625
705    65.6485684353284
715    65.68047899809022
725    65.71067794900087
736    65.74254820731574
747    65.77355081977194
758    65.80433130055746
769    65.83572572018642
780    65.86856497415567
791    65.90335822302839
803    65.94369653031232
815    65.98656871125361
827    66.03209202424608
839    66.08036352715325
851    66.13142378130243
863    66.1852316220174
876    66.24652161428139
889    66.31087306511685
902    66.3782767605875
915    66.44875807729242
928    66.52243863042372
942    66.60548043378083
956    66.69222518492245
970    66.78218076994659
984    66.87462606262991
998    66.96876319380854
1010    67.050207493925
1020    67.11831387503159
1030    67.18648332350409
1050    67.32286622711254
1070    67.45971282218085
1090    67.59845452062778
1110    67.74130645169807
1130    67.88924222582456
1150    68.03961832705167
1170    68.18782981422191
1190    68.33059604017328
1210    68.4659550462029
1230    68.59063589526045
1250    68.7003974264309
1270    68.79414013361412
1290    68.87872503747207
1310    68.97000608414243
1330    69.08578328236923
1350    69.23474190234273
1370    69.41229345353695
1390    69.60656502273184
1410    69.80655807747897
1430    70.005993499509
1450    70.20310801196719
1470    70.39867843450627
1490    70.59412222669285
1510    70.79063078485633
1530    70.98912491163485
1550    71.1903186954747
1570    71.39471261622217
1590    71.6025423095966
1610    71.81344186510123
1630    72.02632727867099
1650    72.24000071036096
1670    72.45330990522247
1690    72.66487233993725
1710    72.872801461354
1730    73.07463217153659
1760    73.35962534730777
1790    73.61490420300903
1820    73.83307964675751
1850    74.00858515143352
1880    74.1382664311082
1910    74.22165928189779
1940    74.26046023764863
1970    74.25874115637092
2000    74.2227385282085
2030    74.15981606099294
2060    74.07755753310536
2090    73.98329471450285
2120    73.88356617896494
2150    73.78338294506747
2180    73.68617906075934
2210    73.59443956268873
2240    73.51003092163245
2270    73.43415997051476
2300    73.36743748141444
2330    73.31016826983364
2360    73.26241489195044
2390    73.22397076321906
2420    73.19429886203129
2460    73.16688607191524
2500    73.15171746197277
2540    73.14781701148945
2580    73.15403176589157
2620    73.168895300212
2660    73.19065588859229
2700    73.21731043996459
2740    73.2467070037984
2780    73.27704709022939
2820    73.30758046753263
2860    73.33856139447394
2900    73.370079145209
2940    73.40176115847726
2980    73.43285132654496
3020    73.46232885609413
3060    73.48987870965071
3100    73.51674198532075
3150    73.55238766769575
3200    73.59271874434143
3250    73.6391537335529
3300    73.69321561024046
3350    73.75789305404354
3400    73.83767319747076
3450    73.93804959406397
3500    74.06535833526098
3550    74.22691874940756
3600    74.4307794073124
3650    74.6816166378041
3700    74.97066097562035
3750    75.26501077113215
3800    75.50373596145616
3860    75.60565577164448
3920    75.39817908889833
3980    74.84916137106404
4040    74.02498723249984
4100    73.04274727084325
4160    72.00773874704583
4220    70.98301327551678
4280    69.99453358167386
4340    69.05038361902992
4400    68.1570157891622
4460    67.32797916904701
4520    66.5895450247684
4590    65.90055320014443
4660    65.4794158432801
4730    65.39888853696621
4800    65.67250915738799
4870    66.22858109081305
4940    66.93368063264141
5010    67.64415767723943
5080    68.24734149732168
5150    68.67752271691546
5220    68.9133339576023
5300    68.96331298106853
5380    68.83295725744182
5460    68.58477806675384
5540    68.27304211172029
5620    67.93803516378739
5700    67.60728210682183
5780    67.29827127814289
5860    67.02103922156996
5950    66.75466273389193
6040    66.54086531279873
6130    66.38235525112668
6220    66.28179676888081
6310    66.24113188211342
6400    66.26075577989019
6490    66.33765681804344
6580    66.46696350406108
6680    66.66591909049914
6780    66.91393590595352
6880    67.20036367321248
6980    67.51045451954289
7080    67.82141830138026
7180    68.1062929454148
7280    68.33571850752669
7390    68.48440154262092
7500    68.48906072209932
7610    68.33549459686232
7720    68.03665737120147
7830    67.63158444834775
7940    67.17296639286016
8060    66.6685754877058
8180    66.20827306214005
8300    65.8230867686016
8420    65.52135630020479
8540    65.29422681263668
8660    65.11990580820157
8790    64.92066888894163
8920    64.59073915722514
9050    64.07154919557397
9180    63.393794371389475
9310    62.61899667181427
9450    61.7686901265654
9590    60.99398777394913
9730    60.355234546053495
9870    59.87652539807638
10010    59.55763175542444
10160    59.37840281072447
10310    59.343074692615716
10460    59.44192734013331
10610    59.698438160988964
10760    60.10418727796231
10920    60.52917222926342
11080    60.628701997898716
11240    60.20815671517692
11400    59.42647170682704
11570    58.59894126555669
11740    58.117556068447854
11910    58.34564954533377
12080    59.428781245737824
12260    61.06161770984455
12440    62.64658436165775
12620    63.98577880468753
12800    65.07846065713422
12990    66.02760977066742
13180    66.83067162492812
13370    67.45651830714942
13560    67.70277268663915
13760    67.22642307066143
13960    65.84928056662363
14160    63.808124794498184
14370    61.41907943180405
14580    59.149458807617066
14790    57.16537638014523
15010    55.456090660305684
15230    54.20021211388945
15450    53.58014929810892
15670    53.79034414633994
15900    54.60842911520139
16130    55.153363787495294
16360    55.01285706590745
16600    54.61064945127489
16840    54.50840796898308
17080    54.844617104234175
17330    55.266964448433455
17580    55.05089000928686
17840    53.75012456725631
18100    51.6528397843032
18360    49.48037640271686
18630    48.14662685725441
18900    48.20247899738558
19170    49.09774206300135
19450    50.10821804638434
19730    50.80841653041527
20000    51.23915849284093
