20.822592996237045    8.932654063688545
21.52013920530375    8.904747870265108
22.241052855393363    8.904747870265108
22.986116743821466    8.904747870265108
23.756139891213095    8.876841676841675
24.39069001618426    8.827230666311127
26.572399801888814    8.839633418943762
27.462561596385896    8.858237547892717
28.38254335544356    8.811727225520329
29.333344032613745    8.811727225520329
30.315996045881107    8.783821032096892
31.33156639870448    8.755914838673455
32.38115783861245    8.681498322877633
33.465910054611534    8.597779742607326
34.587000914706636    8.551269420234934
35.74564774487809    8.467550839964634
36.943108650903575    8.439644646541197
38.18068388446044    8.402436388643284
39.459717254991794    8.355926066270893
40.78159758886942    8.225697163628194
42.14776023743778    8.123374454408939
43.55968863557679    8.058260003087586
45.01891591247567    8.021051745189673
46.52702655636691    7.909426971495936
48.0856581350279    7.7605939399042825
49.69650307391848    7.630365037261587
51.361310493885256    7.555948521465762
53.081888110428125    7.435021683297542
54.860104196591074    7.30479278065485
56.69788961160892    7.248980393807976
58.59723989751268    7.1094494266908015
60.56021744597021    6.932710201675718
62.58895373771479    6.774575105609589
64.68565165699337    6.607137945068978
66.85258788354783    6.421096655579412
69.09211536472633    6.253659495038804
71.406665870409    6.049014076600283
73.79875263352245    5.807160400263847
76.2709730790101    5.602514981825323
78.8260116442218    5.397869563386802
81.46664269378475    5.137411758101411
84.19573353212135    4.886256017290499
87.01624751688469    4.569985825158234
89.9312472766928    4.235111504077018
92.94389803665507    3.9095392474702813
96.0574710553021    3.593269055338016
99.27534717665114    3.221186476358884
102.6010205012639    2.849103897379756
106.03810218028278    2.6444584789412353
109.59032433656513    2.597948156568844
113.26154411717448    2.774687381583931
117.05574788162664    3.1002596381906713
120.97705553044126    3.4351339592718872
123.39261539808065    3.4630401526953207
131.79826746505054    3.8072165382510157
136.2134419751809    3.6025711198124952
140.77652257186196    3.3421133145271043
145.49246403329957    3.1002596381906713
150.36638712023424    2.9328224776500633
161.67145615980303    2.3467924157579283
167.08736720310807    2.197959384166275
172.6847084946814    2.0026160302022333
178.46955785499037    1.7700644183402758
184.4481967083769    1.5282107420038429
190.62711690368457    1.304961194616368
197.01302776337013    1.118919905126802
203.6128633687594    0.9514827445861869
210.43379008935395    0.7375352616731874
217.48321436436603    0.5049836498112299
224.76879074493104    0.3375464892706219
232.29843020573068    0.26312997347479694
240.08030873504904    0.2538279090003215
248.12287621259443    0.32824442479614646
256.43486558472034    0.393358876117496
265.0253023470141    0.486379520862279
273.9035143445462    0.4770774563877964
283.07914190042345    0.3840568116430134
292.5621482836427    0.2724320379492724
302.36283052761445    0.18871345767897196
312.4918306110972    0.09569281293418896
322.96014701369324    0.03057836161284655
333.77914665844173    -0.043838154182985534
344.9605772544869    -0.146160863402244
356.516580053217    -0.22987944367255153
368.45970303172857    -0.29499389499389395
380.8029145179286    -0.350806281840768
393.5596172720737    -0.49963931343242507
406.743663040028    -0.5833578937027255
420.3693675940552    -0.555451700279292
434.45152627746205    -0.45312899106003357
443.12625940523645    -0.4903372489579425
525.945652513095    0.5421919077091459
543.5645627108753    0.7561393906221454
561.7736973835118    1.0631075182799279
580.5928287488551    1.3514715169887594
600.0423913839348    1.5747210643762344
620.1435044136537    1.7235540959678843
640.9179944427894    1.8537829986105834
662.3884192562122    1.9654077723043173
684.578092313038    2.086334610472541
705.1836528173409    2.1723787068614655
879.3889775226583    2.5607398986709313
908.848058227777    2.728177059211543
939.2940030603442    2.8398018329052803
970.7598714635852    2.9979369289714093
1003.279830355155    3.1560720250375383
1036.8891912269632    3.2863009276802373
1071.6244484878303    3.4537380882208417
1107.5233190905924    3.6397793777104077
1144.624783486705    3.8258206671999737
1182.9691279527965    4.021164021164019
1222.5979883351492    4.253715633025976
1263.5543952595845    4.43045485804106
1305.8828208558677    4.523475502785843
1349.6292270473516    4.644402340954063
1394.8411154583027    4.737422985698846
1441.5675789930874    4.867651888341545
1489.8593551432448    4.979276662035282
1539.7688810803136    5.081599371254541
1591.3503505942483    5.21182827389724
1644.6597729392277    5.304848918642019
1699.755033650783    5.41647369233576
1756.6959574002603    5.546702594978452
1815.5443729548854    5.723441819993543
1876.3641803139376    5.9559934318555
1939.2214200939734    6.253659495038804
2004.1843452384037    6.579231751645544
2071.3234951293202    6.923408137201239
2140.711772182009    7.3233969096038045
2212.4245210053623    7.788500133327716
2286.5396102141067    8.300113679424022
2363.1375169817206    8.821029289994808
2442.3014144258013    9.369851093989023
2524.117261920821    9.862860511136372
2608.6738984363046    10.08611005852385
2696.0631390017993    10.160526574319675
2786.3798744033447    10.207036896692067
2879.7221742197553    10.24424515458998
2976.191393310543    10.35586992828372
3065.7737105302463    10.346567863809241
3602.9679485091406    10.35586992828372
3723.665530905608    10.393078186181633
3848.406420543365    10.393078186181633
3977.326066145772    10.393078186181633
4110.564453899093    10.523307088824328
4248.266259455197    10.820973152007632
4390.581005026243    11.146545408614372
4522.735953547063    11.346539794815655
4783.311737007925    12.030241533689807
4943.550232258593    12.24418901660281
5109.1566350954545    12.365115854771027
5280.31076767553    12.346511725822069
5457.198476106072    12.290699338975202
5640.011832243815    12.160470436332503
5828.94934225441    11.983731211317416
6024.216162158458    11.723273406032028
6226.024320598258    11.32328463362946
6434.592949067113    10.848879345431069
6650.148519851229    10.309359605911332
6872.925091942474    9.76053780191711
7010.157412175384    9.509382061106198
8655.924743488165    5.565306723927414
8945.893792582008    5.304848918642019
9245.576656424026    5.072297306780065
9534.33158900437    4.408750040933949
9778.257185541728    3.5793159586262995
9950.054361434195    2.4796790511076203
10195.01320461624    1.4708480110778908
10548.120133963888    1.1654302274991934
10901.476760276302    2.0212201591511914
11192.666047436644    2.7343784355278586
11516.904788217758    4.1296881066996
11798.586245138033    5.261439284427787
12113.738218927518    6.365284268732541
12519.542249855198    7.3606051675017135
12938.940508142015    7.6117609083126325
13372.388393447427    7.174563878012151
13820.3565610864    6.421096655579412
14189.512030920425    5.819563152896482
14761.815726362865    4.439756922515542
15206.141202913275    3.4514125721022246
15560.953506891727    2.2247028195303997
15924.044819290199    0.9747379057723862
16188.571368393652    -0.164764992351202
16403.352983956203    -1.374033374033381
16620.98421121912    -2.6453155188787463
16730.88022446502    -3.761563255816135
16952.856914230862    -5.269272872721153
17177.7786762307    -7.071547864651315
17291.35614967923    -8.273064525938096
17451.627338167105    -9.476131531303949
17607.58129760656    -10.734235751477136
17823.561979374786    -11.8946682946683
17929.58958615722    -12.955103644758822
18167.47013349241    -14.257392671185784
18408.50675724132    -15.823240191056293
18652.741330598037    -17.489860076066982
18887.76491435222    -19.131674455812394
18900.216282308596    -20.315362160189757
19025.18231275034    -21.24556860763758
154.95952431590624    2.7257799671592764
157.87079804485725    2.5287356321839063
456.10307835142726    -0.36124794745484223
475.60996508815003    -0.09852216748768683
491.3569718715367    -0.03284072249589798
505.2687251608786    0.16420361247946857
514.7613689471531    0.36124794745484223
466.83930696938296    -0.16420361247947568
3175.1992688633386    10.410509031198686
3280.327184793629    10.410509031198686
3388.9357889491316    10.410509031198686
3501.1403237030513    10.410509031198686
4650.325441332101    11.724137931034484
7135.1734111691485    8.965517241379313
7303.128543697421    8.440065681444992
7405.7933970322865    7.914614121510674
7544.9283863399805    7.454844006568141
7758.547380890356    6.896551724137929
7978.214554097447    6.3382594417077165
8204.101147592368    5.911330049261078
8397.217812894753    5.681444991789821
126.85872118068089    3.7110016420361234
25.121943573894388    8.899835796387517
25.833219288203686    8.899835796387517
733.1502947611754    2.2660098522167473
764.5061010245171    2.331691297208536
793.5019807781441    2.397372742200325
823.597604590792    2.4630541871921174
854.8346831125814    2.4630541871921174
19500   -20