20    71.92115166655363
20.3    71.92047234447415
20.6    71.9198359219942
20.9    71.9192099426504
21.2    71.91844886714723
21.5    71.91730751060268
21.8    71.91550036072394
22.1    71.91278393070823
22.4    71.90902477090647
22.7    71.90421284534503
23    71.89843503381829
23.3    71.89181461468999
23.6    71.88446049130685
23.9    71.87644118418366
24.2    71.86778776556596
24.6    71.85530762132537
25    71.84186303146969
25.4    71.82767556514453
25.8    71.81303348899306
26.2    71.7981781312658
26.6    71.78321321090814
27    71.76808717236374
27.4    71.75265566676866
27.8    71.73678138458698
28.2    71.72040971497566
28.6    71.70358824306928
29    71.68642551725344
29.4    71.6690227607601
29.8    71.65141726390078
30.2    71.63356804358807
30.6    71.61539060710871
31    71.59681045837371
31.5    71.57298318170632
32    71.54851877662864
32.5    71.52346700522253
33    71.49784576540236
33.5    71.47164649132218
34    71.44487667378395
34.5    71.41756752352404
35    71.38975804546735
35.5    71.36150058298651
36    71.3328754368691
36.5    71.30397788413077
37    71.27487575933247
37.5    71.24558498229237
38    71.21607979237834
38.6    71.18034566547853
39.2    71.14421068916889
39.8    71.10763834550411
40.4    71.07059691106502
41    71.0330609571511
41.6    70.99501632281437
42.2    70.95646720751648
42.8    70.91744687083678
43.4    70.87801303395703
44    70.83821951189442
44.6    70.79808906471908
45.2    70.75762773014551
45.9    70.71004780492655
46.6    70.66217516056008
47.3    70.61414954615773
48    70.56608028192952
48.7    70.51800092472375
49.4    70.46985718296109
50.1    70.4215355476981
50.8    70.37289385998852
51.5    70.32375900789825
52.2    70.27396896577912
53    70.21616368389371
53.8    70.15741995757696
54.6    70.09787256455631
55.4    70.03778760594497
56.2    69.97745387719701
57    69.91700002545878
57.8    69.85633794570839
58.6    69.79528848305267
59.5    69.7260471946054
60.4    69.65635013886636
61.3    69.58653983228191
62.2    69.51702620408327
63.1    69.44815801461063
64    69.3801107422643
64.9    69.31267778761266
65.8    69.24523042400604
66.8    69.16961103449412
67.8    69.0930046639651
68.8    69.01543163011806
69.8    68.93711877049472
70.8    68.85833176194772
71.8    68.77928374450482
72.8    68.70012778399308
73.9    68.61306395498158
75    68.52617006261286
76.1    68.43957209561364
77.2    68.35326099873578
78.3    68.26710762542315
79.4    68.18090810059321
80.6    68.08668006835715
81.8    67.99228882004658
83    67.89783658602374
84.2    67.80340853938597
85.4    67.7091228932642
86.6    67.61514746710942
87.9    67.51379891130827
89.2    67.41284118335551
90.5    67.3121010015087
91.8    67.21142948395146
93.1    67.11071166124299
94.5    67.00222180247215
95.9    66.89395827830036
97.3    66.78618328608843
98.7    66.67911731537686
100    66.58062804835788
102    66.43133327011864
104    66.28490930520326
106    66.14143487999297
108    66.0009329822239
110    65.8630051955047
112    65.72676522102691
114    65.59140720733878
116    65.45675142996203
118    65.32261018274468
120    65.18875629202344
122    65.05506465268797
124    64.9215057575542
126    64.78812745787857
128    64.65490843263308
130    64.52138363296228
132    64.38744806062266
134    64.25424824007358
136    64.12411534029303
138    63.998020231773324
140    63.874825658139294
142    63.75360773801573
144    63.63529809363163
146    63.52209111849588
148    63.416030553307365
150    63.31790777519356
152    63.22720518715153
154    63.14297899188797
156    63.064806089631375
158    62.99304970138464
160    62.92877150259467
162    62.8735530559607
164    62.829281538507104
166    62.79809333446531
168    62.78211510862438
170    62.78272532684269
173    62.81361449738262
176    62.8727294353678
179    62.94473088756567
182    63.00993749720554
185    63.05148413850776
188    63.06096615762978
191    63.038160634428266
194    62.987993109479035
197    62.919581922963715
200    62.846760634388225
203    62.78712956134023
206    62.75776317320178
209    62.76668138618345
212    62.80967535895374
215    62.875554703046674
218    62.952500791585095
221    63.031495403713436
224    63.10713354394366
227    63.176631478673315
230    63.23875792129586
233    63.293282712683705
236    63.34032291046228
239    63.379738407283654
243    63.42009367950821
247    63.44680286949985
251    63.46139863239557
255    63.466063922455255
259    63.46325896506015
263    63.45547837191684
267    63.44480921092257
271    63.43284809184897
275    63.420554734498396
279    63.408089942507374
283    63.39516368498232
287    63.38136685258607
291    63.36638114339665
295    63.35007413256235
299    63.33246592016711
303    63.31365146703841
307    63.29382348360563
312    63.26789000257968
317    63.240778978498454
322    63.212364725269794
327    63.182250564751044
332    63.14999074788504
337    63.11536224854936
342    63.07847820867185
347    63.039709423827425
352    62.99963810407868
357    62.95913367384421
362    62.919391905805384
367    62.88192792231577
372    62.84849022177201
377    62.821085860168935
383    62.79935121126167
389    62.793373741732516
395    62.80609239687752
401    62.83924476871863
407    62.89290256296236
413    62.96572100932676
419    63.05521391307315
425    63.15801926919849
431    63.270433013815975
437    63.38906721774643
443    63.51122871813594
449    63.63493250984772
456    63.77936961699477
463    63.92167736753954
470    64.05732475922416
477    64.17862052953501
484    64.27866458163885
491    64.35693267716584
498    64.41917873020367
505    64.4732472685196
512    64.52591203070362
519    64.58076774499074
527    64.64624555686369
535    64.71263513729303
543    64.77849356468266
551    64.84365496498069
559    64.90842167700691
567    64.97266151768741
575    65.03564850337109
583    65.09623758482422
592    65.15996426072047
601    65.21757857016271
610    65.26830500195868
619    65.31218234367738
628    65.34980681839869
637    65.38200977739987
646    65.40966067593035
655    65.43359674893387
665    65.4567527495103
675    65.47711208425817
685    65.49533810076048
695    65.51200196654776
705    65.5276546256529
715    65.54281446175393
725    65.55798394097654
736    65.57527749020781
747    65.59380048254141
758    65.61405028629433
769    65.63635156194236
780    65.66083005749306
791    65.6874438411732
803    65.71879087872031
815    65.75245901744049
827    65.78834495522747
839    65.8262730017633
851    65.8659626996747
863    65.90720226342717
876    65.95363134071113
889    66.0019100475509
902    66.05204317191601
915    66.1039449612939
928    66.15742423176783
942    66.21667947448513
956    66.27759218488798
970    66.33999128066033
984    66.40403828860627
998    66.46998454071398
1010    66.52801911668598
1020    66.57738697860634
1030    66.62758407993438
1050    66.72968362806625
1070    66.83241756203131
1090    66.93477596884054
1110    67.03569159602009
1130    67.13472235634643
1150    67.2320131810524
1170    67.3275309754377
1190    67.42146898779842
1210    67.51391586399747
1230    67.60434961415679
1250    67.69210670718047
1270    67.77679757274181
1290    67.85810318254578
1310    67.93584075167567
1330    68.00997661684117
1350    68.08083500330261
1370    68.14892169917438
1390    68.21479893076852
1410    68.27943673562501
1430    68.34391028286652
1450    68.40851381825998
1470    68.47250406795136
1490    68.53533833961393
1510    68.59794968237408
1530    68.66138334606399
1550    68.72575976884877
1570    68.79049474975209
1590    68.85472276513042
1610    68.918748755673
1630    68.9833680622209
1650    69.04898865341715
1670    69.11549334116701
1690    69.18208827295423
1710    69.24797389820037
1730    69.31347129311507
1760    69.41335418078249
1790    69.51716791657304
1820    69.62553672950847
1850    69.73606844677354
1880    69.84690956408764
1910    69.95907593442327
1940    70.07194075664152
1970    70.18430538250317
2000    70.29352901237715
2030    70.39590977842425
2060    70.49181593113241
2090    70.58367821635511
2120    70.67448661741446
2150    70.76839866550723
2180    70.86980175584128
2210    70.98160488171501
2240    71.10581437660716
2270    71.24745724508375
2300    71.4078620135077
2330    71.58458823088162
2360    71.77409552554761
2390    71.97302691025169
2420    72.17709907859958
2460    72.44796030104754
2500    72.70839738366516
2540    72.95225341697692
2580    73.1693705810851
2620    73.34932802207047
2660    73.4893719248989
2700    73.59471230761687
2740    73.67236591170315
2780    73.73017146968834
2820    73.77653625731551
2860    73.81815975139227
2900    73.85669968364527
2940    73.89071326595842
2980    73.91832693156408
3020    73.93872286651543
3060    73.9518721354855
3100    73.95793817585015
3150    73.95240314808575
3200    73.92668115603462
3250    73.888717894393
3300    73.84355483071336
3350    73.79283563415046
3400    73.73884925504417
3450    73.68478561349559
3500    73.6347754153925
3550    73.59092956203476
3600    73.55410207827198
3650    73.52354151534503
3700    73.49372331331047
3750    73.46413780178341
3800    73.44015592025237
3860    73.41978118082568
3920    73.40861889277242
3980    73.4076443737041
4040    73.41777509415539
4100    73.43973379300327
4160    73.47318643979304
4220    73.51746952277999
4280    73.5726749010376
4340    73.63948642207154
4400    73.7159223954128
4460    73.7977796124076
4520    73.88337121505992
4590    73.98726831234617
4660    74.08895437207364
4730    74.18149134945926
4800    74.26174439340167
4870    74.32878390321176
4940    74.37997353549545
5010    74.41607405137697
5080    74.43928148570618
5150    74.44564508734668
5220    74.43125169982423
5300    74.38837885485731
5380    74.32249730107054
5460    74.24111532128003
5540    74.14169719904152
5620    74.02177031644672
5700    73.89717215906958
5780    73.77113528062691
5860    73.64190052721605
5950    73.4929678269846
6040    73.34404315856543
6130    73.20142159244077
6220    73.07093606929632
6310    72.95543902823573
6400    72.85176231298804
6490    72.76036534731287
6580    72.67693446090743
6680    72.58629193274308
6780    72.4954675327595
6880    72.39986216708871
6980    72.29371658084906
7080    72.16997751398557
7180    72.03148017988602
7280    71.89161118811236
7390    71.73231180432839
7500    71.56084939436079
7610    71.39012725844093
7720    71.21915543229613
7830    71.05481259683445
7940    70.90565481082447
8060    70.76798170301478
8180    70.66069998949887
8300    70.58408273453274
8420    70.53877699265377
8540    70.52559929275785
8660    70.5411400595015
8790    70.5799126099934
8920    70.61458377635299
9050    70.60548429819988
9180    70.4872558958946
9310    70.19638487173786
9450    69.65363819509923
9590    68.89666455703926
9730    68.00811526097272
9870    67.09378418522918
10010    66.25547580483502
10160    65.52569861473947
10310    65.02753896815992
10460    64.78665962704211
10610    64.78752117311703
10760    65.01190847544645
10920    65.4214922531981
11080    65.92891640926544
11240    66.4576033776529
11400    66.9855791283625
11570    67.51079672410692
11740    68.01516201441538
11910    68.53345678003635
12080    69.08648554902646
12260    69.785871993823
12440    70.59122923462121
12620    71.51369975411995
12800    72.4183781321924
12990    73.11073819879012
13180    73.64391833210911
13370    73.54407524433739
13560    73.04438019998355
13760    72.35259526351933
13960    71.72364041750012
14160    71.33605718345586
14370    71.14542814784787
14580    71.31295557450343
14790    71.74162260958829
15010    72.38506723747776
15230    73.03255181178523
15450    73.49948646568174
15670    73.7658144579253
15900    73.41290949874644
16130    71.4856904221012
16360    67.87709284631268
16600    62.92304579985579
16840    57.37502467891419
17080    51.953637477147936
17330    46.906410011065475
17580    42.353906821831075
17840    37.95558003672532
18100    34.366231109545325
18360    32.451298380264696
18630    31.42502918995936
18900    29.396558976705688
19170    25.740725980098453
19450    21.508812426022978
19730    18.78868876473488
20000    18.561901594873643
