20    67.23607075134782
20.3    67.2130585751325
20.6    67.19006564629592
20.9    67.16650634427754
21.2    67.14155999597457
21.5    67.11435748481361
21.8    67.08423491140917
22.1    67.05095597243604
22.4    67.01480877412419
22.7    66.97654495854567
23    66.937187098459
23.3    66.89777242617325
23.6    66.85912017783632
23.9    66.82168878449991
24.2    66.7855480415617
24.6    66.73891367693847
25    66.69312959269956
25.4    66.64722135859373
25.8    66.600517741896
26.2    66.5527438646371
26.6    66.50391848121826
27    66.4541070565833
27.4    66.40320072852258
27.8    66.350922393325
28.2    66.29714873908229
28.6    66.24238819318086
29    66.18802867192238
29.4    66.13605865209239
29.8    66.08829694378153
30.2    66.04556992328824
30.6    66.00736711551178
31    65.97219115640134
31.5    65.92994501227165
32    65.88760294246025
32.5    65.84445381230687
33    65.80053675364087
33.5    65.75577078193334
34    65.70979219966225
34.5    65.6622894431089
35    65.61323786143802
35.5    65.56285120395253
36    65.51146863549738
36.5    65.4595272552524
37    65.4075231423694
37.5    65.35588169353827
38    65.30484120477126
38.6    65.24448542328652
39.2    65.18516701200258
39.8    65.12705232703709
40.4    65.07032435418053
41    65.01502822893221
41.6    64.96104350058239
42.2    64.90814223238891
42.8    64.856037765993
43.4    64.80443613221627
44    64.75312757731069
44.6    64.70206984946645
45.2    64.65136985972546
45.9    64.59285933303957
46.6    64.53514591270184
47.3    64.47822962899346
48    64.42210616154384
48.7    64.36684536759535
49.4    64.3125483025558
50.1    64.2592628459413
50.8    64.20695560559388
51.5    64.15552063811211
52.2    64.10479795122386
53    64.04751526783281
53.8    63.99091259483373
54.6    63.935129482379345
55.4    63.8804405064362
56.2    63.82719084532934
57    63.77558592613287
57.8    63.72548591437658
58.6    63.676537782593954
59.5    63.62245279095818
60.4    63.56899605800492
61.3    63.515663605736826
62.2    63.46214711741705
63.1    63.40850543726466
64    63.355017465709594
64.9    63.30201659374452
65.8    63.249767099097014
66.8    63.19276951292052
67.8    63.13697229067233
68.8    63.08242212666341
69.8    63.02919596459098
70.8    62.977394725169255
71.8    62.92706661483602
72.8    62.87816081826047
73.9    62.825821651084226
75    62.77473228319254
76.1    62.72458767135491
77.2    62.67509591066978
78.3    62.62602490923504
79.4    62.5772501813898
80.6    62.52437917167377
81.8    62.471978274901545
83    62.4202230530171
84.2    62.36927513610787
85.4    62.31924360811837
86.6    62.27019919017924
87.9    62.21822304796042
89.2    62.16743912029537
90.5    62.117784790682975
91.8    62.0691585787157
93.1    62.0214340977049
94.5    61.97088392730956
95.9    61.92103739184623
97.3    61.87172107296644
98.7    61.82277492925387
100    61.77754134321266
102    61.70824302945404
104    61.63940381936093
106    61.57151773233531
108    61.50539470238751
110    61.4419746755595
112    61.38208031203549
114    61.32616857482185
116    61.27418653995936
118    61.22549334791317
120    61.17906993369159
122    61.13403293568362
124    61.09007708454756
126    61.04745947209733
128    61.00663402232489
130    60.967777466011924
132    60.93054997584785
134    60.89402291961693
136    60.85676432898964
138    60.81711565903642
140    60.77345656560417
142    60.724402623582804
144    60.66895320169773
146    60.60663802391072
148    60.537582446197696
150    60.462522103254685
152    60.382821441107936
154    60.300483187833926
156    60.218177465710966
158    60.13931079058331
160    60.06806724056668
162    60.009333562700505
164    59.96848535619691
166    59.95100733147028
168    59.961831603132325
170    60.00452654706541
173    60.13089982659403
176    60.32788254881144
179    60.58234146754202
182    60.874213766363795
185    61.18048199711957
188    61.479293674174045
191    61.75307013818208
194    61.98992322182846
197    62.18366999845625
200    62.33295249245823
203    62.43996167510054
206    62.509158267361855
209    62.546216485456114
212    62.55715234677375
215    62.547697307800235
218    62.52295730678864
221    62.48726992616294
224    62.44420035438344
227    62.39659999580573
230    62.34667515048315
233    62.29609029669582
236    62.24609016095756
239    62.19760473104773
243    62.13632681294422
247    62.079491704788445
251    62.027268832867406
255    61.97947077023153
259    61.935673296734706
263    61.89523312775563
267    61.857330346389986
271    61.82110556573013
275    61.78576179743305
279    61.75067364431232
283    61.715453584144754
287    61.67987602450558
291    61.64376545176352
295    61.607030474675035
299    61.569706603957265
303    61.53187517603584
307    61.493590059551536
312    61.44514765886451
317    61.39617184912643
322    61.34683378438057
327    61.29714614406409
332    61.24679251697542
337    61.19524843743709
342    61.141978740515725
347    61.086595412497445
352    61.02896750854241
357    60.969287749607986
362    60.90813603301868
367    60.846586824771336
372    60.78637907130507
377    60.73005944834731
383    60.672357197585185
389    60.631815112584974
395    60.6152895713513
401    60.62863159907127
407    60.67538755317375
413    60.75572638351666
419    60.866141196916146
425    60.999983443619485
431    61.148645586774165
437    61.30310097929599
443    61.4553992376259
449    61.5996671964243
456    61.753196777786044
463    61.88854278856651
470    62.00540654235512
477    62.10460676804088
484    62.18752464290943
491    62.25609804115864
498    62.313010318725816
505    62.36177767842074
512    62.40653089539915
519    62.45159763177854
527    62.50864727395525
535    62.57624503186355
543    62.65747836859411
551    62.75316343724327
559    62.86115905931122
567    62.975649900096464
575    63.087774959252314
583    63.18842236809053
592    63.280433900731545
601    63.347864807252094
610    63.393940995720826
619    63.42478584151668
628    63.44671356674729
637    63.464724116454995
646    63.482051329095015
655    63.500325377381515
665    63.522230230338785
675    63.54550266804765
685    63.56970022577349
695    63.594733524549454
705    63.62097588046831
715    63.64914996256593
725    63.68007891684091
736    63.718058961547214
747    63.76066630626015
758    63.80794444062191
769    63.8593864761712
780    63.9140021417363
791    63.97054153980078
803    64.0330536274768
815    64.09545982533209
827    64.15745027995939
839    64.21931892059322
851    64.2816873376928
863    64.34529259764265
876    64.41632927224802
889    64.49002824340849
902    64.56632462009091
915    64.64490440145585
928    64.72563026754864
942    64.81506426696386
956    64.9071219024813
970    65.00176638165273
984    65.09895732655406
998    65.19854612335835
1010    65.28546725781399
1020    65.35859850030651
1030    65.4319602916812
1050    65.57821494499649
1070    65.72297848579038
1090    65.86613921296751
1110    66.00827061296678
1130    66.1500511409393
1150    66.29174402528315
1170    66.43317377239981
1190    66.57439493770931
1210    66.71574789913258
1230    66.85768888846124
1250    67.00065071958696
1270    67.14503650897171
1290    67.29037855392801
1310    67.43533925825196
1330    67.57850241622027
1350    67.71866898573975
1370    67.85501547860693
1390    67.98727664854506
1410    68.11566211807661
1430    68.24063758540397
1450    68.36262533775994
1470    68.48197216193144
1490    68.59900605679226
1510    68.71397547182156
1530    68.8271683584662
1550    68.93910313623743
1570    69.05036244244997
1590    69.1612414707281
1610    69.27177577001066
1630    69.38196968587789
1650    69.49177664642244
1670    69.60116904180586
1690    69.71018274997917
1710    69.81886622810325
1730    69.92718887688144
1760    70.08857489931273
1790    70.24784840797389
1820    70.40472183558606
1850    70.55905822136444
1880    70.7109453797556
1910    70.86080624594044
1940    71.00887693642122
1970    71.15495132248242
2000    71.2986285967095
2030    71.4395454137746
2060    71.57752874296358
2090    71.71217309315588
2120    71.84305893631242
2150    71.97022407205634
2180    72.09367452846936
2210    72.2127513506218
2240    72.32631884121845
2270    72.43387342275241
2300    72.53543309284456
2330    72.63104568261215
2360    72.72052008315643
2390    72.80343867189839
2420    72.87928715809753
2460    72.96860115193732
2500    73.04393111965578
2540    73.1053507625077
2580    73.15290043775889
2620    73.18644049942245
2660    73.20585328388404
2700    73.21122092120312
2740    73.20315745469543
2780    73.18251165756647
2820    73.14995954804164
2860    73.10614326257628
2900    73.05192716752147
2940    72.98850864521285
2980    72.916919139304
3020    72.83800744290144
3060    72.75269355563857
3100    72.66191969320636
3150    72.5423303718817
3200    72.4180024531199
3250    72.29055406816545
3300    72.16129561537389
3350    72.03130719415688
3400    71.90121570808085
3450    71.77149324321707
3500    71.64272789423396
3550    71.5158657262545
3600    71.39173650226695
3650    71.2715652301078
3700    71.15820460544145
3750    71.055323875585
3800    70.96607600938052
3860    70.88259193194865
3920    70.83654883610801
3980    70.84515522688804
4040    70.92215824442778
4100    71.06630308364538
4160    71.25920038456829
4220    71.47549239953335
4280    71.6934383585722
4340    71.89834273289318
4400    72.08145825097313
4460    72.23827564618614
4520    72.36669006804246
4590    72.47914271089624
4660    72.55073660114917
4730    72.58107789429758
4800    72.56991597167487
4870    72.5175247029531
4940    72.42551285686288
5010    72.29691787123798
5080    72.13627651428197
5150    71.94909799104562
5220    71.74110037833472
5300    71.48609252428581
5380    71.2219070760304
5460    70.95634828536362
5540    70.69710623664612
5620    70.45151531285869
5700    70.2254238842299
5780    70.02434288824895
5860    69.85370374494137
5950    69.70285452655884
6040    69.59757864431019
6130    69.53960738432698
6220    69.53198078943223
6310    69.57723716565721
6400    69.6754807675915
6490    69.82430620452581
6580    70.01939470068587
6680    70.281175362521
6780    70.5700504484212
6880    70.85018062731285
6980    71.07313375324921
7080    71.18997867124781
7180    71.16095128082063
7280    70.97187643879033
7390    70.6032917845153
7500    70.09269922224671
7610    69.45038509235691
7720    68.71913128962566
7830    67.96071560153774
7940    67.21999832296989
8060    66.46205028348737
8180    65.77319945470106
8300    65.1614834064415
8420    64.63140508458662
8540    64.18542124850148
8660    63.82557168872978
8790    63.535574788421485
8920    63.350486316993994
9050    63.27266894117952
9180    63.30594326101737
9310    63.46792595461152
9450    63.81459071224251
9590    64.3417269923618
9730    65.01840809757876
9870    65.76456213681814
10010    66.44149385402245
10160    66.87776616850388
10310    66.81125979543432
10460    66.18863507370915
10610    65.15598999915827
10760    63.95337415222398
10920    62.69334275689499
11080    61.57188175341086
11240    60.64139632973638
11400    59.91428766677737
11570    59.36341827576624
11740    59.03494580580257
11910    58.92163834089607
12080    59.0177710606896
12260    59.33038037502147
12440    59.80571092225012
12620    60.31422933564042
12800    60.62838028181075
12990    60.46895336368192
13180    59.6772225948784
13370    58.414553672386106
13560    56.987334218763195
13760    55.567263594863284
13960    54.39377515854902
14160    53.561882009382494
14370    53.08144301740131
14580    52.96670058636802
14790    53.183316028110184
15010    53.78220578149868
15230    54.826296457197486
15450    56.37640322627465
15670    58.31848094023529
15900    60.17773855268926
16130    60.91730098208946
16360    60.08955417536418
16600    58.04110387901292
16840    55.25555792887673
17080    51.49746917134366
17330    46.7760147970648
17580    42.62961772797556
17840    39.746144887281545
18100    37.828359936379286
18360    36.64415091429255
18630    36.14825580193952
18900    36.339909000017435
19170    37.15066416153614
19450    38.31252849077361
19730    38.94635594025905
20000    38.902599592487974
