20    70.41516506753254
20.3    70.41781196099551
20.6    70.42023640210324
20.9    70.42227584265801
21.2    70.42384051664368
21.5    70.42493058561092
21.8    70.42560009954592
22.1    70.42589894273928
22.4    70.42583875822046
22.7    70.42539043568068
23    70.42449657671987
23.3    70.42308641478527
23.6    70.42109511583004
23.9    70.41848064897084
24.2    70.41523223056004
24.6    70.40996341174159
25    70.40376732110397
25.4    70.39687360981128
25.8    70.38952551130521
26.2    70.38185941354037
26.6    70.37382125911009
27    70.36520130521951
27.4    70.3557828168702
27.8    70.3454986653121
28.2    70.33448465715
28.6    70.32300185752194
29    70.31127916925905
29.4    70.29938119339809
29.8    70.28718172834186
30.2    70.27447004130667
30.6    70.26108309106016
31    70.24698962744819
31.5    70.22853978936223
32    70.2094790010539
32.5    70.19014125611368
33    70.17079297186368
33.5    70.15157259895085
34    70.13241863033426
34.5    70.11307386732781
35    70.09319355695608
35.5    70.0725133623612
36    70.05095274349753
36.5    70.02858560401042
37    70.0055617830009
37.5    69.98207587967758
38    69.95835938952357
38.6    69.92988883621257
39.2    69.90156240119975
39.8    69.87331195548738
40.4    69.84496986649151
41    69.81637410139051
41.6    69.78732721562349
42.2    69.75759284297808
42.8    69.72704464117592
43.4    69.69576825496242
44    69.66395718438898
44.6    69.63171853172798
45.2    69.59904641000225
45.9    69.5603896551863
46.6    69.52128323935715
47.3    69.48191287445454
48    69.44251262968329
48.7    69.40338508104493
49.4    69.36472979136047
50.1    69.32644605140788
50.8    69.28821107132987
51.5    69.24970675394351
52.2    69.2107271107329
53    69.16545419286604
53.8    69.11938731066188
54.6    69.0726842398494
55.4    69.02557341385312
56.2    68.9781770278484
57    68.93044559138215
57.8    68.88224238994206
58.6    68.83351995416325
59.5    68.77823152499163
60.4    68.72272389629212
61.3    68.66717569664067
62.2    68.6113882645489
63.1    68.55497401046355
64    68.49787377727478
64.9    68.44025428362633
65.8    68.3822880380034
66.8    68.3174982378701
67.8    68.25214003594968
68.8    68.18656678406965
69.8    68.12153083440033
70.8    68.05751309480281
71.8    67.9945022118592
72.8    67.93178392364212
73.9    67.86181745180681
75    67.78965398956743
76.1    67.71468747950506
77.2    67.63693768580393
78.3    67.55684132243958
79.4    67.4751166802138
80.6    67.38517227502983
81.8    67.29563429141376
83    67.2073233791933
84.2    67.12011971290079
85.4    67.03317921787192
86.6    66.94561143938006
87.9    66.849785837975
89.2    66.75386792913628
90.5    66.65911127493492
91.8    66.56600121611851
93.1    66.47451315550842
94.5    66.37795125485145
95.9    66.28382666525184
97.3    66.1922069154477
98.7    66.10248531401226
100    66.02004972062518
102    65.89340734124875
104    65.7656137616523
106    65.63652443381464
108    65.5071633307295
110    65.37845405973283
112    65.25011789442772
114    65.12231249810796
116    64.9951382602813
118    64.8677689257119
120    64.73901010684139
122    64.6082245920912
124    64.47572795776924
126    64.34271397982167
128    64.21044111166135
130    64.0798311739856
132    63.95154420444445
134    63.82549790856842
136    63.700799452650365
138    63.57696141288453
140    63.45421403947082
142    63.33293160659142
144    63.213114721594806
146    63.09456891912368
148    62.97723011856304
150    62.86152447218066
152    62.74866892812156
154    62.64073818435679
156    62.54042558927131
158    62.45067213512295
160    62.374532898616195
162    62.315183797156884
164    62.275688637297165
166    62.258574008092026
168    62.26506144784878
170    62.29473815063562
173    62.37761821121603
176    62.49439274069256
179    62.62978229420648
182    62.76809752118274
185    62.89536788876447
188    63.00010275594251
191    63.073889743663
194    63.11333633476009
197    63.12034133133492
200    63.10029060023801
203    63.059871195496015
206    63.00508475875172
209    62.940777733284726
212    62.87064456774785
215    62.79736011148949
218    62.72259542376924
221    62.64692766179937
224    62.570474950150846
227    62.49361988670424
230    62.41768224940462
233    62.344643555396466
236    62.2758019090479
239    62.211297636176695
243    62.13120487526223
247    62.056493276887096
251    61.9855912916812
255    61.91780447662987
259    61.85348590844233
263    61.79297581154373
267    61.7362075833192
271    61.68272575987616
275    61.63153505156122
279    61.581541637178894
283    61.53170118675771
287    61.4812513362439
291    61.430046568923615
295    61.378225920972355
299    61.325763979462344
303    61.272922537695564
307    61.220312595369116
312    61.15597975180041
317    61.094278499562
322    61.034851222938094
327    60.97550248384127
332    60.91349738614557
337    60.8478028282549
342    60.779788408813346
347    60.711786915302824
352    60.64536358558378
357    60.58126469631074
362    60.52003385411966
367    60.462335168200106
372    60.409200768841686
377    60.36217968328561
383    60.31649262824379
389    60.28570364162928
395    60.27213510049775
401    60.2767180475228
407    60.299928568671234
413    60.341733058110464
419    60.40158902943877
425    60.47876236981183
431    60.57125662045391
437    60.67571695821406
443    60.787947875708845
449    60.90340794012204
456    61.036160211645836
463    61.16157948532593
470    61.27728085263617
477    61.383582250640686
484    61.480627492371624
491    61.565657658441154
498    61.63717298191315
505    61.698130959117464
512    61.7542211612849
519    61.810387919063274
527    61.87684407857898
535    61.94479676769278
543    62.014093877286456
551    62.085908954063875
559    62.16074848715212
567    62.23742025985101
575    62.31346286322438
583    62.38596217205078
592    62.46059790662043
601    62.526946284461864
610    62.585560707141354
619    62.63760689613213
628    62.68430994578033
637    62.72679718591574
646    62.7662453686638
655    62.80361840419089
665    62.8432212170746
675    62.88070275258837
685    62.91604044873074
695    62.94980146772336
705    62.982942455718444
715    63.01654322612285
725    63.051544207165975
736    63.09209035327207
747    63.134446716533574
758    63.17813850266985
769    63.222966223711204
780    63.2690620084352
791    63.316605958305004
803    63.369991209779045
815    63.42454791700803
827    63.480117743656194
839    63.53679700833864
851    63.59473649312815
863    63.654034246635945
876    63.72010258054951
889    63.78855395048224
902    63.85988062269578
915    63.93439299324343
928    64.01206540074429
942    64.09929731670891
956    64.19032376855363
970    64.28480879097009
984    64.38223974617989
998    64.48208862207784
1010    64.5691720034998
1020    64.64253686122305
1030    64.71641651535518
1050    64.8646466533043
1070    65.0115881474834
1090    65.1562661524339
1110    65.29830273418875
1130    65.43794841266075
1150    65.57562034831102
1170    65.7114032808794
1190    65.84591733431171
1210    65.98008416258291
1230    66.11426398331842
1250    66.24842106052604
1270    66.38240686447756
1290    66.51559937680662
1310    66.64734409433012
1330    66.77702657556239
1350    66.90421980295298
1370    67.02880374650613
1390    67.15073986532133
1410    67.27003627160005
1430    67.38689831077966
1450    67.50129711388193
1470    67.61277400314242
1490    67.72121085357506
1510    67.82776285788911
1530    67.93372918432408
1550    68.03965281986828
1570    68.14541659027057
1590    68.2505413410785
1610    68.35531944582966
1630    68.46047772268207
1650    68.56652972291276
1670    68.67349068717361
1690    68.78066331223947
1710    68.8872696490366
1730    68.99351804132877
1760    69.15415163959871
1790    69.31751700332697
1820    69.4826860892781
1850    69.64626443129418
1880    69.80771290936346
1910    69.96998670250503
1940    70.13383518778384
1970    70.2991399571191
2000    70.46460023222625
2030    70.62818928453066
2060    70.79057362558854
2090    70.95262425928232
2120    71.11403145257577
2150    71.27401550192552
2180    71.43098691892584
2210    71.58210137595138
2240    71.72563503648414
2270    71.86265073050143
2300    71.99265290194694
2330    72.11339396373641
2360    72.22298768232798
2390    72.32069900642628
2420    72.40558817698187
2460    72.49452799964352
2500    72.55345835730415
2540    72.58460706821795
2580    72.58892964845649
2620    72.56587860778383
2660    72.51858990591205
2700    72.45222415792276
2740    72.36966598030065
2780    72.27244741587361
2820    72.16437205448787
2860    72.05106147945251
2900    71.93626554585347
2940    71.82248573010494
2980    71.71164437317499
3020    71.60612424347953
3060    71.50924049099004
3100    71.42388913431154
3150    71.33228321530783
3200    71.25281947003472
3250    71.19317009283887
3300    71.15716463843177
3350    71.14396663067762
3400    71.15259202590589
3450    71.18172256690062
3500    71.23161583012217
3550    71.30121120270317
3600    71.3886807486719
3650    71.49018128477951
3700    71.59661896251933
3750    71.70246308267323
3800    71.807307891752
3860    71.92516693618745
3920    72.02623205194816
3980    72.10682972224697
4040    72.16057916357714
4100    72.1882277863761
4160    72.19411369170652
4220    72.18388192723846
4280    72.16413615567353
4340    72.14038464239466
4400    72.115746446559
4460    72.09126332217741
4520    72.07019501602008
4590    72.05578254597859
4660    72.05148875655595
4730    72.05442385811133
4800    72.06254757052987
4870    72.07270742928995
4940    72.07828847590139
5010    72.07660787789519
5080    72.06808624657876
5150    72.04938460761643
5220    72.01819284823262
5300    71.96712398122932
5380    71.9044616284959
5460    71.83362607288579
5540    71.75040819500228
5620    71.65136589346184
5700    71.55279054519417
5780    71.46023073450185
5860    71.37439967010344
5950    71.29175647561556
6040    71.23392363475497
6130    71.21206975061102
6220    71.23242019952596
6310    71.29297835510042
6400    71.38187132370345
6490    71.49007922499479
6580    71.59644268661998
6680    71.68396721044232
6780    71.71716909302758
6880    71.6760694591797
6980    71.54721740345359
7080    71.32911124640889
7180    71.03548370477492
7280    70.68997650228215
7390    70.26803817321064
7500    69.8212484641586
7610    69.38854008242659
7720    68.99127664358534
7830    68.64105738842156
7940    68.33227980996311
8060    68.03294207595728
8180    67.76756740849433
8300    67.53758703241601
8420    67.34889580772877
8540    67.20276050025146
8660    67.08941848016605
8790    66.99179749133702
8920    66.9109139848504
9050    66.84263597538546
9180    66.7912690745203
9310    66.75478194592176
9450    66.73456912968564
9590    66.73389085931026
9730    66.7453478255824
9870    66.75620113411499
10010    66.75449764565397
10160    66.71655200076685
10310    66.61132894730264
10460    66.41632633805698
10610    66.15763307050622
10760    65.90564629118103
10920    65.68941006763202
11080    65.58012699810027
11240    65.57960701206339
11400    65.6479896177651
11570    65.70398737403757
11740    65.71126267409888
11910    65.6789213088547
12080    65.66421364021977
12260    65.74842499345641
12440    65.91223937543444
12620    66.09554071156376
12800    66.12823476645514
12990    65.82979311036857
13180    65.46923656170074
13370    65.12645209596356
13560    65.08104093328492
13760    65.47619711098311
13960    66.33187584005282
14160    67.56723837916184
14370    68.93136204220882
14580    70.0049729353137
14790    70.47295306444371
15010    70.13628934054933
15230    69.33228068717698
15450    68.61714994528144
15670    68.19556058583277
15900    68.07149157985118
16130    68.16310462571063
16360    68.40969396700001
16600    68.79037788498657
16840    68.98870216305782
17080    68.19865854484408
17330    65.88711436517897
17580    63.368736106332705
17840    61.61423549231138
18100    60.5131468033715
18360    59.889342342894324
18630    59.65070963418937
18900    59.66843959527999
19170    59.724623382124655
19450    59.49559816346749
19730    58.76784018455322
20000    58.67830211063266
