20    65.59759875196954
20.3    65.59583447819256
20.6    65.5941095263916
20.9    65.59243661846295
21.2    65.59082115918581
21.5    65.58925010541243
21.8    65.5876783168933
22.1    65.58603351398366
22.4    65.58423328984128
22.7    65.5822036797529
23    65.57989586592888
23.3    65.57729242384028
23.6    65.57440655244673
23.9    65.57127475453038
24.2    65.56794584311884
24.6    65.56328464392888
25    65.55844571551985
25.4    65.55344953688922
25.8    65.5482351837256
26.2    65.5426835597251
26.6    65.53667460029007
27    65.53015389926198
27.4    65.52316373747519
27.8    65.51581600862995
28.2    65.50823442653052
28.6    65.50050643178594
29    65.49266278699821
29.4    65.48468644141337
29.8    65.4765349957807
30.2    65.46817040623253
30.6    65.45957992404267
31    65.45077870887724
31.5    65.43953394629031
32    65.42809140062603
32.5    65.41651252841493
33    65.40483334166333
33.5    65.39306698538181
34    65.38120567225185
34.5    65.36922719307535
35    65.35710361115109
35.5    65.34481165140247
36    65.33233869091003
36.5    65.31967650654917
37    65.30681005003727
37.5    65.29371404973057
38    65.28036301455523
38.6    65.26398562292451
39.2    65.24722048102024
39.8    65.23007879852682
40.4    65.21257599689018
41    65.19474316201055
41.6    65.1766320399094
42.2    65.15830462120755
42.8    65.13981455805575
43.4    65.12120149939872
44    65.10249123163526
44.6    65.08368783601712
45.2    65.0647640248244
45.9    65.04246263824757
46.6    65.0198285351675
47.3    64.99678484997901
48    64.97330424559917
48.7    64.9494353193886
49.4    64.9253006859874
50.1    64.9010537243827
50.8    64.87683201686403
51.5    64.85273888311835
52.2    64.828833888871
53    64.80174664504148
53.8    64.77484481300736
54.6    64.74804693037612
55.4    64.72126834904071
56.2    64.69439643829048
57    64.66732084283882
57.8    64.64000477158996
58.6    64.61250276829193
59.5    64.58148290058408
60.4    64.5505481533816
61.3    64.51980907799401
62.2    64.48926963120326
63.1    64.45882998942436
64    64.4282944098671
64.9    64.39740287621949
65.8    64.36589674619127
66.8    64.32993739653037
67.8    64.29285653375126
68.8    64.25467781077566
69.8    64.21554959081193
70.8    64.17570663039334
71.8    64.13542697315395
72.8    64.09497652909195
73.9    64.05054910244002
75    64.0064418973848
76.1    63.962942547515176
77.2    63.92043370888377
78.3    63.87940227139698
79.4    63.840374902712
80.6    63.80060084007235
81.8    63.76403606455693
83    63.73065573525541
84.2    63.70017340078312
85.4    63.672009145245575
86.6    63.64522701851011
87.9    63.61635585198535
89.2    63.58606203742545
90.5    63.55304098081504
91.8    63.51648672491233
93.1    63.47607622590766
94.5    63.4283438594919
95.9    63.37670499484639
97.3    63.321853188030175
98.7    63.264637730178976
100    63.21024317865731
102    63.126196982857586
104    63.044386537621556
106    62.96713494918475
108    62.895794129086795
110    62.83111564443443
112    62.7736416892714
114    62.72346381464108
116    62.67976559238119
118    62.641257286520684
120    62.607296378566254
122    62.5788072460562
124    62.558059115986026
126    62.547810378633635
128    62.55047128970597
130    62.56715123450897
132    62.59696387270441
134    62.63700689233016
136    62.68294142120381
138    62.72990326511837
140    62.773380019119344
142    62.80986019211105
144    62.83713193907886
146    62.85420915575513
148    62.86106386468067
150    62.85832714158822
152    62.84703464977871
154    62.828462832448565
156    62.80401622676074
158    62.77507640108099
160    62.74282463198746
162    62.70814824728272
164    62.67165358631752
166    62.633766043695225
168    62.59481535212257
170    62.555080720272585
173    62.494562562283754
176    62.43370293300794
179    62.37342802137546
182    62.314638051914336
185    62.257878884245244
188    62.2032450809145
191    62.15064291935736
194    62.10014907202088
197    62.05237670919605
200    62.00861659445956
203    61.97067224862491
206    61.9404674163668
209    61.91959868835205
212    61.90894860913418
215    61.90835323603845
218    61.91644621173651
221    61.93083563649475
224    61.94851580709199
227    61.96638421785172
230    61.98176845545213
233    61.992725816163215
236    61.99801069710303
239    61.996912797339505
243    61.98516888179164
247    61.96236057347539
251    61.930056205310365
255    61.890071000353984
259    61.84411459505104
263    61.79378618395799
267    61.740542846988404
271    61.685711623189405
275    61.63050586742735
279    61.575843774157455
283    61.522097271469256
287    61.46916726831614
291    61.4168767932466
295    61.36512237253931
299    61.31373955871371
303    61.262475292930986
307    61.21110142812482
312    61.146553216303005
317    61.08168370243581
322    61.016989500188316
327    60.95355343967354
332    60.893008037226636
337    60.8376044449833
342    60.790922291946245
347    60.75824090183302
352    60.74613936459653
357    60.76178134197801
362    60.81194400089662
367    60.901734872972305
372    61.03328647813848
377    61.20474940656051
383    61.45417122324214
389    61.734844426513334
395    62.02636123679174
401    62.30875761206934
407    62.56598246084886
413    62.78802191956915
419    62.971236528672236
425    63.11734359524151
431    63.231700329758894
437    63.32133216420976
443    63.39317729838874
449    63.45301035901946
456    63.51337800432622
463    63.56842185045316
470    63.622343445720276
477    63.67893906073482
484    63.741404173394834
491    63.81184596092252
498    63.89122435032674
505    63.979480462325725
512    64.07563834133612
519    64.17814736626093
527    64.30082768862053
535    64.42694174878996
543    64.55404392681501
551    64.67973146517625
559    64.80164605203491
567    64.91757546763804
575    65.0256876874638
583    65.12486378770359
592    65.22544498132916
601    65.31505594724582
610    65.39510177637563
619    65.46731088379182
628    65.53333294018069
637    65.59437688051983
646    65.6510609771833
655    65.70356661142563
665    65.75691985246364
675    65.80483563589283
685    65.84736124370656
695    65.88500148188476
705    65.91883380397653
715    65.95029786066145
725    65.98077819313654
736    66.014468081133
747    66.04948286364404
758    66.08681098623788
769    66.12687060551647
780    66.16936908062812
791    66.21368329084537
803    66.26347948798781
815    66.31439009451769
827    66.36633394878197
839    66.41950927854151
851    66.47398856094907
863    66.52943708773994
876    66.58995258243402
889    66.65041576329284
902    66.71070658362119
915    66.7711131222939
928    66.83214708935112
942    66.89923451595472
956    66.96836088060937
970    67.04003983861213
984    67.1144644819678
998    67.19146390124718
1010    67.25917314065117
1020    67.31648752161884
1030    67.3743315986524
1050    67.49078357665167
1070    67.6072553195481
1090    67.72254409980266
1110    67.83584573718088
1130    67.94692894104377
1150    68.05593170465201
1170    68.16297649508358
1190    68.26811625913717
1210    68.37138880559112
1230    68.47274751771418
1250    68.57179912114685
1270    68.66795896491291
1290    68.76085976591946
1310    68.85062106618113
1330    68.93770998149338
1350    69.02255626879673
1370    69.10555565102084
1390    69.18737282757567
1410    69.2689053030307
1430    69.35091743126785
1450    69.43377490136186
1470    69.51782469287858
1490    69.60330108313245
1510    69.69003634814077
1530    69.77752041919014
1550    69.86518034240125
1570    69.9525714141804
1590    70.0393228323678
1610    70.12504816303131
1630    70.20940923093846
1650    70.29225178009418
1670    70.37358740896244
1690    70.4535571464877
1710    70.53232295633404
1730    70.60997736787164
1760    70.72436099419926
1790    70.83536890704153
1820    70.94183338030555
1850    71.04334957527132
1880    71.13954701772383
1910    71.22984849677879
1940    71.3137377804994
1970    71.39085743901948
2000    71.46095535143934
2030    71.52371898065357
2060    71.5785762462481
2090    71.62480490848307
2120    71.66181085841602
2150    71.68995582834026
2180    71.70973718924785
2210    71.72119438125554
2240    71.72397473389759
2270    71.71764476559463
2300    71.70237116640271
2330    71.67893356370493
2360    71.64798496224749
2390    71.60989296120978
2420    71.56520132969627
2460    71.49684134286437
2500    71.42019676027249
2540    71.33632395464116
2580    71.24711825161617
2620    71.1553295298925
2660    71.06271908435698
2700    70.97052146290105
2740    70.88028476059394
2780    70.79368519005837
2820    70.71207673581138
2860    70.63648307325039
2900    70.56816332979895
2940    70.50790750573108
2980    70.45598326232505
3020    70.41276150676327
3060    70.37868943470912
3100    70.3540796029393
3150    70.33709203712294
3200    70.33583608441674
3250    70.35027891189443
3300    70.37979615372163
3350    70.42359320965132
3400    70.4808633579575
3450    70.55079593441799
3500    70.6324426405508
3550    70.7251977374811
3600    70.82928122768679
3650    70.9445702787786
3700    71.06954768935178
3750    71.20131029838998
3800    71.33560557864934
3860    71.49162485808323
3920    71.63019283791886
3980    71.7377639986826
4040    71.79742836007415
4100    71.7887859532762
4160    71.69197588898851
4220    71.49360910101754
4280    71.19296545893934
4340    70.8036302620381
4400    70.3494178071854
4460    69.85823080037908
4520    69.35639614121564
4590    68.78506286057575
4660    68.25011117116489
4730    67.76631740097355
4800    67.34590514152029
4870    67.00169757056264
4940    66.74831888731109
5010    66.60124896496175
5080    66.5747187438067
5150    66.68043751638214
5220    66.92741193555918
5300    67.3888564250253
5380    68.0359054608671
5460    68.84648407754263
5540    69.77358062919313
5620    70.73794481169728
5700    71.63277156725101
5780    72.3474573311666
5860    72.80419946160532
5950    72.99319888561914
6040    72.91204854024281
6130    72.6813997572076
6220    72.41228306392023
6310    72.17685813389971
6400    72.00953117829243
6490    71.91664771998438
6580    71.88634914361148
6680    71.89761682442796
6780    71.91563228475232
6880    71.8987097506681
6980    71.81432563375685
7080    71.64513457748298
7180    71.38719690238429
7280    71.04577098456502
7390    70.58929660496524
7500    70.07462237987366
7610    69.53749529593647
7720    69.02172107714021
7830    68.56677881107396
7940    68.19093292279476
8060    67.87299272709751
8180    67.65073087001309
8300    67.52441742923574
8420    67.48657141545884
8540    67.52072524203885
8660    67.59728193604988
8790    67.6762214357276
8920    67.69325885539008
9050    67.6157202052338
9180    67.44023829499882
9310    67.16573108632326
9450    66.754068232812
9590    66.23083434708204
9730    65.63040642577245
9870    65.00256108096696
10010    64.39562264183292
10160    63.806117712567485
10310    63.294105773844734
10460    62.8581033718434
10610    62.495982604518495
10760    62.19982238473095
10920    61.933183757919394
11080    61.70893279730749
11240    61.540223849894765
11400    61.44113505061594
11570    61.42254158050415
11740    61.48666589045
11910    61.601999378658135
12080    61.739568989102395
12260    61.91479487549658
12440    62.12949749150039
12620    62.35472491198662
12800    62.50679240255825
12990    62.43044489246749
13180    61.98837358150648
13370    61.21442716723035
13560    60.18015219923794
13760    58.817901378932135
13960    57.282190992871875
14160    55.796394696389406
14370    54.42043830699601
14580    53.17807168576789
14790    51.998326781372526
15010    50.846268024701395
15230    49.68472498521022
15450    48.23913856692664
15670    46.52737601103027
15900    44.96290220779615
16130    44.038766208755476
16360    43.59640612574188
16600    43.16696169897223
16840    42.51309541249023
17080    41.61323587113058
17330    40.56409004936548
17580    40.76641464413382
17840    42.95981844472288
18100    44.68076014981126
18360    44.78231425083224
18630    44.451833716881325
18900    44.52712342599135
19170    44.950340727813995
19450    45.57062372705178
19730    45.98810805967565
20000    46.01912651146954
