20    67.9382732447909
20.3    67.95268104449774
20.6    67.96669415210272
20.9    67.98010127323452
21.2    67.99273728417279
21.5    68.00455808468084
21.8    68.01565447237454
22.1    68.02620832279533
22.4    68.03641323638519
22.7    68.0464012877142
23    68.05622072272189
23.3    68.06585494091351
23.6    68.07527258040966
23.9    68.08447305847483
24.2    68.0935004883941
24.6    68.10537784317339
25    68.11713663870952
25.4    68.12864579724987
25.8    68.13959260370497
26.2    68.14967545869791
26.6    68.15883107643734
27    68.16733427186497
27.4    68.17569135982211
27.8    68.1844012094668
28.2    68.1937363705128
28.6    68.20366463647225
29    68.21392274896536
29.4    68.2241603159388
29.8    68.23405693754373
30.2    68.24336997631096
30.6    68.25193136318003
31    68.2596419951563
31.5    68.26805514404873
32    68.27521034912137
32.5    68.28132152135456
33    68.28663693218735
33.5    68.29135551116761
34    68.29558670321578
34.5    68.29937427572588
35    68.30275134259665
35.5    68.30576870633294
36    68.30846456398838
36.5    68.31081649887179
37    68.31275086043206
37.5    68.31421488239437
38    68.31521234278961
38.6    68.31580380262956
39.2    68.31566507102659
39.8    68.31472951273508
40.4    68.3130952470913
41    68.31091587590903
41.6    68.30814071071546
42.2    68.3045185391668
42.8    68.29981589957976
43.4    68.29381097886184
44    68.28608604202881
44.6    68.27612131165787
45.2    68.26382502711971
45.9    68.24764510189144
46.6    68.23181858775547
47.3    68.2185892939137
48    68.2088298971524
48.7    68.20190851649316
49.4    68.19643323862626
50.1    68.19104725251094
50.8    68.18487096212843
51.5    68.1776227634931
52.2    68.16943912632178
53    68.15913063279814
53.8    68.14762909375524
54.6    68.13447726398206
55.4    68.1193336336776
56.2    68.10220202660997
57    68.08337162466772
57.8    68.06321551721666
58.6    68.04204299387604
59.5    68.01731620804324
60.4    67.99199586658838
61.3    67.96655317314183
62.2    67.94150177954835
63.1    67.91729421850283
64    67.89419744804003
64.9    67.87219718920787
65.8    67.85097446658438
66.8    67.82761957120107
67.8    67.80362129672486
68.8    67.7781477225618
69.8    67.75059221275535
70.8    67.72063141835707
71.8    67.68818945175423
72.8    67.65335562212573
73.9    67.61251679370616
75    67.56938117543169
76.1    67.5243230606282
77.2    67.4776971214934
78.3    67.42983341837935
79.4    67.38105244486269
80.6    67.32719162234677
81.8    67.27314045705373
83    67.21943098768426
84.2    67.1666059381002
85.4    67.11518724487132
86.6    67.0656281098639
87.9    67.01443361738224
89.2    66.96608477486677
90.5    66.92062121211514
91.8    66.87781216746272
93.1    66.83711560996153
94.5    66.79466977715474
95.9    66.75234535815174
97.3    66.70874583018991
98.7    66.66268654484224
100    66.61703778952835
102    66.54093024852065
104    66.45808849227052
106    66.36961364216603
108    66.27689802296473
110    66.181188791641
112    66.08357579135404
114    65.98486715022378
116    65.88536957919345
118    65.78496068286938
120    65.68327255441524
122    65.57959460736635
124    65.4731902095755
126    65.36364476890694
128    65.25069880770366
130    65.13429556732903
132    65.01487459219021
134    64.89344780355461
136    64.77146218283474
138    64.65064864837768
140    64.53293536735585
142    64.42044502462255
144    64.31553188942587
146    64.22059974738697
148    64.13777522231135
150    64.06856927033286
152    64.0136220454851
154    63.97258702465979
156    63.94408486147839
158    63.925818227121006
160    63.91498675139873
162    63.90886238726782
164    63.90533932673432
166    63.903184379374466
168    63.901852136357455
170    63.901082622420304
173    63.89998254350069
176    63.896200549402224
179    63.884950692976055
182    63.860338173059546
185    63.81714579737434
188    63.75259811081164
191    63.66721583968416
194    63.56442540731061
197    63.44938752455447
200    63.32761508401373
203    63.20388291084858
206    63.08159677738129
209    62.96282426500645
212    62.84874555103179
215    62.73987164534576
218    62.636023614635356
221    62.53652831145375
224    62.44067115633102
227    62.34795098289566
230    62.258102564969434
233    62.17108877136731
236    62.08705352595334
239    62.006304514768075
243    61.904589873708495
247    61.8108953515529
251    61.726361025331116
255    61.65172991250575
259    61.58737894640335
263    61.53321843378927
267    61.48848161281384
271    61.45179267469846
275    61.421361633229736
279    61.39524808747777
283    61.37165759998576
287    61.34913456933633
291    61.32663629104695
295    61.30357057491734
299    61.27978012424926
303    61.2554155785202
307    61.230759545781
312    61.2000628253472
317    61.17015128975055
322    61.14158938339132
327    61.11472051647661
332    61.0895347250506
337    61.065871526577766
342    61.0437267618112
347    61.02301942216981
352    61.0032335975264
357    60.98361158934966
362    60.963653465135366
367    60.943499305583245
372    60.92402879375714
377    60.90650425701272
383    60.889771134868326
389    60.87998935089423
395    60.88075070867556
401    60.89693396212492
407    60.93360848180673
413    60.994195091365725
419    61.07846056657684
425    61.182632716618016
431    61.301171340496694
437    61.42812411125587
443    61.55771514299917
449    61.685031212234804
456    61.8261264613227
463    61.956692131111815
470    62.07656625920157
477    62.18673448490074
484    62.28797944909488
491    62.380629474702154
498    62.46489191367816
505    62.54109427859497
512    62.609903594372526
519    62.672434730509124
527    62.738013756521525
535    62.79923981623601
543    62.85754442930251
551    62.913749565178264
559    62.96842005590983
567    63.02206796054588
575    63.07486740869038
583    63.126349154468265
592    63.18131460300317
601    63.231344280155625
610    63.27513748309507
619    63.3125975428437
628    63.34465590672736
637    63.37260960945723
646    63.397488574650325
655    63.41976629547113
665    63.44155826911021
675    63.46068235209558
685    63.47887177936293
695    63.49920348039253
705    63.525408395146975
715    63.56075916569281
725    63.607100945824484
736    63.67060882020115
747    63.7444797602152
758    63.824161801193945
769    63.90498865231352
780    63.98340405726086
791    64.05731042046654
803    64.13178177014922
815    64.20010993481702
827    64.26363527773947
839    64.32401129687145
851    64.38272657837189
863    64.44111641207499
876    64.50522294055446
889    64.5710327988173
902    64.63902556189635
915    64.7092232869575
928    64.78131438394391
942    64.86076103878814
956    64.94194108457198
970    65.02473502368797
984    65.10915687436898
998    65.19532084332116
1010    65.27055472345631
1020    65.33405425009546
1030    65.39803624756307
1050    65.52658586998386
1070    65.6551527494558
1090    65.7833123956512
1110    65.91092085022945
1130    66.03803384539589
1150    66.16449497685267
1170    66.29032638541585
1190    66.4162513790709
1210    66.54326623753252
1230    66.67144210119685
1250    66.80047323757248
1270    66.93032206450798
1290    67.0611266657003
1310    67.19301690105225
1330    67.32590703664175
1350    67.45969080424976
1370    67.5945027476239
1390    67.73025382378123
1410    67.86617612739039
1430    68.00128635656819
1450    68.13509566745182
1470    68.26774420907476
1490    68.39928213184058
1510    68.52933777607565
1530    68.65760701438062
1550    68.78427103758455
1570    68.9097480939859
1590    69.03432523267861
1610    69.15828356175749
1630    69.28176739118013
1650    69.40462939747285
1670    69.5264020998482
1690    69.6465718558152
1710    69.76482813868961
1730    69.88117014497723
1760    70.0526728615694
1790    70.22075134296162
1820    70.38483088675405
1850    70.54443759731068
1880    70.6996575252206
1910    70.85081317317582
1940    70.99789808353137
1970    71.14074312367883
2000    71.27939172265516
2030    71.41422736338825
2060    71.54607813654178
2090    71.67564921749667
2120    71.80330184726867
2150    71.92937891169402
2180    72.05369474560275
2210    72.17578596376914
2240    72.29538886908412
2270    72.41252534261895
2300    72.52721388538839
2330    72.63940705194466
2360    72.74917265504466
2390    72.85677509348795
2420    72.96226461376457
2460    73.0985973610288
2500    73.22850767103522
2540    73.35123383294072
2580    73.46713252637517
2620    73.5765602777214
2660    73.6799824941356
2700    73.7783242120245
2740    73.87228313777855
2780    73.96156043365303
2820    74.04441230089715
2860    74.11818061439925
2900    74.17942444752192
2940    74.22272443275645
2980    74.24087779166439
3020    74.22709031407467
3060    74.17663175739816
3100    74.0880261137977
3150    73.92938890189237
3200    73.73443148178988
3250    73.52633230636835
3300    73.32698869872029
3350    73.15203705594877
3400    73.00986216099581
3450    72.90108743614053
3500    72.82151856667217
3550    72.7655022699183
3600    72.72580606459566
3650    72.69192656659743
3700    72.65067490551169
3750    72.58769536618738
3800    72.48863556670358
3860    72.30551775606136
3920    72.04263325139124
3980    71.70060051535523
4040    71.28887019001941
4100    70.82186115194054
4160    70.31516464291914
4220    69.78517071083542
4280    69.24836990637613
4340    68.72171099094051
4400    68.22477925254563
4460    67.77879716279836
4520    67.40460077079922
4590    67.0835436614802
4660    66.90579726580896
4730    66.87858170255085
4800    66.99552842866812
4870    67.23796969559035
4940    67.57853715712785
5010    67.98743353503276
5080    68.43571830463388
5150    68.89472933459427
5220    69.33503753857639
5300    69.77713673713673
5380    70.11724427876919
5460    70.32831682300693
5540    70.38837907372873
5620    70.28750318110642
5700    70.06198676459618
5780    69.7893189018153
5860    69.53256541972334
5950    69.28446466952383
6040    69.07375566281141
6130    68.90076680007618
6220    68.7668782882563
6310    68.6722269332343
6400    68.62002570198072
6490    68.61346815429854
6580    68.65167936549034
6680    68.7388352192654
6780    68.85810170258699
6880    68.99124088323497
6980    69.11896289705918
7080    69.22300009125273
7180    69.28734916904457
7280    69.3008214225483
7390    69.25191329150293
7500    69.1369534795208
7610    68.9606250080543
7720    68.73275080648024
7830    68.46821882198438
7940    68.19708436042859
8060    67.9429545740697
8180    67.75155070970114
8300    67.60712427300894
8420    67.50473718779517
8540    67.4451500439595
8660    67.41608044668484
8790    67.39015317975299
8920    67.3333752201044
9050    67.213452074098
9180    67.00959406008411
9310    66.717917967554
9450    66.32756154014766
9590    65.90354741050547
9730    65.48626952296462
9870    65.09319723459727
10010    64.72526348713015
10160    64.33965219017549
10310    63.92793810324406
10460    63.486790560214004
10610    63.05999011351199
10760    62.6838710302367
10920    62.365607027361094
11080    62.16409905678388
11240    62.07855173116147
11400    62.07813922446348
11570    62.11803531163349
11740    62.13230563692789
11910    62.05927568379868
12080    61.86615276669675
12260    61.51725934212186
12440    61.014602746598044
12620    60.387090753179876
12800    59.71010091807169
12990    59.03553705793469
13180    58.47662704616417
13370    58.08071829041555
13560    57.86905315523613
13760    57.84134459559948
13960    57.995730278809404
14160    58.31644787272606
14370    58.79519412330593
14580    59.299229799157835
14790    59.61716446871611
15010    59.59379217160909
15230    59.233386539114164
15450    58.57478947464726
15670    57.51465232667998
15900    55.89100812892542
16130    54.05370707426498
16360    52.49124622319426
16600    51.065890878779186
16840    49.57656071041055
17080    48.146712990897626
17330    46.76904551147566
17580    45.48157920596098
17840    44.181508468137864
18100    42.8990823302382
18360    41.683051663624155
18630    40.540422926270125
18900    39.56079834863353
19170    38.8446686969783
19450    38.536174268782304
19730    38.701521539378334
20000    38.961910072900004
