21.564744911147983    9.92096366894754
22.342105338792962    10.09086326979472
23.147487856982387    10.200798305637015
23.981902598893324    10.100857363962202
24.846396110726083    9.84101091560769
25.74205266431163    9.6211408439231
26.66999561703555    9.45124124307592
27.631388820784082    9.361294395568589
28.627438081679585    9.301329830563702
29.659392672436187    9.321318018898662
30.72854689923237    9.381282583903552
31.836241725065783    9.45124124307592
32.9838664516264    9.421258960573475
34.17286046179743    9.37128848973607
35.40471502496929    9.331312113066147
36.680975167431285    9.271347548061257
38.00324161018659    9.20138888888889
39.37317277662101    9.131430229716521
40.7924868725439    9.04148338220919
42.26296404120957    8.971524723036818
43.7864485960227    8.90156606386445
45.36485133372738    8.81161921635712
47.000151930981666    8.711678274682306
48.6944014273232    8.621731427174975
50.449724797640116    8.531784579667644
52.268323617373454    8.431843637992834
54.152478823794766    8.301920413815576
56.1045535768209    8.162003095470837
58.12699622295495    8.002097588791138
60.22234336607069    7.842192082111438
62.39322304889178    7.672292481264254
64.64235804915614    7.522381068752036
66.97256929459934    7.34248737373737
69.3867794010411    7.1525995845552295
71.88801633801118    6.952717701205604
74.47941722651306    6.752835817855978
77.1642322736885    6.532965746171392
79.9458288493179    6.303101580319321
82.82769570926908    6.0732374144672505
85.81344737119203    5.82338506028022
88.90682864794775    5.573532706093189
92.11171934445673    5.29369806940371
95.43213912385811    5.013863432714242
98.87225254908327    4.744022890192241
102.43637430616668    4.484176441837732
106.12897461584522    4.194347710980772
109.9546848402331    3.8945248859563364
113.91830329160577    3.5547256842619745
118.02480125057653    3.164956011730208
122.27932920121465    2.7751863391984344
126.68722329092664    2.4353871375040725
131.25401202320037    2.145558406647112
135.98542319160825    2.015635182469861
140.88739106376548    2.095587935809707
145.9660638242533    2.3054639133268147
151.22781128584353    2.5053457966764405
156.67923287869544    2.6352690208536984
162.32716592754429    2.725215868361026
168.17869422726457    2.7352099625285113
174.24115692756268    2.6252749266862168
180.5221577379431    2.4453812316715506
187.02957446449196    2.2055229716520017
193.77156889044105    1.9756588057999345
200.75659701290402    1.7557887341153453
207.9934196486229    1.5459127565982378
215.4911134220284    1.3460308732486155
223.25908214939534    1.1561430840664713
231.30706863336982    0.9962375773867649
239.64516688266522    0.8863025415444739
248.2838347722471    0.7863615998696645
257.2339071598927    0.7164029406973
266.5066094755703    0.6264560931899652
276.1135718006865    0.5165210573476742
286.0668434548579    0.3965919273378944
296.3789081085026    0.28665689149560336
307.0626994402089    0.16672776148583068
318.1316173585128    0.0467986314760509
329.59954480843845    -0.08312459270120343
341.4808651838731    -0.19305962854350156
353.7904803676206    -0.3029946643857997
366.54382942175783    -0.3929415118931274
379.7569079517349    -0.4529060768980173
393.4462881685113    -0.4928824535679368
407.62913967388147    -0.4529060768980173
422.32325099506977    -0.4129297002280907
437.54705189559536    -0.31298875855327424
453.3196364903949    -0.19305962854350156
469.6607871941936    -0.08312459270120343
486.59099953315854    0.03680453730856925
504.1315078509619    0.16672776148583068
522.3043119414816    0.30664507983055955
541.1322046415593    0.4565564923427843
560.6388004184083    0.6264560931899652
580.8485649875369    0.8663143532095177
601.7868459983301    1.1261608015640263
623.4799048257751    1.386007249918542
645.9549495082127    1.6158714157706093
669.2401688724123    1.8457355816226766
693.3647678887868    2.0356233708048244
718.3590043010777    2.2055229716520017
744.25422657646    2.325452101661778
771.0829132236636    2.425393043336591
798.8787135284197    2.5453221733463636
827.6764897573373    2.6352690208536984
857.5123608831227    2.7452040566959894
888.4237478860058    2.8751272808732473
920.4494206881722    3.025038693385465
953.6295467800801    3.224920576735091
988.0057415996457    3.4547847425871616
1023.6211207274805    3.664660720104269
1060.5203539636598    3.8945248859563364
1098.7497213538206    4.1143949576409256
1138.3571712348926    4.344259123492993
1179.3923803732307    4.574123289345064
1221.9068162706012    4.803987455197131
1265.9538017161562    5.013863432714242
1311.5885816653563    5.233733504398828
1358.8683925297344    5.453603576083413
1407.852533964399    5.663479553600524
1458.60244324331    5.873355531117625
1511.181772315617    6.083231508634736
1565.656467639709    6.323089768654285
1622.0948528950958    6.54295984033887
1680.5677146758742    6.812800382860868
1741.1483912732315    7.09263501955034
1803.912864658391    7.40245193874226
1868.939855781304    7.752245234604107
1936.310923304659    8.132020812968396
2006.1105658970275    8.541778673835125
2078.426328213447    8.951536534701859
2153.3489106963693    9.43125305474096
2230.972283334661    9.910969574780058
2311.3938035234096    10.400680188986641
2394.714338172258    10.900384897360706
2481.038390215497    11.380101417399807
2570.4742296825557    11.819841560768978
2663.1340294932893    12.149646668295862
2759.13400614836    12.349528551645488
2858.594565491238    12.35952264581297
2961.640453724541    12.239593515803193
3068.4009138702013    12.05969982078853
3179.0098478696605    11.819841560768978
3293.6059845274144    11.579983300749433
3412.3330535085474    11.320136852394917
3535.3399656084525    11.100266780710328
3662.7809995209386    10.920373085695665
3794.8159953388363    10.770461673183448
3931.610555029898    10.680514825676116
4073.336250139398    10.650532543173671
4220.170836979941    10.670520731508635
4372.298479578385    10.740479390681003
4529.909980659459    10.820432144020852
4693.203020955903    10.880396709025742
4862.3824071451145    10.880396709025742
5037.660328723388    10.790449861518411
5219.256624139897    10.600562072336267
5407.399056524192    10.31073334147931
5602.323599353069    9.970934139784944
5804.274732415034    9.601152655588141
6013.505748443725    9.20138888888889
6230.279070804662    8.751654651352233
6454.866582633958    8.251949942978168
6687.549967841709    7.782227517106552
6928.621064407802    7.352481467904855
7178.382230413245    6.952717701205604
7437.146723266039    6.632906687846205
7705.239092597417    6.3830543336591745
7982.995587320979    6.093225602802214
8270.764577365451    5.653485459433039
8568.906990609948    5.173768939393938
8877.79676556977    4.813981549364616
9197.82132040052    4.664070136852395
9529.382038808662    4.863952020202021
9872.89477347825    5.233733504398828
10228.79036764488    5.433615387748453
10597.515195471273    5.313686257738677
10979.531721902193    4.963892961876834
11375.31908270084    4.664070136852395
11785.37368539431    4.744022890192241
12210.209831881615    5.393639011078523
12605.640583245948    6.44052037512219
13013.877460080455    7.572351539589441
13482.998397488724    8.092044436298469
13969.030086868455    7.692280669599217
14472.582122696149    6.922735418703159
14994.286073954576    6.13320197947214
15534.796276264213    5.433615387748453
16094.790652569185    4.843963831867054
16616.024541947507    4.029445157217335
16853.070320914332    3.05502097588791
17093.497817402378    1.918192764336915
17202.80630504457    0.6264560931899652
17434.105501696366    -1.1567758518363362
17584.69162680311    -2.6790905527044657
17709.67986954504    -3.8908744705115694
17797.69985655354    -5.2300830889540535
17924.202116424145    -6.589279895731508
17994.16121494397    -7.876019519794724
18154.176338223937    -9.187744379276637
18315.614414170188    -10.53694709188661
18348.073895236863    -11.748731009693714
18491.580390936007    -13.20537023460411
18609.829254231267    -14.622033082844581
18728.83428835536    -16.043692978168792
18875.318839954507    -17.774336951504296
18942.280935605453    -18.83204525089606
19500   -20