20    72.46017645188726
20.3    72.46535932153088
20.6    72.47030614972991
20.9    72.47483489606074
21.2    72.47878423687277
21.5    72.48206369462295
21.8    72.48467406165884
22.1    72.4867029847999
22.4    72.4883058493455
22.7    72.48965168816679
23    72.49086693938513
23.3    72.49199168434357
23.6    72.49296450597672
23.9    72.4936415266012
24.2    72.49384144668551
24.6    72.49308065580048
25    72.49092072073529
25.4    72.48731298006257
25.8    72.48238249150074
26.2    72.47633035459285
26.6    72.46935005816417
27    72.4615835281209
27.4    72.45312680545939
27.8    72.44404990491226
28.2    72.43441205314844
28.6    72.4242648233259
29    72.41364578734112
29.4    72.40257309222257
29.8    72.39103643205647
30.2    72.37899958576162
30.6    72.36642216308871
31    72.35328371929947
31.5    72.33609854555266
32    72.3181631970306
32.5    72.29960602037914
33    72.28054909506594
33.5    72.26111878725943
34    72.24145488356149
34.5    72.2216749405559
35    72.2018195790096
35.5    72.18185925919721
36    72.1617675547396
36.5    72.14156072128651
37    72.12124073860974
37.5    72.10072285221347
38    72.07986197746015
38.6    72.05421965426282
39.2    72.02782742290131
39.8    72.00059626267233
40.4    71.97234720405316
41    71.9428721522228
41.6    71.91208227220332
42.2    71.88006200736123
42.8    71.84702862466429
43.4    71.81327185418928
44    71.779098582811
44.6    71.74476693855308
45.2    71.71041654452753
45.9    71.67029068064437
46.6    71.62992774146792
47.3    71.589194854618
48    71.54805619604511
48.7    71.50634696083534
49.4    71.46378922311052
50.1    71.42037916757062
50.8    71.37647357152022
51.5    71.33228530417593
52.2    71.28754662082021
53    71.23526732274448
53.8    71.18180867123543
54.6    71.12794376724224
55.4    71.07464907428567
56.2    71.02256980308894
57    70.97192506046122
57.8    70.92247049889251
58.6    70.87340507827116
59.5    70.81756189857965
60.4    70.76024776787176
61.3    70.70113581732943
62.2    70.64020837410237
63.1    70.57754285476301
64    70.51309557793412
64.9    70.44694768057619
65.8    70.37966798926793
66.8    70.30478206222492
67.8    70.23095771021562
68.8    70.15860190723622
69.8    70.08723652655209
70.8    70.01599008886129
71.8    69.94415303707095
72.8    69.87146541569503
73.9    69.79072287318603
75    69.70962400499889
76.1    69.62841360988368
77.2    69.5469347957615
78.3    69.46482399438848
79.4    69.38161674902771
80.6    69.28923516387496
81.8    69.19519891375798
83    69.09986614750646
84.2    69.00378376013478
85.4    68.90748879333256
86.6    68.81128173018124
87.9    68.70717680640826
89.2    68.60301159368618
90.5    68.49876072095486
91.8    68.3946026540356
93.1    68.29086922576687
94.5    68.18005603431573
95.9    68.07048571868185
97.3    67.96244510115649
98.7    67.85633742124695
100    67.75984183067555
102    67.61530149104492
104    67.47525619635934
106    67.33882637935292
108    67.20440159085092
110    67.06996229202448
112    66.93468027324289
114    66.79978752178994
116    66.66715205818008
118    66.53819870711436
120    66.41327933825298
122    66.29170365881424
124    66.17223523832425
126    66.0533121018766
128    65.93344975978887
130    65.81178839032026
132    65.6882839984035
134    65.56332131739254
136    65.43734653601325
138    65.30923972497465
140    65.1773269174969
142    65.04132244811143
144    64.90131854640367
146    64.75785092048089
148    64.61233520417875
150    64.46788971802604
152    64.3296665714487
154    64.20328745629837
156    64.093815350971
158    64.0050952290772
160    63.93991905828596
162    63.90043362032556
164    63.88764440270067
166    63.90120814425376
168    63.93964301015621
170    64.00044131693627
173    64.12493853463164
176    64.27348881793392
179    64.42670735925635
182    64.56800552144048
185    64.68621535480395
188    64.77495657298363
191    64.8322403117777
194    64.8594247279969
197    64.85962439604839
200    64.83673712151923
203    64.79513629216854
206    64.73920539944066
209    64.67263349234294
212    64.59857164540168
215    64.51980944173965
218    64.4387064271182
221    64.35727957010651
224    64.27728267273099
227    64.2001992787099
230    64.12721482036156
233    64.05909999407798
236    63.99614196050972
239    63.93814926321882
243    63.86766480023975
247    63.803527821265355
251    63.74390562019974
255    63.68718388710568
259    63.63177765870265
263    63.57603007788774
267    63.51889735748765
271    63.46043377493176
275    63.401101083682235
279    63.3409802511709
283    63.279880423331164
287    63.21767130105519
291    63.15452810153427
295    63.09099240972801
299    63.0277770970136
303    62.96541139473616
307    62.90408091779343
312    62.82864799584759
317    62.754243485525166
322    62.68070712569553
327    62.60822992594515
332    62.536971938371174
337    62.46634777870493
342    62.39530629924547
347    62.323463350480075
352    62.25173162882828
357    62.18144391643748
362    62.11330472653157
367    62.047510192461274
372    61.984634967778916
377    61.92580664093095
383    61.86294455290355
389    61.81211618914975
395    61.77677982431673
401    61.75866054927998
407    61.75873158805881
413    61.77731819993656
419    61.813761965989315
425    61.86604597630987
431    61.93034557705283
437    62.00144105553138
443    62.07415372330355
449    62.14560932000887
456    62.227726689846364
463    62.312911933051396
470    62.40573141107149
477    62.50479725935024
484    62.60432213528445
491    62.698169009236395
498    62.78156552594672
505    62.852910990320304
512    62.91388918422666
519    62.967666303564684
527    63.0251031041397
535    63.08394549812405
543    63.14786132679244
551    63.21739113381962
559    63.292434025133815
567    63.37184476425307
575    63.45253635144336
583    63.53221822861586
592    63.61940602243227
601    63.70282959196193
610    63.781165517339275
619    63.852949594002666
628    63.917134517445334
637    63.97358633743521
646    64.02310609111606
655    64.0669218945404
665    64.11032221880572
675    64.14932959147858
685    64.18476134442848
695    64.21712989700451
705    64.24677701141357
715    64.27407532120264
725    64.2996750487151
736    64.32714886570446
747    64.3557557820842
758    64.3870690105656
769    64.42163723275453
780    64.45930714089894
791    64.49972553725894
803    64.54648991617623
815    64.5955115717433
827    64.64633655916317
839    64.6984375256034
851    64.75126455299619
863    64.80462791110182
876    64.86348719313298
889    64.92438237970185
902    64.98793581764986
915    65.05428472956604
928    65.1235549571744
942    65.20172128822281
956    65.2838122953619
970    65.36965041231595
984    65.45892396851619
998    65.55113037915066
1010    65.63187255057488
1020    65.69994193928277
1030    65.76842741386315
1050    65.90523998482348
1070    66.03923052157111
1090    66.16905483785283
1110    66.29428706852401
1130    66.41533928890556
1150    66.53294056350107
1170    66.64767911328774
1190    66.76045637504458
1210    66.87230037793773
1230    66.98368847332566
1250    67.09460942826533
1270    67.20490900695455
1290    67.31407662457639
1310    67.42142123511815
1330    67.5263196250265
1350    67.62845838889508
1370    67.7274385786464
1390    67.82291939751698
1410    67.91540644324834
1430    68.00623703373608
1450    68.09637155437376
1470    68.18556807322662
1490    68.27350469586047
1510    68.3611194729934
1530    68.4494405861437
1550    68.5385616095199
1570    68.627788706686
1590    68.71622228597398
1610    68.80423104649937
1630    68.89283470994559
1650    68.98280993769822
1670    69.07439415644802
1690    69.16698074828017
1710    69.25982640174686
1730    69.35324438408534
1760    69.49667315273338
1790    69.64550093822292
1820    69.79919055124874
1850    69.95467741141039
1880    70.11139670271046
1910    70.27234678953538
1940    70.43844436873306
1970    70.60928261631406
2000    70.78323044597383
2030    70.95830965731211
2060    71.135630187229
2090    71.3164223010433
2120    71.50078599186779
2150    71.68890085553477
2180    71.87991707675351
2210    72.07115433787683
2240    72.26052129563598
2270    72.45005539527682
2300    72.64063982462343
2330    72.83129206941378
2360    73.02080801190463
2390    73.20857162768056
2420    73.39339686472317
2460    73.63004845538117
2500    73.85058635932408
2540    74.05286651785862
2580    74.23084981670159
2620    74.3771415270617
2660    74.48855848406492
2700    74.56671178308795
2740    74.61343193129653
2780    74.63176923560931
2820    74.6273203289822
2860    74.60655613155828
2900    74.57254022608856
2940    74.5263952831806
2980    74.46965799284848
3020    74.40424800007912
3060    74.33217635200296
3100    74.25544195761489
3150    74.15262048954524
3200    74.03891441490804
3250    73.92374374096704
3300    73.81237272958278
3350    73.70459526413416
3400    73.59874693332031
3450    73.49548934416676
3500    73.3999636310547
3550    73.31405617379745
3600    73.2404395269339
3650    73.17853585050302
3700    73.11953212833606
3750    73.05954026250383
3800    73.00271288583654
3860    72.94008804181848
3920    72.88295794468668
3980    72.83184548653165
4040    72.78684070480114
4100    72.74837957610569
4160    72.71583538386923
4220    72.68831602059268
4280    72.66555398201166
4340    72.64689211372486
4400    72.62875897059104
4460    72.60677623066607
4520    72.58051431387264
4590    72.54660027700922
4660    72.50658806470219
4730    72.4576394012657
4800    72.39902318090438
4870    72.33137710949597
4940    72.25299665631863
5010    72.16710939092874
5080    72.07913023976344
5150    71.99058124251208
5220    71.90333433755764
5300    71.8085799498572
5380    71.7272308246537
5460    71.66699319027606
5540    71.62049593016349
5620    71.5800445136608
5700    71.5595833460649
5780    71.56193183834927
5860    71.5751826133499
5950    71.59122500105168
6040    71.59574531001476
6130    71.57015142046153
6220    71.49375724966575
6310    71.35050065781553
6400    71.1455141290569
6490    70.90048570669967
6580    70.6463797937447
6680    70.37573876813266
6780    70.12677305394767
6880    69.90509137520945
6980    69.72599244340662
7080    69.60595509587077
7180    69.51827231189861
7280    69.42049336480947
7390    69.28254120721206
7500    69.1169946612053
7610    68.94144497465119
7720    68.75427423072259
7830    68.55701884352197
7940    68.35220842248592
8060    68.12198178538492
8180    67.88694333872172
8300    67.64943797919764
8420    67.41018610373605
8540    67.16833159380761
8660    66.92886405020064
8790    66.68578742407601
8920    66.47066294854645
9050    66.30299341120053
9180    66.22750784129677
9310    66.26685052456814
9450    66.44545683174866
9590    66.75409791422867
9730    67.16866274518156
9870    67.65968647783524
10010    68.19495909751436
10160    68.76765605133912
10310    69.25919750653753
10460    69.57697259984212
10610    69.6847407260876
10760    69.59486759274287
10920    69.34010937200408
11080    69.02158312521672
11240    68.71589752788722
11400    68.4865512482452
11570    68.34340665422445
11740    68.26959565542592
11910    68.29635561103711
12080    68.39714105651058
12260    68.68286528198999
12440    69.12791909209906
12620    69.77100118723669
12800    70.5068144368766
12990    71.19450209721552
13180    71.77291650777883
13370    71.83222705387303
13560    71.46094764553402
13760    70.72597869241642
13960    69.83633775214354
14160    69.03279080170779
14370    68.35437903617313
14580    68.02059342244942
14790    67.99402810874486
15010    68.29820439590405
15230    68.83888495513995
15450    69.25713438477504
15670    69.19312889564614
15900    68.52711673985256
16130    67.54773395491785
16360    66.83334542765839
16600    66.93413701496154
16840    67.93821013459021
17080    68.64665593864788
17330    67.05615411261408
17580    63.03306063811104
17840    58.015603318406605
18100    53.381505469047504
18360    49.209992461023745
18630    44.492927628714966
18900    38.359205672521796
19170    34.64132841228212
19450    35.85315660466937
19730    37.64720544726464
20000    37.80479574620678
