20    61.954560450792584
20.3    62.002971387483605
20.6    62.05025122153249
20.9    62.09598907430046
21.2    62.139929144033474
21.5    62.18207410267668
21.8    62.22264356155365
22.1    62.26194352626129
22.4    62.30021040316173
22.7    62.33751577918401
23    62.37375225937865
23.3    62.408701976546354
23.6    62.44214350384421
23.9    62.47394521982349
24.2    62.50411319285618
24.6    62.54204147381766
25    62.57779405729413
25.4    62.61180592940734
25.8    62.64436020594731
26.2    62.67561683514457
26.6    62.7056989755574
27    62.73475496108355
27.4    62.762933323156645
27.8    62.790318691720046
28.2    62.81690029726327
28.6    62.84259541185223
29    62.86731051781897
29.4    62.890983576874596
29.8    62.91359680523824
30.2    62.93516624833788
30.6    62.95572864800741
31    62.97533504977808
31.5    62.99859344260019
32    63.02058490089013
32.5    63.041431695293994
33    63.061243464710046
33.5    63.08012594775395
34    63.09818389798971
34.5    63.11550945698096
35    63.1321602868535
35.5    63.14814692971899
36    63.163443523530916
36.5    63.17801777058757
37    63.19185811851898
37.5    63.20499091470978
38    63.21747747729047
38.6    63.23171745457741
39.2    63.24525639134997
39.8    63.25815612935229
40.4    63.27041421098353
41    63.28199218594932
41.6    63.29286772028377
42.2    63.303072137881315
42.8    63.312674838991995
43.4    63.32174276594333
44    63.330321535842984
44.6    63.338437323086765
45.2    63.346103643823426
45.9    63.35449237789666
46.6    63.36229676709101
47.3    63.369520268101844
48    63.37615303610007
48.7    63.382185265650705
49.4    63.38760801863346
50.1    63.39240337738951
50.8    63.396566996654244
51.5    63.4001465831108
52.2    63.403244030980865
53    63.40636784913754
53.8    63.409260190151294
54.6    63.412098155710396
55.4    63.414926947832306
56.2    63.417657722644435
57    63.42015605407549
57.8    63.42230557137762
58.6    63.42402153628602
59.5    63.425379348645635
60.4    63.42614404916267
61.3    63.42638138674889
62.2    63.42614594619019
63.1    63.42545820906845
64    63.42430369882939
64.9    63.42264696370826
65.8    63.42043682739896
66.8    63.417208560222015
67.8    63.41304756506368
68.8    63.408033359821495
69.8    63.402422994342416
70.8    63.396516232710454
71.8    63.390598604249405
72.8    63.384910666130914
73.9    63.379111018019216
75    63.37386844790952
76.1    63.36914125820408
77.2    63.364805713954894
78.3    63.360695052888914
79.4    63.35662528912754
80.6    63.35199831322204
81.8    63.34691243358718
83    63.34113908181328
84.2    63.33454208190176
85.4    63.327125133493425
86.6    63.319074554937174
87.9    63.310058763842534
89.2    63.301332539720626
90.5    63.29354797997122
91.8    63.28725613405884
93.1    63.28273198859091
94.5    63.279668256220006
95.9    63.27778798042861
97.3    63.27602898507348
98.7    63.273245885392896
100    63.2688954488215
102    63.25766359625989
104    63.24007559294128
106    63.21606621669574
108    63.186210550351994
110    63.15114233469116
112    63.111277468315286
114    63.06692789041377
116    63.01842140999966
118    62.96577032265
120    62.9087397552472
122    62.84725257754084
124    62.781487146623526
126    62.71197795572715
128    62.63999216412701
130    62.56765856369119
132    62.498014357103116
134    62.434974430433066
136    62.3829600433025
138    62.34610752282668
140    62.32741377486548
142    62.32795672705005
144    62.34652892044072
146    62.37981930249825
148    62.423082434707496
150    62.47107466751519
152    62.51889478051593
154    62.56249340931181
156    62.59890194637009
158    62.62633309973259
160    62.64420282295099
162    62.653056072248035
164    62.65439814478917
166    62.65035224824863
168    62.64335816799689
170    62.635981657720365
173    62.62954506256502
176    62.63464264227728
179    62.655304378515396
182    62.69213264563416
185    62.74261689626152
188    62.80196831870314
191    62.86438928256065
194    62.92446326883933
197    62.97803911655572
200    63.02234508091969
203    63.055883581229864
206    63.07823925986971
209    63.08985985392685
212    63.09201466530941
215    63.08665006419973
218    63.075826296079036
221    63.060880234016075
224    63.0422982887508
227    63.0204258307014
230    62.99571313376036
233    62.96853323903437
236    62.93918338570346
239    62.90796048752483
243    62.864019290409544
247    62.81834701486702
251    62.77160143786911
255    62.72392167200385
259    62.67539243834672
263    62.62633662117503
267    62.57730099891255
271    62.52892690553904
275    62.481832845909366
279    62.43647290183649
283    62.393040937560144
287    62.351438747434884
291    62.311297880317824
295    62.27200149383883
299    62.232754266276274
303    62.19278845680827
307    62.15154993739803
312    62.09781747688709
317    62.041689927447905
322    61.983433215695584
327    61.92332436718537
332    61.861531793146426
337    61.79811952313534
342    61.73305814343787
347    61.66621380678812
352    61.59731848830409
357    61.52603201960716
362    61.45203568010936
367    61.37508594699861
372    61.29506068707133
377    61.21205687813783
383    61.10906030032862
389    61.00333572962559
395    60.896206153544206
401    60.78931820445695
407    60.68457004227224
413    60.583998415447326
419    60.489646391869826
425    60.40348100350177
431    60.327288127915644
437    60.26259523799122
443    60.210598112945995
449    60.172112314478056
456    60.144780576112325
463    60.136142964430704
470    60.1451857315877
477    60.17031892224258
484    60.209559740458374
491    60.26067439997552
498    60.321284326889234
505    60.38868980386047
512    60.45987011581346
519    60.53174387884056
527    60.61116886219026
535    60.684607985631104
543    60.75013424506082
551    60.80740649504257
559    60.85778183271758
567    60.90428924865397
575    60.95135280983436
583    61.003840425809344
592    61.07309561745514
601    61.150874985478566
610    61.22874584469575
619    61.2991592786056
628    61.35902576040493
637    61.40806123534312
646    61.44756567142987
655    61.48048676887326
665    61.51394520268464
675    61.54784402001931
685    61.583483799939984
695    61.62114320463708
705    61.66208348087717
715    61.70834787512738
725    61.761340872494785
736    61.82753108515699
747    61.9009135088737
758    61.97994870922234
769    62.0631119944495
780    62.149188832703274
791    62.2374246739846
803    62.335562327881746
815    62.435224853138266
827    62.53615558007555
839    62.63832401687179
851    62.74191985311931
863    62.84722528303752
876    62.96358598631571
889    63.08277768347327
902    63.205372274543585
915    63.331892709891754
928    63.46262286050678
942    63.608162573826405
956    63.758378834466065
970    63.91282793873599
984    64.07111811496593
998    64.23315509583148
1010    64.37514033007048
1020    64.49571464006539
1030    64.61837826114983
1050    64.87009783712362
1070    65.13042527206494
1090    65.39940486600203
1110    65.67706146047131
1130    65.9622104282055
1150    66.25245298336418
1170    66.54550838294105
1190    66.83850590393422
1210    67.12769450760688
1230    67.40912253839232
1250    67.67973423726339
1270    67.93734207661238
1290    68.18042389777858
1310    68.40843984855647
1330    68.62182940384841
1350    68.82153188509999
1370    69.0084319483348
1390    69.18325415579983
1410    69.34689298153467
1430    69.5005220775923
1450    69.6453115048053
1470    69.78239443752057
1490    69.91301440174846
1510    70.03847813651002
1530    70.15982782152183
1550    70.27757792687837
1570    70.39178527586508
1590    70.50237795794774
1610    70.60949916708827
1630    70.7134450509722
1650    70.81435377991828
1670    70.9121776648965
1690    71.0068206689941
1710    71.0983483617035
1730    71.18704239995537
1760    71.31509050978187
1790    71.43656489382384
1820    71.5500435897552
1850    71.65416967477535
1880    71.74824774993624
1910    71.83181767467238
1940    71.90471838207982
1970    71.96699927345
2000    72.01825242998191
2030    72.05785462578125
2060    72.08531046760399
2090    72.09997260002442
2120    72.10132052177161
2150    72.08969151390389
2180    72.06586237980744
2210    72.03107574614651
2240    71.98690717445857
2270    71.93451957100243
2300    71.87461764375249
2330    71.80748773418853
2360    71.73343825424865
2390    71.65319948791102
2420    71.56790430090211
2460    71.44866647253889
2500    71.32586927808751
2540    71.20137788056374
2580    71.07670978472811
2620    70.95280117205868
2660    70.82998626648742
2700    70.708426128253
2740    70.58812945913958
2780    70.46907281307699
2820    70.35117593542628
2860    70.23460236863944
2900    70.12008866539614
2940    70.00821245367555
2980    69.89897079814529
3020    69.79148668306279
3060    69.68448353661374
3100    69.57769687146424
3150    69.44635150946462
3200    69.3201706629787
3250    69.20217760656791
3300    69.09627980057056
3350    69.00641369698916
3400    68.93441139250166
3450    68.88043308600965
3500    68.84395315861552
3550    68.82242207427038
3600    68.8125814788198
3650    68.8127728491289
3700    68.823003474031
3750    68.8443047349512
3800    68.87872542451063
3860    68.94139886820221
3920    69.03054346389612
3980    69.14630735730393
4040    69.288773141273
4100    69.45851265872076
4160    69.65394482070369
4220    69.87248337423418
4280    70.11234256676684
4340    70.37203428828798
4400    70.6491992364515
4460    70.94038964665836
4520    71.24157325462417
4590    71.59937696756035
4660    71.95460452744467
4730    72.29293613360656
4800    72.5968405922809
4870    72.84814899218509
4940    73.02893733185464
5010    73.12248548206277
5080    73.11558009121941
5150    73.00385778633081
5220    72.79991156109868
5300    72.49057846674854
5380    72.13269938360202
5460    71.73369888758171
5540    71.30101008575414
5620    70.84619493659645
5700    70.38050235300778
5780    69.91608830458959
5860    69.46755205934073
5950    68.99573350462546
6040    68.56613189032919
6130    68.18235160233695
6220    67.8450170257581
6310    67.5537636108759
6400    67.30817530271254
6490    67.10852748829558
6580    66.95516179879176
6680    66.83902451558376
6780    66.77952620999392
6880    66.77592572342701
6980    66.82757282499217
7080    66.93388394377274
7180    67.09414241557647
7280    67.30682214451193
7390    67.59705926715431
7500    67.9383069721892
7610    68.31931874375863
7720    68.72285218317188
7830    69.12341661388476
7940    69.4874891307394
8060    69.80076559613127
8180    69.98741203421613
8300    70.01811947211509
8420    69.88252824168194
8540    69.59723093345158
8660    69.20618309056388
8790    68.72783997629475
8920    68.24654886221032
9050    67.79443983509631
9180    67.39844548672252
9310    67.0867578175054
9450    66.86984454159497
9590    66.78993442343315
9730    66.85758722412065
9870    67.08001419571374
10010    67.45462530401123
10160    67.99674817913368
10310    68.58895274300036
10460    69.02847012063772
10610    69.0476581382967
10760    68.44390509588429
10920    67.11492367920249
11080    65.35033796100495
11240    63.5097235578734
11400    61.88622132754948
11570    60.64484586501956
11740    60.04832284762557
11910    60.017461300173125
12080    60.23736042248714
12260    60.38594698601291
12440    60.313144481002126
12620    60.10085467601262
12800    59.8790598422988
12990    59.7107348312327
13180    59.59798899683522
13370    59.460874079988685
13560    59.20014744754306
13760    58.72142464367658
13960    58.03654284539728
14160    57.21846094339611
14370    56.316343632939805
14580    55.470749443917015
14790    54.787744174789076
15010    54.296129139024025
15230    53.82716800902776
15450    52.78888436679803
15670    50.60050758585644
15900    47.110621042553234
16130    43.04637059368555
16360    39.10192753377898
16600    35.500220503635155
16840    32.51801488234457
17080    30.178502278389445
17330    28.303904637484273
17580    26.754194347474563
17840    25.345997213796334
18100    24.233704617468238
18360    23.558292962785536
18630    23.216231663483185
18900    22.940998248949306
19170    22.407296052564377
19450    21.167566999819826
19730    19.39738923961974
20000    18.283252903656432
