20    68.64327364154036
20.3    68.66838052280767
20.6    68.69301345564617
20.9    68.71709251359331
21.2    68.74058669730869
21.5    68.76351756961347
21.8    68.78592403999573
22.1    68.80782038083763
22.4    68.82916188078002
22.7    68.8498471987919
23    68.86975291455565
23.3    68.88877650013967
23.6    68.90687488086249
23.9    68.92408333254355
24.2    68.94050316125491
24.6    68.96139507818373
25    68.98139630513711
25.4    69.00069078507626
25.8    69.01937276182045
26.2    69.0374885042648
26.6    69.05506848102101
27    69.07214167349966
27.4    69.08871944506137
27.8    69.10478069107252
28.2    69.1202773660594
28.6    69.13515199858877
29    69.14935901246895
29.4    69.1628750426024
29.8    69.17569747601132
30.2    69.18783882657044
30.6    69.19931877119183
31    69.21016049226279
31.5    69.22285961366731
32    69.23468011734951
32.5    69.24571401885788
33    69.25606543859116
33.5    69.26583509843266
34    69.27510077339329
34.5    69.28390918930964
35    69.29228512798372
35.5    69.30023531308021
36    69.30774465204397
36.5    69.31477678123984
37    69.32128335828438
37.5    69.32721923675356
38    69.33255228487162
38.6    69.33812984819392
39.2    69.34279308864134
39.8    69.34653874081278
40.4    69.34938463381727
41    69.35136392474107
41.6    69.35251940448165
42.2    69.35290068667888
42.8    69.35257024973097
43.4    69.35160103992936
44    69.35005931488419
44.6    69.34799336294395
45.2    69.345434632961
45.9    69.34184339718152
46.6    69.33758882695085
47.3    69.33263921354038
48    69.32696002470504
48.7    69.3205212962138
49.4    69.3133032746195
50.1    69.3053128685466
50.8    69.29659652836344
51.5    69.28723086140027
52.2    69.27730998319007
53    69.26543420827247
53.8    69.25316889488066
54.6    69.24073752624489
55.4    69.22839058263011
56.2    69.21634488627038
57    69.20471067049985
57.8    69.1934859263642
58.6    69.18260404616058
59.5    69.17066916139079
60.4    69.1589724301893
61.3    69.14746438751976
62.2    69.13610059637685
63.1    69.12479410901362
64    69.11337240539332
64.9    69.10155113608067
65.8    69.08896421975855
66.8    69.0736240706108
67.8    69.05643113905712
68.8    69.0370754263876
69.8    69.01541426987247
70.8    68.99145470748944
71.8    68.96532018718057
72.8    68.93723888722633
73.9    68.90448491385999
75    68.87027153614176
76.1    68.83514530365082
77.2    68.79966203311781
78.3    68.76437484901668
79.4    68.72981817179132
80.6    68.69348044899795
81.8    68.65891171513307
83    68.62619914465596
84.2    68.59513392375342
85.4    68.56517187550375
86.6    68.53546269762145
87.9    68.50238887100942
89.2    68.46720527103606
90.5    68.42902608202812
91.8    68.38747063446732
93.1    68.34270077870781
94.5    68.2915942910544
95.9    68.23857275837639
97.3    68.18489106620513
98.7    68.13178207522765
100    68.08390717714894
102    68.01424154132118
104    67.94985797556973
106    67.8894454065231
108    67.82969156308144
110    67.76591890144805
112    67.69336874645492
114    67.60902933537096
116    67.51324082085866
118    67.41034887359979
120    67.3084586938806
122    67.21840698447923
124    67.15192925468858
126    67.11979326995888
128    67.12979325819418
130    67.18487973732087
132    67.28209911059653
134    67.41288828289464
136    67.56479385727393
138    67.72402894707477
140    67.87800618016993
142    68.01717930308297
144    68.13589572713826
146    68.23229008758227
148    68.30742116464505
150    68.36399557809642
152    68.40510619452377
154    68.43332304456058
156    68.45023264480741
158    68.4564438388475
160    68.45198358655298
162    68.43679835904263
164    68.41111891145022
166    68.37559768776373
168    68.33131586547577
170    68.27971962823139
173    68.19236554131294
176    68.09833924837235
179    68.00279719520927
182    67.90932242847244
185    67.81956734132568
188    67.73341304266987
191    67.64958303687595
194    67.56650548951643
197    67.48304467896213
200    67.39878229504286
203    67.31393421833764
206    67.2290900074413
209    67.14488671500067
212    67.06174173014034
215    66.97972675669004
218    66.89856546271389
221    66.81773111156289
224    66.73666200398839
227    66.65506161795642
230    66.57306906833855
233    66.49112114981963
236    66.4097833816652
239    66.3297104393512
243    66.22614188232538
247    66.12778330937755
251    66.0362011482776
255    65.95260445655418
259    65.87764713648939
263    65.8112820493931
267    65.75267608645686
271    65.70024895309791
275    65.65187824611778
279    65.60528469095266
283    65.55842211190813
287    65.5097222589749
291    65.45828539664527
295    65.40392075524635
299    65.34694368255158
303    65.28792054759948
307    65.22748544078468
312    65.15082328140718
317    65.07369413678472
322    64.9966108711558
327    64.91985534455156
332    64.8435688069302
337    64.7676866366572
342    64.69186568442684
347    64.6155496674164
352    64.53810686923879
357    64.458963161584
362    64.3777253632294
367    64.29435282041447
372    64.20923749677385
377    64.12313183853945
383    64.01994277901244
389    63.91884806022677
395    63.82205470027353
401    63.73196675380432
407    63.65104616333487
413    63.58160031347994
419    63.52583584074077
425    63.48591812587035
431    63.46376679374133
437    63.46077947089624
443    63.4776316026945
449    63.514127537836075
456    63.579917736087026
463    63.667289473847674
470    63.77111035462015
477    63.88506517184663
484    64.00235827443743
491    64.11654034458073
498    64.22236136257385
505    64.31622144167083
512    64.39647395952812
519    64.46369124895759
527    64.52748175985562
535    64.58131078809465
543    64.62847031380434
551    64.67089622639214
559    64.70939390056083
567    64.74409471980127
575    64.77474043426218
583    64.80093459493564
592    64.82479684036406
601    64.8429792814442
610    64.85648305361727
619    64.86697888753018
628    64.87655163894041
637    64.88747808890213
646    64.90190429223084
655    64.92136337141936
665    64.94954886556167
675    64.98398325446306
685    65.02289830086069
695    65.06411882135924
705    65.10577795270012
715    65.14666882604348
725    65.1863026242599
736    65.22860846893667
747    65.27020826966529
758    65.31182656366073
769    65.35397174572884
780    65.39683572418133
791    65.44036978587846
803    65.48845765848276
815    65.53701150636594
827    65.58602359801736
839    65.63566280862905
851    65.68620951851776
863    65.7380055713562
876    65.79600437161119
889    65.85654051020883
902    65.92015216280657
915    65.98714400100664
928    66.05756703660406
942    66.1370275499628
956    66.21980959174786
970    66.30536891714668
984    66.39311716540996
998    66.48248158710302
1010    66.5599416353757
1020    66.62483578346945
1030    66.68984659833029
1050    66.81956999982265
1070    66.94801047168107
1090    67.0745345533145
1110    67.19870048008502
1130    67.3203640038177
1150    67.43958585015432
1170    67.55635593046735
1190    67.67050864872391
1210    67.7820281063721
1230    67.89109108839492
1250    67.99798461649186
1270    68.10314244316737
1290    68.20698015609031
1310    68.30975799597871
1330    68.41159520594971
1350    68.51247770550495
1370    68.61215902514031
1390    68.71020431946783
1410    68.80611926998114
1430    68.89952091575563
1450    68.99016322758705
1470    69.07793512283448
1490    69.16282806328876
1510    69.24492764807016
1530    69.32435241266408
1550    69.40119429080045
1570    69.47553802597791
1590    69.54747646587506
1610    69.61710632016974
1630    69.68451793421855
1650    69.74978327973605
1670    69.81292462481362
1690    69.87396316106572
1710    69.93294874591157
1730    69.98994059740446
1760    70.07177634905105
1790    70.14918409085502
1820    70.22232888062118
1850    70.29137982342155
1880    70.35620153084963
1910    70.41650633946148
1940    70.47210137578827
1970    70.52295766727869
2000    70.5690741243879
2030    70.61036739428056
2060    70.64697651884057
2090    70.67913375263365
2120    70.70686207131295
2150    70.72999914308943
2180    70.74831265612744
2210    70.76159612761407
2240    70.7698933396367
2270    70.77336999389462
2300    70.77229290792883
2330    70.76691025508697
2360    70.75742257790887
2390    70.74401898309816
2420    70.72683580074471
2460    70.69820924924451
2500    70.66352237202302
2540    70.62344225792164
2580    70.57844386583355
2620    70.52902378766096
2660    70.4755671478426
2700    70.4184382054965
2740    70.3577271678688
2780    70.29311855417916
2820    70.22399319654926
2860    70.1498365699834
2900    70.07068791698069
2940    69.98780805789531
2980    69.90412672186469
3020    69.82467643064714
3060    69.7558307102913
3100    69.70269285446167
3150    69.6586441616208
3200    69.6291836178552
3250    69.59935782916557
3300    69.55904895150076
3350    69.50610421510493
3400    69.44326291071748
3450    69.37421987512019
3500    69.30200103050689
3550    69.2285312108783
3600    69.1546691738906
3650    69.08038449024755
3700    69.00520466299426
3750    68.9285200936518
3800    68.84948409575387
3860    68.74934057803705
3920    68.6387709113875
3980    68.51085563989852
4040    68.36288557415342
4100    68.21319060436835
4160    68.11968840367386
4220    68.16016522278282
4280    68.35504114977476
4340    68.62415609240429
4400    68.85622817270942
4460    68.99634794073927
4520    69.05381242185547
4590    69.0582941381606
4660    69.02974938456735
4730    68.97959267812311
4800    68.89805604157789
4870    68.760596762972
4940    68.55069038977433
5010    68.31139870523732
5080    68.16129361603222
5150    68.18800551108535
5220    68.33657372169756
5300    68.49128778179323
5380    68.54888831219603
5460    68.53275165024905
5540    68.48197368949627
5620    68.41746520277437
5700    68.35126706582608
5780    68.2959475908998
5860    68.26147280450255
5950    68.24703270969633
6040    68.248603877226
6130    68.26220405042673
6220    68.28984902659957
6310    68.33574377403389
6400    68.4065210664975
6490    68.51110720264967
6580    68.65926915831878
6680    68.88805245931228
6780    69.19943050492259
6880    69.61289581770993
6980    70.17212304511797
7080    70.96237260062276
7180    72.07273321105782
7280    73.4624113896523
7390    74.93023334813935
7500    75.73309377849912
7610    75.49975620555699
7720    74.23906952329935
7830    72.39154952661274
7940    70.57856082020498
8060    68.97043475054076
8180    67.63281752226692
8300    66.26470868498447
8420    64.43446874557753
8540    62.273160090418614
8660    61.3688490347655
8790    62.64837269808544
8920    64.03256379660576
9050    64.29295815448356
9180    64.15737089001544
9310    64.27093544495281
9450    64.67480547098033
9590    65.10719277666438
9730    65.5883631398497
9870    66.16621361875826
10010    66.83853290040878
10160    67.58734798748907
10310    68.33877228135785
10460    68.96835524401749
10610    68.7342409424065
10760    67.89347000844613
10920    68.93431143946609
11080    71.83846101334251
11240    73.35818152869547
11400    73.35657474609654
11570    72.96373001120241
11740    72.62179147851255
11910    72.3471320221629
12080    72.10594982834884
12260    71.94201149112459
12440    71.9351386410581
12620    72.08829437607734
12800    72.43265845945763
12990    73.07345054536708
13180    73.98652129215111
13370    74.89764964973355
13560    75.85334592508005
13760    76.96775517021257
13960    77.59664757234005
14160    77.41990966499871
14370    76.64004512561826
14580    75.40768020384371
14790    74.58340561411458
15010    74.75744564815369
15230    74.98452818590212
15450    74.01599015787703
15670    72.06942937476225
15900    71.66456047188697
16130    72.81058264915546
16360    73.64874980009566
16600    73.36038031102147
16840    71.85129238345901
17080    70.633743624688
17330    70.54217959024629
17580    70.92569305475237
17840    70.94138907745685
18100    69.83626490222741
18360    68.74927097747641
18630    68.81198324080434
18900    68.54108176843414
19170    66.67996978415896
19450    63.82646013423142
19730    62.36448894006095
20000    62.35634784744493
