20    65.07113203853197
20.3    65.14144016679964
20.6    65.21044946126901
20.9    65.27777385470722
21.2    65.34294520270699
21.5    65.4055415167216
21.8    65.4652939385139
22.1    65.52214719931632
22.4    65.57626318397294
22.7    65.62797996746323
23    65.67775298993888
23.3    65.72608760510164
23.6    65.77347630093433
23.9    65.82034218149388
24.2    65.86698505747216
24.6    65.9290334176704
25    65.99078640762022
25.4    66.05178076846151
25.8    66.11144747738184
26.2    66.16937519242228
26.6    66.22542219320815
27    66.279592606741
27.4    66.33175780080492
27.8    66.38146318570767
28.2    66.42803503915488
28.6    66.47095624723977
29    66.51026370817834
29.4    66.54666820881752
29.8    66.58128994162597
30.2    66.61517056174506
30.6    66.64887794204924
31    66.68242540979656
31.5    66.72362807533503
32    66.76335692606852
32.5    66.8011161187973
33    66.83638826974095
33.5    66.86838739384069
34    66.89629302308566
34.5    66.91978873342339
35    66.93935912458153
35.5    66.95606722435899
36    66.97105386510702
36.5    66.98517170119982
37    66.99891760521774
37.5    67.01253976777767
38    67.02612213360433
38.6    67.0422685973762
39.2    67.05796060609455
39.8    67.07294419764816
40.4    67.0872169680658
41    67.1009162539853
41.6    67.11400363495346
42.2    67.12618291257206
42.8    67.13716122367354
43.4    67.14687709563171
44    67.1554742742683
44.6    67.16324483460238
45.2    67.17061936936112
45.9    67.17914423594388
46.6    67.18727697496828
47.3    67.19390447222489
48    67.19814421404135
48.7    67.19989605044078
49.4    67.19931089030692
50.1    67.19666449955245
50.8    67.1930119431722
51.5    67.19015724364823
52.2    67.18959437957349
53    67.19223972857404
53.8    67.19770997074707
54.6    67.2049188634
55.4    67.2126095603524
56.2    67.21911339927782
57    67.22253108116911
57.8    67.221667140208
58.6    67.21660247920121
59.5    67.20683011277332
60.4    67.19364804190337
61.3    67.17784845351844
62.2    67.16035053491215
63.1    67.14214098618378
64    67.12414998516061
64.9    67.10711736528447
65.8    67.09146416021241
66.8    67.07579542947809
67.8    67.06173679405151
68.8    67.04890320881684
69.8    67.03695600381285
70.8    67.02564899012839
71.8    67.0146823871884
72.8    67.00380534539536
73.9    66.99191640077629
75    66.98028691854697
76.1    66.96905924254091
77.2    66.95814362499226
78.3    66.9473304360566
79.4    66.93649005607224
80.6    66.92447691637759
81.8    66.9119476957562
83    66.89849932957912
84.2    66.88368300366969
85.4    66.86699994096526
86.6    66.84797277773157
87.9    66.82413244355669
89.2    66.79630303032343
90.5    66.76410797780377
91.8    66.72757268402904
93.1    66.6870611935191
94.5    66.63981325212927
95.9    66.59010980891287
97.3    66.53962978032335
98.7    66.49029517514913
100    66.447119052407
102    66.38804588858358
104    66.3392965444288
106    66.3001035711271
108    66.26737437238934
110    66.23651885405576
112    66.20282191670194
114    66.16267967046947
116    66.11423019017386
118    66.05716356900045
120    65.99215368984207
122    65.9203990708956
124    65.84291562203897
126    65.75994839153452
128    65.67088818468207
130    65.57461867280736
132    65.47002186974407
134    65.3566838308702
136    65.23555581151989
138    65.109107519487
140    64.98118521305949
142    64.85691392356195
144    64.742475417755
146    64.6445429027741
148    64.56931907834162
150    64.52148580219219
152    64.50353785474333
154    64.5157676753563
156    64.55683804724615
158    64.62456215952207
160    64.71643408975392
162    64.82972336325287
164    64.9613064867382
166    65.10748452470747
168    65.26382008249513
170    65.42513132497461
173    65.66450072975451
176    65.88608785876882
179    66.07719825530484
182    66.23022224145015
185    66.34330586837874
188    66.41939109945054
191    66.46399626074735
194    66.48324708987008
197    66.48299362647688
200    66.46817697149726
203    66.44247433771602
206    66.4086280161275
209    66.36863675676258
212    66.3238143756249
215    66.27500873796444
218    66.22282745790875
221    66.16770038727049
224    66.10990615655732
227    66.04968784225038
230    65.98739262472458
233    65.92349973945906
236    65.85849834127333
239    65.79285188380055
243    65.70510819344761
247    65.6179069536067
251    65.53154200260971
255    65.44614179423169
259    65.3620343365352
263    65.27996866679396
267    65.20092191035914
271    65.12581356297372
275    65.0553763597041
279    64.9900404309804
283    64.92985501350563
287    64.87448320513468
291    64.82303904277826
295    64.77407733646169
299    64.72597910410715
303    64.67723237614359
307    64.62646195837311
312    64.55854679313298
317    64.48484724489805
322    64.40552668407483
327    64.32162815501245
332    64.23434445265212
337    64.14439617828978
342    64.05205234954721
347    63.95745344021568
352    63.860831582245154
357    63.762397728991914
362    63.66237317859212
367    63.56096061698298
372    63.45828445440364
377    63.354580426072104
383    63.22962227621822
389    63.10578839080969
395    62.98544874018972
401    62.871437804549515
407    62.76699852070658
413    62.675688210683674
419    62.60138894498489
425    62.54787745803456
431    62.51844581536542
437    62.51578898565662
443    62.54117676222033
449    62.59386678546926
456    62.685941256387835
463    62.803847232488906
470    62.938129664590676
477    63.07817631077802
484    63.21393160798954
491    63.33689331911053
498    63.44076608121894
505    63.52211499667932
512    63.58073166503972
519    63.61953780734208
527    63.64607035849527
535    63.66151466669621
543    63.6729993045124
551    63.68537768274991
559    63.7013062271498
567    63.72172871557335
575    63.746424619647584
583    63.774402565089545
592    63.80760822080131
601    63.83958530141249
610    63.86762921924618
619    63.89047586888435
628    63.908042360440405
637    63.92082523504505
646    63.92963269598976
655    63.935357835718094
665    63.938892927177065
675    63.93985540705421
685    63.938870651468804
695    63.9374928068825
705    63.93791556888299
715    63.94123320839144
725    63.946378757572774
736    63.95263189306816
747    63.9592277952738
758    63.96664139673639
769    63.97557205049497
780    63.98635727375839
791    63.99889237185388
803    64.01435737089159
815    64.03178817794755
827    64.05144639868558
839    64.07334703784718
851    64.0969981660959
863    64.12194002618337
876    64.1515528226508
889    64.18603030149718
902    64.22596001192728
915    64.27058395369436
928    64.32062048704958
942    64.38236142777583
956    64.4522535500421
970    64.52849918456434
984    64.60736828045543
998    64.68346046680391
1010    64.74302574420116
1020    64.78718031676718
1030    64.82504851212835
1050    64.87585328106245
1070    64.89319701352119
1090    64.91288384577742
1110    64.97958369962471
1130    65.09095990721625
1150    65.22023086273424
1170    65.34849418313254
1190    65.4682082970311
1210    65.5798382913628
1230    65.68692519890008
1250    65.79406521327581
1270    65.90267840844413
1290    66.01210196420374
1310    66.1213485539381
1330    66.22941201597257
1350    66.33417011196198
1370    66.43311922320785
1390    66.52433149840097
1410    66.60557072530467
1430    66.6739544202047
1450    66.72892475397671
1470    66.77431075802374
1490    66.81768723372329
1510    66.86795843317944
1530    66.93247908005442
1550    67.0142761106005
1570    67.11114531374261
1590    67.2180078177567
1610    67.33008607436986
1630    67.44462336647024
1650    67.56104032424214
1670    67.67864612881345
1690    67.79647845512088
1710    67.91407692248892
1730    68.03133557470076
1760    68.206601072437
1790    68.38296830717172
1820    68.5614133719002
1850    68.74007494497633
1880    68.91821365997998
1910    69.09585144010848
1940    69.27255993003394
1970    69.44756902948482
2000    69.62026894332388
2030    69.79014462189663
2060    69.95664354630921
2090    70.11902298363401
2120    70.27656794280851
2150    70.42877403673015
2180    70.57458818360021
2210    70.71269978341866
2240    70.84240461659182
2270    70.96240279990008
2300    71.07049102065719
2330    71.16466302644594
2360    71.24314280559679
2390    71.303279388167
2420    71.34101095690158
2460    71.34853662518944
2500    71.29885942919255
2540    71.18426213205888
2580    70.99887916412692
2620    70.7436704693611
2660    70.43175715627484
2700    70.08507925199423
2740    69.73283683390977
2780    69.40330208513785
2820    69.11284103549309
2860    68.86798746493889
2900    68.66635929064492
2940    68.50245943529815
2980    68.37092490602592
3020    68.26592548978189
3060    68.18160064145388
3100    68.11283545003789
3150    68.04337270428857
3200    67.99028375740133
3250    67.95236047075521
3300    67.92486244793466
3350    67.90538159755774
3400    67.89253863698335
3450    67.8852518053537
3500    67.88469742817993
3550    67.89079825251255
3600    67.90343733378225
3650    67.92544989178003
3700    67.95733971863365
3750    67.9972645444594
3800    68.04510061968193
3860    68.11439366525956
3920    68.1972382380977
3980    68.29405329675586
4040    68.40565346707281
4100    68.53279489178124
4160    68.67533845313068
4220    68.83170932399868
4280    69.00129449105721
4340    69.18468849942306
4400    69.38116390818593
4460    69.58907618633548
4520    69.80675815843261
4590    70.06962735199525
4660    70.33709971751134
4730    70.60292738413796
4800    70.85809520585303
4870    71.09893578955221
4940    71.32355036262601
5010    71.52647295871091
5080    71.70683671965614
5150    71.86569523904429
5220    71.99958034668452
5300    72.11723553579267
5380    72.19810051141383
5460    72.24558332140816
5540    72.268388751838
5620    72.27334670585358
5700    72.25839865330886
5780    72.2271089110248
5860    72.18826395513659
5950    72.14495817782455
6040    72.11216591358641
6130    72.09936373541294
6220    72.11354656033251
6310    72.15609776318722
6400    72.23063649266642
6490    72.3626264128917
6580    72.59535936222764
6680    72.96828991018742
6780    73.37647978408836
6880    73.7769694936215
6980    74.17631991561926
7080    74.56557040209753
7180    74.9091848139274
7280    75.15531921884798
7390    75.25718815722445
7500    75.1592510274267
7610    74.87539559808097
7720    74.43762346894002
7830    73.89422923501137
7940    73.29883608661379
8060    72.64114053032364
8180    72.0131902891668
8300    71.44241080971847
8420    70.94068772353941
8540    70.49893156335102
8660    70.10250657870137
8790    69.70542408310024
8920    69.28385811143448
9050    68.74835796726087
9180    68.04378184378926
9310    67.16527796799073
9450    66.06542651688477
9590    64.96774151245847
9730    64.22002056020408
9870    64.15316709127494
10010    64.78352347022576
10160    65.9069648822663
10310    67.09462563790436
10460    68.12629222490673
10610    68.9662494941918
10760    69.61749214736602
10920    70.06080812359407
11080    70.22657357580299
11240    70.17804632160474
11400    70.01077704189359
11570    69.77933549688584
11740    69.51899433088316
11910    69.22845376807207
12080    68.89673151987947
12260    68.45918221995916
12440    67.82902207115603
12620    66.88598728068794
12800    65.61496754682793
12990    64.07071495111703
13180    62.547791502343
13370    61.211706516821465
13560    60.14081005790074
13760    59.33898390904581
13960    58.88990780783608
14160    58.77411435018249
14370    58.85726174849418
14580    58.78073869401277
14790    58.18570491872334
15010    57.03616528521634
15230    55.696084957949154
15450    54.2405793233017
15670    52.38177441182508
15900    49.85997933486732
16130    47.03225892246968
16360    44.35802207268969
16600    41.90697216306688
16840    39.51606174919229
17080    37.21163426366344
17330    36.317058815814605
17580    37.85944581628678
17840    40.16164640613212
18100    41.45240152050532
18360    41.66146384407591
18630    40.787673190052075
18900    38.64691140103897
19170    35.62793966951834
19450    32.82624559058084
19730    32.12424654977037
20000    32.90084092484635
