20    61.259047851697126
20.3    61.27792924594121
20.6    61.29649806135338
20.9    61.314721457804495
21.2    61.33256626438241
21.5    61.350008169006045
21.8    61.36703961952816
22.1    61.38367205129576
22.4    61.399935633091495
22.7    61.415868224627275
23    61.431505062299365
23.3    61.44687359306022
23.6    61.46199561116305
23.9    61.476888900298384
24.2    61.49156748297631
24.6    61.51082860510962
25    61.52977239120117
25.4    61.54844242711299
25.8    61.56687510255114
26.2    61.58508637483487
26.6    61.60304824607424
27    61.62068210891273
27.4    61.63788391873338
27.8    61.6545664838405
28.2    61.67069477299347
28.6    61.6863048011326
29    61.70149449282121
29.4    61.716386492496966
29.8    61.731081240721224
30.2    61.74563153947064
30.6    61.76004008203644
31    61.774275699858435
31.5    61.79176229002265
32    61.8088502515865
32.5    61.82553626347867
33    61.841874223382504
33.5    61.85794632592107
34    61.87382412513172
34.5    61.88953200456634
35    61.90504108470644
35.5    61.92029336229754
36    61.93522834733137
36.5    61.949795779728525
37    61.963970895984644
37.5    61.97775720963833
38    61.99117582477217
38.6    62.00682685336983
39.2    62.02201726288385
39.8    62.03677530372805
40.4    62.051128859304534
41    62.06509454676027
41.6    62.07867564752917
42.2    62.09188124356336
42.8    62.10473910102874
43.4    62.117275995236874
44    62.1294920112507
44.6    62.1413612332058
45.2    62.15284718228051
45.9    62.16571543763671
46.6    62.17798327051273
47.3    62.18968618351715
48    62.200904093307614
48.7    62.21167137837905
49.4    62.22195605238603
50.1    62.231762219519396
50.8    62.24119516018197
51.5    62.250383222520746
52.2    62.2593497564016
53    62.26916637467593
53.8    62.27828506874688
54.6    62.28663496302561
55.4    62.29437581950013
56.2    62.30174884235112
57    62.3089676903995
57.8    62.3161571778449
58.6    62.32328505567476
59.5    62.33103352410001
60.4    62.33827782411055
61.3    62.3448694070355
62.2    62.350715989320065
63.1    62.35579356361267
64    62.360151073857665
64.9    62.36388010098456
65.8    62.367097538770416
66.8    62.37025066472812
67.8    62.37318884392042
68.8    62.37616027751908
69.8    62.37939621256268
70.8    62.38307288727404
71.8    62.38727199206617
72.8    62.39197291813296
73.9    62.397574725989806
75    62.403318410928534
76.1    62.40874771551876
77.2    62.41333364816836
78.3    62.41662724154856
79.4    62.41839752996419
80.6    62.41852102813999
81.8    62.416751083384085
83    62.413146435640996
84.2    62.40789210658895
85.4    62.401239237593344
86.6    62.39347668645564
87.9    62.38421505887257
89.2    62.37445591867432
90.5    62.36435749136193
91.8    62.35374726011109
93.1    62.34231157784579
94.5    62.328886264413555
95.9    62.31443739002259
97.3    62.29939161526828
98.7    62.284307764850894
100    62.27071261146926
102    62.2512397986881
104    62.23389962203231
106    62.21838453046349
108    62.20372200096586
110    62.188628772898156
112    62.172068011478615
114    62.153648737872814
116    62.1335725985988
118    62.112523868531284
120    62.09137163576462
122    62.07074224601338
124    62.05074824129923
126    62.03111671731389
128    62.01132365550205
130    61.99086673131126
132    61.96954378659635
134    61.94755328119648
136    61.92527730751733
138    61.9029234641644
140    61.88028012807972
142    61.85664035200538
144    61.83088351821935
146    61.801671605429135
148    61.767798302192496
150    61.72866690919446
152    61.684612316843314
154    61.636974305788534
156    61.588053791851706
158    61.54100541817158
160    61.49962897845022
162    61.46803256414327
164    61.45011009010365
166    61.44889569880692
168    61.46581341792926
170    61.50001830505653
173    61.57563035691068
176    61.66333058227265
179    61.743137621482234
182    61.801159276255575
185    61.83408566121729
188    61.84820593295879
191    61.85457805481343
194    61.86417616337554
197    61.88467191951602
200    61.91910803482109
203    61.96656093563463
206    62.024103470679705
209    62.08842793662974
212    62.15645095434587
215    62.22529779959106
218    62.292230297107125
221    62.3544688903243
224    62.40895273750608
227    62.452538581650956
230    62.48255148187339
233    62.49725520123343
236    62.49615020725231
239    62.48005143401275
243    62.43862620450929
247    62.37988755360351
251    62.3100076982456
255    62.23491102099973
259    62.16012347600717
263    62.09082473072395
267    62.031619886815406
271    61.98612143335102
275    61.956358328351726
279    61.94209075821398
283    61.94054115569311
287    61.94692675097695
291    61.95575647880787
295    61.961845656920545
299    61.96076552920981
303    61.94943227345094
307    61.92645633596416
312    61.88133139494627
317    61.81956823976493
322    61.74411495784801
327    61.658976230674526
332    61.56777047844708
337    61.47289284183029
342    61.376098010492925
347    61.278783193156976
352    61.182085928978566
357    61.08777299143175
362    60.99834158135036
367    60.916533132277664
372    60.84560873162197
377    60.78916602705111
383    60.745550719365454
389    60.73470578427005
395    60.76458564383407
401    60.842474150568634
407    60.9713998467289
413    61.14719074926832
419    61.3592096611108
425    61.59334919555701
431    61.83501913649734
437    62.07113162594268
443    62.290728935170236
449    62.485292603984774
456    62.673632015637835
463    62.81780093624673
470    62.920100093468314
477    62.98625670340536
484    63.02360031377414
491    63.040179818217126
498    63.044013176307445
505    63.042266705688974
512    63.0406399062464
519    63.04315359475319
527    63.05422356440529
535    63.07560926013451
543    63.107273589363636
551    63.14792255446636
559    63.19542690888872
567    63.2471720770737
575    63.30041105539972
583    63.35257378807145
592    63.40732976287492
601    63.45578988892575
610    63.4966027391914
619    63.52945027591463
628    63.555062446589474
637    63.57501718619466
646    63.59150113245077
655    63.60675483837868
665    63.624539974193326
675    63.644847404323
685    63.66856673734928
695    63.69596908074939
705    63.72688582240211
715    63.76091013881758
725    63.79761196053555
736    63.84056630994026
747    63.88560934985942
758    63.93207285203534
769    63.979377288222544
780    64.02717306847039
791    64.07539592173305
803    64.1286685177494
815    64.18299899045854
827    64.2388876494662
839    64.29692038022552
851    64.35762607172629
863    64.42149173240398
876    64.49474393332378
889    64.57253695810243
902    64.65488133407786
915    64.74155279885217
928    64.83218732905446
942    64.93364548815867
956    65.03837791954572
970    65.14559590484151
984    65.25456234928768
998    65.36457466424972
1010    65.45919747020037
1020    65.53801855618278
1030    65.61663834861598
1050    65.77274316659359
1070    65.92667833743297
1090    66.07791260507742
1110    66.22643856522348
1130    66.372460972479
1150    66.51631552707404
1170    66.65852240837688
1190    66.79945885667429
1210    66.93929809353062
1230    67.078157093487
1250    67.21576634947985
1270    67.35142076254708
1290    67.48419699765549
1310    67.61314725792592
1330    67.73775151224216
1350    67.85825954982506
1370    67.9749100404964
1390    68.08727958406027
1410    68.19515180539295
1430    68.29886430127188
1450    68.3989747029189
1470    68.4960747600891
1490    68.59079025504096
1510    68.68371760368808
1530    68.7753140053155
1550    68.86593136444475
1570    68.9558455117801
1590    69.04519073453662
1610    69.13409130921612
1630    69.22273278383702
1650    69.3112801579094
1670    69.39987961893476
1690    69.48871278788388
1710    69.57802579283714
1730    69.66814441917589
1760    69.8054024566265
1790    69.94498515132113
1820    70.08691306449535
1850    70.23134146543954
1880    70.37816539697019
1910    70.52692866878789
1940    70.67705817760339
1970    70.82810094664637
2000    70.97987894887676
2030    71.13232695193734
2060    71.28521096349183
2090    71.43838582400927
2120    71.5916275029597
2150    71.74419298491947
2180    71.89527101148742
2210    72.04421784594096
2240    72.1904737558945
2270    72.33332621011479
2300    72.47212592668143
2330    72.60638402285036
2360    72.73569298952788
2390    72.85971390078002
2420    72.97815772662932
2460    73.12697254350329
2500    73.26501190400654
2540    73.39135821426774
2580    73.5048772186317
2620    73.60487309004148
2660    73.69095775707922
2700    73.7629512898234
2740    73.8208245963649
2780    73.86451963434882
2820    73.89394070975786
2860    73.90898179573746
2900    73.90984857941363
2940    73.8969790599408
2980    73.87105851263846
3020    73.8330409892547
3060    73.7839841164504
3100    73.72500473327014
3150    73.63934791586962
3200    73.5431139548165
3250    73.4387423743374
3300    73.32846757648817
3350    73.21448594819083
3400    73.09873947805363
3450    72.98267267143663
3500    72.86777402554947
3550    72.75560061616443
3600    72.64732892960512
3650    72.54378860370728
3700    72.44587135425473
3750    72.35447734628619
3800    72.27027443314374
3860    72.17950035357994
3920    72.1006379177957
3980    72.03432362512237
4040    71.98126983201064
4100    71.9418530917568
4160    71.91634238187635
4220    71.90525845975955
4280    71.90890442006935
4340    71.92708911556855
4400    71.9594638517167
4460    72.00563024688236
4520    72.06495722233606
4590    72.14982905822397
4660    72.25058747024298
4730    72.36642433909896
4800    72.49649198478406
4870    72.6397273110634
4940    72.7947105735915
5010    72.9600662703711
5080    73.13451165137431
5150    73.31652764856074
5220    73.5048306227531
5300    73.72580359594544
5380    73.94819120005374
5460    74.16611584357564
5540    74.37683663958373
5620    74.5797949138368
5700    74.77445517264994
5780    74.96035806520098
5860    75.13725197612261
5950    75.32592317362956
6040    75.50605084098959
6130    75.68208809851154
6220    75.85790273862597
6310    76.03467006563437
6400    76.2107989753777
6490    76.38401814903241
6580    76.55269582787423
6680    76.73096397290364
6780    76.89063993714545
6880    77.01595828698706
6980    77.08536476928091
7080    77.07401841218177
7180    76.95645557552484
7280    76.71318441957303
7390    76.29695565963762
7500    75.74267959042066
7610    75.07721114685864
7720    74.33863737576615
7830    73.5657391289867
7940    72.7911061314916
8060    71.97563206995602
8180    71.21719964406023
8300    70.53094343740639
8420    69.92025038196522
8540    69.38856012230005
8660    68.94586854367337
8790    68.5705421682319
8920    68.28596352425876
9050    68.08184844860337
9180    67.970974177773
9310    67.96662924987206
9450    68.08786641276012
9590    68.34648489629032
9730    68.75606096174079
9870    69.3197267183526
10010    70.015177013579
10160    70.85370936693292
10310    71.66314948633797
10460    72.20059781814555
10610    72.2263155308847
10760    71.64140803376546
10920    70.44477154055554
11080    68.95301274711741
11240    67.45448659506022
11400    66.10743492820761
11570    64.88883348743613
11740    63.87725637152273
11910    63.06010775364407
12080    62.427389540890786
12260    61.947377799904444
12440    61.65573135242124
12620    61.55144948065049
12800    61.637069693539424
12990    61.93273449776906
13180    62.425785939768794
13370    63.07889286193637
13560    63.79408290951069
13760    64.42595277517863
13960    64.72602199862123
14160    64.57654241727201
14370    63.98539941844989
14580    63.163598667934494
14790    62.35128179749796
15010    61.6853371133438
15230    61.27246364198702
15450    61.04688092752246
15670    60.80408967701223
15900    60.24320020300476
16130    59.1934826303359
16360    57.63904733908198
16600    55.514582589219835
16840    53.128947475979245
17080    50.88573884852626
17330    48.88371789978804
17580    47.11895939654609
17840    45.33972572838597
18100    43.62071660274836
18360    41.83384989231047
18630    39.35839175476916
18900    36.026198006705435
19170    32.337840984037214
19450    28.592557478363247
19730    24.94972502549927
20000    22.674028142101193
