20    66.51668245328824
20.3    66.54048367475454
20.6    66.56376835682605
20.9    66.58632096240697
21.2    66.60791078120444
21.5    66.6283516200381
21.8    66.64754710992406
22.1    66.66550816070892
22.4    66.68234680263065
22.7    66.69823653737029
23    66.71335801465585
23.3    66.7278539775971
23.6    66.74180288666074
23.9    66.75521656475632
24.2    66.76805914897025
24.6    66.78419936889506
25    66.79912091855734
25.4    66.8127992716561
25.8    66.82528883032172
26.2    66.83668573248013
26.6    66.84708350731827
27    66.85654519523527
27.4    66.86508549484684
27.8    66.8726644017595
28.2    66.87920892109939
28.6    66.88465552522032
29    66.88899099937811
29.4    66.8922756901623
29.8    66.89463526476821
30.2    66.89622094262415
30.6    66.89716897500602
31    66.8975818280152
31.5    66.89744995564956
32    66.8966881810614
32.5    66.89538311392133
33    66.89361080349768
33.5    66.89141846237524
34    66.88881022058573
34.5    66.88575721760984
35    66.88221708547087
35.5    66.87816458915435
36    66.8735982424823
36.5    66.8685297895295
37    66.86296303895872
37.5    66.85688024056789
38    66.85025056188248
38.6    66.84155362641688
39.2    66.83209271902233
39.8    66.82198082599231
40.4    66.81133778492615
41    66.80021728760973
41.6    66.78858528189531
42.2    66.7763700027546
42.8    66.76351275326385
43.4    66.74998301883875
44    66.73578504597974
44.6    66.72099046328455
45.2    66.70573393544383
45.9    66.68749309576629
46.6    66.66876260834223
47.3    66.64941237186369
48    66.6294484685816
48.7    66.60911655657472
49.4    66.58874839684967
50.1    66.56860324504254
50.8    66.54883468543667
51.5    66.5294942163014
52.2    66.51052367198537
53    66.48908318894499
53.8    66.467550383906
54.6    66.44551132944216
55.4    66.4225906631182
56.2    66.398583195177
57    66.37357403269719
57.8    66.34797912678195
58.6    66.3225116160431
59.5    66.29519207725278
60.4    66.27075055780867
61.3    66.2507092612059
62.2    66.23640781021444
63.1    66.2287717735295
64    66.22808807988218
64.9    66.23386796583907
65.8    66.24485030925213
66.8    66.26087929914968
67.8    66.27808671697804
68.8    66.29366682066531
69.8    66.305398328047
70.8    66.31186384432559
71.8    66.31241783601135
72.8    66.30704966795224
73.9    66.29484376089853
75    66.27692987074727
76.1    66.25431775369908
77.2    66.22799715246217
78.3    66.19884302894746
79.4    66.16753085618971
80.6    66.13144384884421
81.8    66.09369142104323
83    66.05446717781611
84.2    66.01384714294697
85.4    65.97184403921851
86.6    65.92848660560048
87.9    65.88015144864174
89.2    65.83079860633703
90.5    65.78108714488266
91.8    65.73187849957041
93.1    65.68418335422795
94.5    65.63573734362885
95.9    65.59150852271637
97.3    65.55242164939641
98.7    65.51894540448961
100    65.49280206533044
102    65.46041222734797
104    65.43409762470407
106    65.40894901475369
108    65.37963436199612
110    65.34147166417038
112    65.29116658992686
114    65.22683500875978
116    65.14775022788265
118    65.05394634257131
120    64.94607331966013
122    64.82587181778408
124    64.69666587464866
126    64.56242514579776
128    64.4277002790152
130    64.29863661628534
132    64.18370027814659
134    64.09338266194325
136    64.03882432991017
138    64.02979948300946
140    64.072853200036
142    64.17048218983318
144    64.32125699830425
146    64.52031345055173
148    64.760113541849
150    65.0313468035693
152    65.32356948700985
154    65.62550546099703
156    65.92534226520456
158    66.21136961861524
160    66.47300170707612
162    66.70193280200785
164    66.89305028730138
166    67.04456079140174
168    67.15754719617688
170    67.23527316906561
173    67.29622418785786
176    67.30628124320408
179    67.28181849904867
182    67.23600614405629
185    67.1785186470785
188    67.11599750140643
191    67.05248107918285
194    66.9900479083565
197    66.92951724254726
200    66.87099238936023
203    66.81422258591513
206    66.75892142451403
209    66.70489526602478
212    66.65198234200179
215    66.59997393965084
218    66.54860848760515
221    66.49773000611087
224    66.44739909009985
227    66.39780216780085
230    66.34913880992104
233    66.30159316327013
236    66.25528443712182
239    66.21022774821651
243    66.1520404371366
247    66.09584343855754
251    66.0413143441524
255    65.98805763131904
259    65.93578594259444
263    65.88433648900224
267    65.83357838798926
271    65.7832770914688
275    65.73300631936544
279    65.68224472525657
283    65.6305767604177
287    65.57778536185576
291    65.52382914785504
295    65.46875433248064
299    65.41260673136034
303    65.35542664349859
307    65.29728120928192
312    65.2234173080494
317    65.14857115059155
322    65.07307940763494
327    64.99711820262641
332    64.92072218630751
337    64.84386245822253
342    64.76649299377081
347    64.68860362832463
352    64.61023944746235
357    64.53137942662471
362    64.45182206546136
367    64.37116153827851
372    64.28890382183064
377    64.2047713971154
383    64.10169127893218
389    63.99767675197112
395    63.89518161712685
401    63.79758155941964
407    63.709014416003
413    63.63412078800373
419    63.57761988959457
425    63.543774044058544
431    63.53567509407951
437    63.55453761152138
443    63.59920671309533
449    63.66603859359196
456    63.764277600041744
463    63.87367736498234
470    63.98290275387399
477    64.08232734935363
484    64.16527396935396
491    64.22835542382865
498    64.2714572098651
505    64.29726436140336
512    64.31016716730275
519    64.31498262044799
527    64.31611337658296
535    64.31731243059527
543    64.3217351500792
551    64.3308334897867
559    64.3446249485716
567    64.36206568747704
575    64.38147480085192
583    64.40096537493247
592    64.42095509630082
601    64.43753434529708
610    64.45052399212054
619    64.46087518668855
628    64.4699049706455
637    64.47859150357277
646    64.48730490157793
655    64.49588807952844
665    64.50471696717509
675    64.51215920430855
685    64.5178528666838
695    64.52182901790596
705    64.52442522587616
715    64.52608849290152
725    64.52721077653939
736    64.52806158574555
747    64.52861667461457
758    64.52901328606465
769    64.52953958589795
780    64.53059355944771
791    64.53255455647641
803    64.53612947347119
815    64.54158890801077
827    64.54913352197495
839    64.55871000978404
851    64.57005140628225
863    64.58292121473622
876    64.5990157855804
889    64.61824151233665
902    64.64131288896438
915    64.66855477628275
928    64.70011037004227
942    64.73893103748493
956    64.78236856119551
970    64.82943978908345
984    64.87888499055134
998    64.93018866497243
1010    64.97628040128399
1020    65.01712704758268
1030    65.06106147853191
1050    65.15945441537646
1070    65.26950782477552
1090    65.38364482413633
1110    65.49001558210864
1130    65.58417237782868
1150    65.67171748812723
1170    65.7579718379121
1190    65.84224529111805
1210    65.92022437909301
1230    65.98822649494858
1250    66.04572185378339
1270    66.09610752617314
1290    66.14589713928568
1310    66.20205937487972
1330    66.26863424679352
1350    66.34548225442154
1370    66.42976633015282
1390    66.51816317391435
1410    66.60828697667495
1430    66.69906724311608
1450    66.79044996072275
1470    66.88260171766626
1490    66.975362688816
1510    67.06846539524729
1530    67.16167442126917
1550    67.25447767835635
1570    67.34617811514048
1590    67.43662935579067
1610    67.52656532587017
1630    67.6170850337556
1650    67.70901550401359
1670    67.80280772605799
1690    67.89859635269367
1710    67.99635115551092
1730    68.09592371334824
1760    68.24778862174429
1790    68.40191140765171
1820    68.55887468642158
1850    68.71970916737548
1880    68.8845165199484
1910    69.05228612893129
1940    69.22180405702525
1970    69.39220887143699
2000    69.56300636680777
2030    69.73371022954622
2060    69.90364596768237
2090    70.07176294711053
2120    70.23685921773878
2150    70.39808450866795
2180    70.55480139757563
2210    70.7063783210688
2240    70.85209673303454
2270    70.99128212273237
2300    71.12320789369909
2330    71.24701043556546
2360    71.36183397534802
2390    71.46684502426724
2420    71.56129945891391
2460    71.67032982599416
2500    71.76025027633185
2540    71.8308147650106
2580    71.88181015961013
2620    71.91352439893302
2660    71.92659519372751
2700    71.92180885255505
2740    71.90030162722772
2780    71.86376085254618
2820    71.81398638003475
2860    71.75279973236803
2900    71.68196550076328
2940    71.60321011753925
2980    71.5185052580826
3020    71.42993511080653
3060    71.33954309378247
3100    71.24931688007538
3150    71.13949811000968
3200    71.03579569851755
3250    70.94106459421666
3300    70.85787147797923
3350    70.78811302233365
3400    70.73274008650128
3450    70.69182419941819
3500    70.66508903940749
3550    70.65200123598711
3600    70.65196533488341
3650    70.66460200454142
3700    70.68963363528536
3750    70.72638836820404
3800    70.77445636995793
3860    70.84811413431643
3920    70.93992084410309
3980    71.0481027579974
4040    71.17094496188889
4100    71.30930644224861
4160    71.46490718211297
4220    71.63785659390155
4280    71.82689384171846
4340    72.03007357721688
4400    72.24515279709651
4460    72.4696167315669
4520    72.70073520388755
4590    72.97498631209359
4660    73.24907084949277
4730    73.5162337359631
4800    73.76832463744428
4870    73.99652386616613
4940    74.19321947159625
5010    74.35166731306236
5080    74.46571313748338
5150    74.53152069725888
5220    74.54927676067405
5300    74.51576243248275
5380    74.43294081491781
5460    74.3094848773047
5540    74.1559704811081
5620    73.98570778914811
5700    73.81179143156155
5780    73.64508572269673
5860    73.49464656912862
5950    73.35202942686948
6040    73.24197241573603
6130    73.1711885860869
6220    73.1458924263955
6310    73.17281519028182
6400    73.26876891850793
6490    73.45841620504301
6580    73.75256447740826
6680    74.18727347082317
6780    74.71476526012677
6880    75.3239122631324
6980    75.99792539890936
7080    76.70970725732985
7180    77.42992370970342
7280    78.12391062426994
7390    78.81021675900547
7500    79.37459259916302
7610    79.76842197266569
7720    79.93973239504137
7830    79.87506404001978
7940    79.61222084311245
8060    79.17874683187355
8180    78.68241717720764
8300    78.1939851936588
8420    77.75477283138486
8540    77.37998801037992
8660    77.07151512860403
8790    76.82578184736386
8920    76.70185423064804
9050    76.68776801283377
9180    76.70042356932518
9310    76.63703782233364
9450    76.38194865514416
9590    75.8571125207299
9730    75.04609714075536
9870    74.01007247725568
10010    72.86148826230209
10160    71.63072828605999
10310    70.48759192916087
10460    69.48062389451967
10610    68.64015733832134
10760    67.97637367280193
10920    67.45800333668336
11080    67.1374395484454
11240    67.02200471775411
11400    67.11928671411971
11570    67.46211830745003
11740    68.04089254607771
11910    68.79360797331276
12080    69.54660605059215
12260    69.99678278997355
12440    69.72020283192526
12620    68.63143596932973
12800    67.00576044173937
12990    65.13682176671168
13180    63.4209544222821
13370    61.9861389849835
13560    60.853514180208265
13760    59.97993402254194
13960    59.430783292143076
14160    59.21515584310735
14370    59.37339833760727
14580    59.97527718439625
14790    61.0715153376955
15010    62.574006344485625
15230    63.64393531945589
15450    63.27674490011254
15670    61.25182427080621
15900    58.25394806642073
16130    55.440734875801915
16360    53.29128918836315
16600    51.6436781664003
16840    50.27081338617896
17080    49.238997787180296
17330    48.67592434210803
17580    48.771334549720905
17840    49.63936518581659
18100    51.03098566550376
18360    52.46750904019899
18630    53.949677408165044
18900    55.707862884363465
19170    57.64769478278809
19450    59.25746147226356
19730    59.68102508103422
20000    59.3596318756679
