20    67.7845785687116
20.3    67.81919326031732
20.6    67.85311493475308
20.9    67.88616411153959
21.2    67.91816418480064
21.5    67.94892645080722
21.8    67.978244120657
22.1    68.00591449707173
22.4    68.0317725945249
22.7    68.05572409970667
23    68.07775883328031
23.3    68.09794112345259
23.6    68.11638365601877
23.9    68.13321523975372
24.2    68.14855646023379
24.6    68.1668670709778
25    68.18290836100385
25.4    68.19685907906765
25.8    68.20889776026831
26.2    68.21920588586306
26.6    68.22795847542075
27    68.23530572009682
27.4    68.24134685197765
27.8    68.24611258746086
28.2    68.24957846901268
28.6    68.25171259446546
29    68.2525249929046
29.4    68.25210090670666
29.8    68.25059748048307
30.2    68.24819563493757
30.6    68.24503883097381
31    68.2411944139101
31.5    68.23539899878762
32    68.22839439708486
32.5    68.22008538985537
33    68.21047255929358
33.5    68.1996509104069
34    68.1877513707939
34.5    68.17487997056813
35    68.16109351982408
35.5    68.14642024651219
36    68.13089595144181
36.5    68.11456965680483
37    68.09748172435411
37.5    68.07964085215895
38    68.0610202149034
38.6    68.03758106912638
39.2    68.01287051595857
39.8    67.9868159063673
40.4    67.95937125458386
41    67.9305483290991
41.6    67.90042738628989
42.2    67.8691432829598
42.8    67.83685831094576
43.4    67.80374635391968
44    67.76998376185654
44.6    67.73575250688575
45.2    67.70123593948028
45.9    67.66082677860004
46.6    67.62047957662014
47.3    67.58041586515145
48    67.54087023465905
48.7    67.50206215364112
49.4    67.46429229794916
50.1    67.42813063567948
50.8    67.39438213093479
51.5    67.36379176909045
52.2    67.3367884388795
53    67.31034252284398
53.8    67.28807741484633
54.6    67.26895059717044
55.4    67.25154289302182
56.2    67.23426169158624
57    67.21563803005556
57.8    67.19455200485388
58.6    67.17025226384888
59.5    67.13852985477158
60.4    67.10194016989377
61.3    67.06061513215538
62.2    67.01504090762714
63.1    66.96595408543746
64    66.9141878651047
64.9    66.86056280732097
65.8    66.80580880688214
66.8    66.74434253969687
67.8    66.68272081861664
68.8    66.62119809617235
69.8    66.55980532790244
70.8    66.49845709625242
71.8    66.4370354737603
72.8    66.37542275714085
73.9    66.30733753478717
75    66.23895342157131
76.1    66.17044173271421
77.2    66.10204902759503
78.3    66.03395477063225
79.4    65.96616695884092
80.6    65.8923987059775
81.8    65.818537370239
83    65.74436770251737
84.2    65.6699983110178
85.4    65.59589892249983
86.6    65.52288535271308
87.9    65.44643822287406
89.2    65.37470077561858
90.5    65.30981822397004
91.8    65.2536814122156
93.1    65.2075230551672
94.5    65.16923633334926
95.9    65.14170246744345
97.3    65.12248757740981
98.7    65.10821446093198
100    65.09610610076612
102    65.07287121288047
104    65.0366552621607
106    64.98262926918977
108    64.90983394649504
110    64.82026318607818
112    64.71760279382451
114    64.60597964463983
116    64.4891780182817
118    64.37034490870198
120    64.25166686200241
122    64.13414197936933
124    64.01790681075282
126    63.90302201749397
128    63.79005328607309
130    63.680420939128396
132    63.576150848230384
134    63.479315898044476
136    63.391580963300804
138    63.313743548874
140    63.24545854892909
142    63.18532759140491
144    63.13123340557307
146    63.081059831066284
148    63.03381662606237
150    62.99047645770284
152    62.953905989164944
154    62.92791874020231
156    62.91601983538837
158    62.92034173418942
160    62.94105932387574
162    62.9763770110804
164    63.02272054562711
166    63.07532017653975
168    63.129195237529004
170    63.18020576471024
173    63.2465894354302
176    63.300817319317915
179    63.34876353939671
182    63.39859628136591
185    63.45701842464972
188    63.526545162663794
191    63.60422466882474
194    63.68244062217663
197    63.75159136371304
200    63.80302844800924
203    63.830966519047166
206    63.833259186528124
209    63.811093132943626
212    63.76788531268775
215    63.708114725426356
218    63.63633555585308
221    63.55654817606519
224    63.471990073202406
227    63.385113245755505
230    63.297685220774724
233    63.21098889962063
236    63.12601716449736
239    63.043568788735115
243    62.93873319397711
247    62.84084560624031
251    62.75052632921994
255    62.66780440936731
259    62.592135882805906
263    62.52255404928971
267    62.45841146099722
271    62.399342560067396
275    62.34485129794366
279    62.29419995999275
283    62.246431751418406
287    62.200463719952666
291    62.15526356076723
295    62.10986374044288
299    62.06332358648102
303    62.01488176582898
307    61.96416285989713
312    61.89762644648353
317    61.827900654563024
322    61.75518564072034
327    61.68008193062177
332    61.60342182054502
337    61.52539357013562
342    61.44585707017839
347    61.36507716327144
352    61.283784949084335
357    61.202739058204685
362    61.12265329624849
367    61.04420944434372
372    60.96802095438353
377    60.89493989848668
383    60.81358600053504
389    60.74298352058332
395    60.687669750364925
401    60.651826591801644
407    60.638538740515216
413    60.64903476304559
419    60.68245423443055
425    60.73641127302388
431    60.807515643515785
437    60.89149453378265
443    60.983425330738356
449    61.078342011699384
456    61.186952404399975
463    61.287731180154196
470    61.376440238155084
477    61.45076372556163
484    61.51020635933679
491    61.55598507721323
498    61.59068032282863
505    61.61750842806555
512    61.63970844798288
519    61.660242941999684
527    61.68496306978413
535    61.7140430347212
543    61.74971330644483
551    61.79290665240977
559    61.84320972568206
567    61.89924419515445
575    61.959152144724555
583    62.0209645547454
592    62.09059131451767
601    62.15859337198913
610    62.22412282421155
619    62.28710323198452
628    62.34781447645986
637    62.40655297912658
646    62.46348488734264
655    62.51867759121505
665    62.57813757979075
675    62.636017090623426
685    62.69267202266735
695    62.748290399940004
705    62.80295139346515
715    62.856619729648074
725    62.90912048767254
736    62.96528548329307
747    63.01979869868029
758    63.072976913663084
769    63.12525027416093
780    63.17709443643219
791    63.22909103100436
803    63.28669459243036
815    63.3458924022207
827    63.407185475114105
839    63.47072671793945
851    63.536416404249806
863    63.604100194851384
876    63.679617336213155
889    63.75758133276216
902    63.83832325608489
915    63.92220044579628
928    64.00950333199354
942    64.10763677942765
956    64.21026386620358
970    64.31738181249318
984    64.42869080552097
998    64.54378256152866
1010    64.64507708501901
1020    64.73110081551309
1030    64.81841526204265
1050    64.99640264048645
1070    65.17811139706112
1090    65.36302080353562
1110    65.55070211192186
1130    65.74026153271932
1150    65.93031709844652
1170    66.11934989451271
1190    66.30591356969701
1210    66.48909204733727
1230    66.6687746169945
1250    66.84579342318074
1270    67.02151723869682
1290    67.19578419405515
1310    67.36531174952177
1330    67.52563458248864
1350    67.67456102416065
1370    67.81289025603883
1390    67.9428487057406
1410    68.06666449794396
1430    68.18604849814889
1450    68.30227424368994
1470    68.41625557229457
1490    68.52858207678815
1510    68.6395567973967
1530    68.74923960538476
1550    68.85762627811998
1570    68.96484565196732
1590    69.07110948910707
1610    69.17663251245901
1630    69.28186430892796
1650    69.38730508678867
1670    69.49318401516666
1690    69.59942266487445
1710    69.70570922487099
1730    69.81168585981149
1760    69.96993171795839
1790    70.12748301455281
1820    70.2845440360661
1850    70.44092650191902
1880    70.5962665548092
1910    70.75059712407507
1940    70.90460859287785
1970    71.05847838326522
2000    71.21130422623267
2030    71.36224198666298
2060    71.5108952840495
2090    71.6573089335624
2120    71.8016119947561
2150    71.94366735020864
2180    72.08294291436107
2210    72.21889752904052
2240    72.35114372833479
2270    72.47978431268746
2300    72.60521245265157
2330    72.72739188131135
2360    72.84584246244766
2390    72.96009932341082
2420    73.06989953760623
2460    73.20909176301728
2500    73.33977063066291
2540    73.46147810341915
2580    73.57365886393448
2620    73.67572415500848
2660    73.76722537676847
2700    73.84783022933225
2740    73.91735336369734
2780    73.97576326206527
2820    74.0229405414953
2860    74.05880441381981
2900    74.08349894713763
2940    74.09757937043358
2980    74.10175257734485
3020    74.09625826898537
3060    74.08092616128259
3100    74.05591100465688
3150    74.01254871257629
3200    73.95853724415338
3250    73.89641608582548
3300    73.8282204360586
3350    73.75600346487592
3400    73.68178212590385
3450    73.60757820078102
3500    73.53524059374757
3550    73.46622857981464
3600    73.40172519582285
3650    73.34240712840909
3700    73.28844844111924
3750    73.2403690523474
3800    73.19931910180819
3860    73.16010555952855
3920    73.13077201463577
3980    73.11032032895976
4040    73.09841853735851
4100    73.09511286795625
4160    73.10054620438164
4220    73.11424086134232
4280    73.13438915595609
4340    73.1576038230514
4400    73.1793061157239
4460    73.19539234319348
4520    73.20408800416513
4590    73.20510047539493
4660    73.19693825306737
4730    73.17851939434868
4800    73.14634437423788
4870    73.09653096288704
4940    73.02575155977846
5010    72.93163518248724
5080    72.81291951256647
5150    72.67009372910195
5220    72.5055191485909
5300    72.29501708829066
5380    72.06582409836778
5460    71.82311184980705
5540    71.57161409806523
5620    71.31590892264553
5700    71.0610007315069
5780    70.81121414939358
5860    70.5695158496356
5950    70.31064158918574
6040    70.0688483490512
6130    69.84693044955478
6220    69.64762290860736
6310    69.47495269066034
6400    69.334039711603
6490    69.22526860947856
6580    69.1417506561985
6680    69.07201763861767
6780    69.02592906379007
6880    69.00119151327289
6980    68.99355828130368
7080    68.99754315843956
7180    69.00711568323419
7280    69.01593733291655
7390    69.01580082704935
7500    68.99066958974059
7610    68.9229629188147
7720    68.79892353707423
7830    68.60399597626305
7940    68.31932202535869
8060    67.88191548651692
8180    67.29409927275358
8300    66.56239738046014
8420    65.72639367584154
8540    64.84535036457504
8660    63.976100818617894
8790    63.09235729020659
8920    62.288739780486424
9050    61.56696912671965
9180    60.92085996087165
9310    60.34160862191131
9450    59.78373453639173
9590    59.28805390892552
9730    58.852759801922005
9870    58.47726616460439
10010    58.16135876190857
10160    57.88966904401619
10310    57.688629371014535
10460    57.57081326157808
10610    57.56313890317213
10760    57.704665351477146
10920    58.097636125948384
11080    58.839020577380325
11240    59.95675676548693
11400    61.351038881570574
11570    62.94260921837992
11740    64.4617951255258
11910    65.76600897689507
12080    66.75458374234623
12260    67.40484518591566
12440    67.65131463067564
12620    67.52708417730798
12800    67.0766372626374
12990    66.32781295181519
13180    65.43594924862248
13370    64.55125729287691
13560    63.78211834431056
13760    63.16250964695597
13960    62.76753032422557
14160    62.609074373235714
14370    62.711010356675416
14580    63.10980785012269
14790    63.83808718602906
15010    64.99664511678691
15230    66.52381286183433
15450    68.1288518136001
15670    69.290053707449
15900    69.55195452817584
16130    68.70459162742212
16360    67.08177582819532
16600    65.22383374870168
16840    63.69645739083693
17080    62.29526526964687
17330    59.77455492302443
17580    56.38380333154171
17840    55.046532984290366
18100    56.4383849139803
18360    58.277707205300274
18630    60.331386927303214
18900    62.55303566121242
19170    64.10037960782496
19450    63.83317581885406
19730    61.502205366029195
20000    59.38383758847985
