20    68.8925
20.3    68.92050008499973
20.6    68.946
20.9    68.97
21.2    68.99199992666692
21.5    69.01175001562504
21.8    69.0305000599997
22.1    69.047875
22.4    69.064
22.7    69.07899995000017
23    69.093
23.3    69.10600004166653
23.6    69.11850000000001
23.9    69.13050000000001
24.2    69.1421666922223
24.6    69.15837497937511
25    69.1745
25.4    69.1905
25.8    69.20450002999985
26.2    69.21649997000014
26.6    69.224875
27    69.22983333055556
27.4    69.23299999624999
27.8    69.2355
28.2    69.2379
28.6    69.24029999999999
29    69.2415
29.4    69.24109999999999
29.8    69.2392
30.2    69.23625
30.6    69.23250000666664
31    69.2281250028125
31.5    69.22
32    69.20949999999999
32.5    69.19800000000001
33    69.187
33.5    69.177
34    69.166
34.5    69.153
35    69.1395
35.5    69.1265
36    69.113
36.5    69.0975
37    69.0815
37.5    69.0675
38    69.055714302551
38.6    69.040200027
39.2    69.01875001406252
39.8    68.9943
40.4    68.96949994666647
41    68.94716666666666
41.6    68.92433332027773
42.2    68.89735712234696
42.8    68.8677499491665
43.4    68.83924997791678
44    68.81292863367338
44.6    68.78600006333355
45.2    68.7594
45.9    68.74000001142855
46.6    68.72799999499998
47.3    68.7117857067347
48    68.69185716377548
48.7    68.677000018
49.4    68.66300003999994
50.1    68.63562499390625
50.8    68.60149995928577
51.5    68.57300000000001
52.2    68.55250002928568
53    68.531
53.8    68.50149996214292
54.6    68.47214286122448
55.4    68.44787502671878
56.2    68.41480000000001
57    68.368
57.8    68.3264
58.6    68.2881
59.5    68.251
60.4    68.21899998312497
61.3    68.17692855510207
62.2    68.11750006857133
63.1    68.07395
64    68.051
64.9    68.03165
65.8    67.9923
66.8    67.9358
67.8    67.88839999999999
68.8    67.85470000000001
69.8    67.8341
70.8    67.7901
71.8    67.744
72.8    67.7046
73.9    67.61240000000001
75    67.549
76.1    67.49949987624969
77.2    67.40576916899423
78.3    67.29653865183388
79.4    67.21600007250018
80.6    67.18925000562501
81.8    67.17396149124272
83    67.13773080562122
84.2    67.09466675583354
85.4    67.03099992999982
86.6    66.95592297787005
87.9    66.8766
89.2    66.7653
90.5    66.66466657708311
91.8    66.59696149124271
93.1    66.56126926591708
94.5    66.47175012812532
95.9    66.37249987999971
97.3    66.3374615304734
98.7    66.25692325479248
100    66.18549999999999
102    66.11683333333333
104    65.9972858188774
106    65.84649999999999
108    65.72716666666668
110    65.57943741367177
112    65.4625
114    65.35875003437508
116    65.33727271673553
118    65.32900000000001
120    65.40015390088762
122    65.481
124    65.58385724081641
126    65.68616666666667
128    65.7575
130    65.78064285714285
132    65.8025
134    65.82849999999999
136    65.839
138    65.797
140    65.7595
142    65.69483333333334
144    65.63775
146    65.58940000000001
148    65.5452
150    65.51
152    65.49440000000001
154    65.4803
156    65.4691
158    65.46370000000002
160    65.4685
162    65.4601
164    65.4418
166    65.4162
168    65.3818
170    65.333
173    65.2501
176    65.16210000000001
179    65.0619
182    64.9639
185    64.866
188    64.7649
191    64.66669999999999
194    64.5731
197    64.4805
200    64.3865
203    64.291
206    64.196
209    64.10050000000001
212    64.004
215    63.904375
218    63.8035
221    63.703625
224    63.6035
227    63.501000000000005
230    63.403
233    63.3095
236    63.2205
239    63.140625
243    63.045500000000004
247    62.971500000000006
251    62.925
255    62.894125
259    62.87375
263    62.855666666666664
267    62.829499999999996
271    62.79266666666666
275    62.741125
279    62.676500000000004
283    62.602500000000006
287    62.523700000000005
291    62.4411
295    62.3555
299    62.268699999999995
303    62.182500000000005
307    62.096000000000004
312    61.987750000000005
317    61.8826
322    61.7787
327    61.676
332    61.575199999999995
337    61.4746
342    61.376900000000006
347    61.279799999999994
352    61.184200000000004
357    61.0924
362    61.0009
367    60.9118
372    60.82770000000001
377    60.74878571428572
383    60.6614
389    60.58925000000001
395    60.53
401    60.495916666666666
407    60.48466666666666
413    60.49858333333333
419    60.53564285714286
425    60.5905
431    60.6575
437    60.733000000000004
443    60.812714285714286
449    60.89683333333333
456    61.001571428571424
463    61.1155
470    61.241
477    61.37614285714286
484    61.5199
491    61.67442857142857
498    61.83016666666666
505    61.987624999999994
512    62.14235714285714
519    62.29264285714285
527    62.4630625
535    62.635125
543    62.80928571428572
551    62.985
559    63.1605625
567    63.333349999999996
575    63.49825
583    63.6528
592    63.811099999999996
601    63.951375
610    64.0735
619    64.18228571428571
628    64.281875
637    64.37559999999999
646    64.46979999999999
655    64.56575
665    64.67075
675    64.77000000000001
685    64.86225
695    64.94624999999999
705    65.02199999999999
715    65.09049999999999
725    65.15325
736    65.2168
747    65.2747
758    65.332
769    65.38826923076923
780    65.44503846153847
791    65.5025
803    65.56299999999999
815    65.62496153846153
827    65.68673076923076
839    65.74825
851    65.81133333333332
863    65.87546153846154
876    65.9466
889    66.02033333333333
902    66.09658333333333
915    66.17592307692308
928    66.25838461538461
942    66.34966666666666
956    66.4445
970    66.54230769230769
984    66.64223076923076
998    66.74516666666668
1010    66.83533333333332
1020    66.91116666666667
1030    66.98750000000001
1050    67.1435625
1070    67.301
1090    67.459
1110    67.61614285714285
1130    67.77177777777777
1150    67.9265
1170    68.07968181818183
1190    68.2305
1210    68.37964285714285
1230    68.52369047619048
1250    68.6625
1270    68.79050000000001
1290    68.90678571428572
1310    69.01335714285713
1330    69.0975
1350    69.15875
1370    69.197
1390    69.208
1410    69.15100000000001
1430    69.042
1450    68.902
1470    68.9352
1490    69.0281
1510    69.1413
1530    69.25120000000001
1550    69.35
1570    69.4276
1590    69.4884
1610    69.5334
1630    69.56540000000001
1650    69.589
1670    69.6114
1690    69.63650000000001
1710    69.66550000000001
1730    69.6994
1760    69.76339999999999
1790    69.8423
1820    69.9341
1850    70.0335
1880    70.136
1910    70.2382
1940    70.3417
1970    70.45009999999999
2000    70.57499999999999
2030    70.7325
2060    70.9325
2090    71.165
2120    71.394
2150    71.571
2180    71.712
2210    71.79237499999999
2240    71.8475
2270    71.868
2300    71.866
2330    71.842
2360    71.7875
2390    71.675
2420    71.51216666666667
2460    71.19225
2500    70.84100000000001
2540    70.60050000000001
2580    70.5095
2620    70.4935
2660    70.4845
2700    70.45466666666667
2740    70.37800000000001
2780    70.237
2820    69.99000000000001
2860    69.6451
2900    69.20150000000001
2940    68.81790000000001
2980    68.67070000000001
3020    68.7305
3060    68.95483333333334
3100    69.19212499999999
3150    69.39500000000001
3200    69.47300000000001
3250    69.51249999999999
3300    69.554
3350    69.604
3400    69.64150000000001
3450    69.6275
3500    69.559
3550    69.5015
3600    69.489
3650    69.5185
3700    69.56700000000001
3750    69.6095
3800    69.59342857142857
3860    69.4606
3920    69.0315
3980    68.50710000000001
4040    68.0735
4100    67.86166666666668
4160    67.85183333333333
4220    67.95064285714285
4280    68.0685
4340    68.18025
4400    68.28214285714286
4460    68.3615
4520    68.3975
4590    68.42457142857143
4660    68.52983333333333
4730    68.71578571428572
4800    68.91535714285715
4870    69.124
4940    69.34
5010    69.5486875
5080    69.7425
5150    69.90899999999999
5220    70.0205
5300    69.99799999999999
5380    69.68549999999999
5460    69.26814285714285
5540    69.316375
5620    69.75
5700    70.232
5780    70.60239999999999
5860    70.8837
5950    71.09825000000001
6040    71.24025
6130    71.37635714285715
6220    71.5615
6310    71.78905
6400    72.019
6490    72.20575
6580    72.3329
6680    72.4051
6780    72.41929999999999
6880    72.4368
6980    72.61019999999999
7080    72.9837
7180    73.3789
7280    73.649
7390    73.76585
7500    73.7225
7610    73.50937499999999
7720    73.16730769230769
7830    72.73203846153847
7940    72.19225
8060    71.46275
8180    70.60803846153846
8300    69.66265384615384
8420    68.70116666666667
8540    68.07266666666666
8660    68.26546153846154
8790    69.0769
8920    69.26853333333334
9050    68.90554166666666
9180    68.34226923076923
9310    67.86807692307693
9450    67.50154166666667
9590    67.30775
9730    67.3263076923077
9870    67.54038461538462
10010    67.9003
10160    68.38973333333334
10310    68.95039285714286
10460    69.5256875
10610    69.9827
10760    70.20963333333333
10920    70.58449999999999
11080    71.19164285714285
11240    71.51494444444444
11400    71.474
11570    71.13565909090909
11740    70.74375
11910    70.34519230769232
12080    69.95378571428571
12260    69.6157857142857
12440    69.35966666666667
12620    69.225
12800    69.1305
12990    68.85282857142857
13180    68.52090000000001
13370    67.64417499999999
13560    66.67779999999999
13760    66.142
13960    65.9415
14160    65.59440000000001
14370    65.06555
14580    64.27789999999999
14790    63.49122
15010    62.94256
15230    62.80088000000001
15450    62.9384
15670    63.2701
15900    63.7025
16130    64.0155
16360    64.05662000000001
16600    63.7145
16840    62.81852
17080    61.37884
17330    59.79488
17580    58.527680000000004
17840    57.66302
18100    57.079499999999996
18360    56.59322
18630    56.305080000000004
18900    56.7285
19170    57.96672
19450    59.327200000000005
19730    59.85654
20000    59.8825
