20    68.7
20.3    68.72650007333309
20.6    68.7485
20.9    68.765
21.2    68.77549996500011
21.5    68.78262500531251
21.8    68.78900003249983
22.1    68.80087499999999
22.4    68.81700000000001
22.7    68.84099992000026
23    68.8665
23.3    68.88950004333319
23.6    68.9025
23.9    68.90325
24.2    68.89783331444437
24.6    68.88525001624991
25    68.8805
25.4    68.8945
25.8    68.91900004624976
26.2    68.93749995375023
26.6    68.93462500000001
27    68.91350002666658
27.4    68.8810000412501
27.8    68.85374999999999
28.2    68.8418
28.6    68.8426
29    68.85300000000001
29.4    68.8598
29.8    68.857
30.2    68.846
30.6    68.82966669444434
31    68.81575000812502
31.5    68.807
32    68.806
32.5    68.8015
33    68.786
33.5    68.763
34    68.742
34.5    68.726
35    68.713
35.5    68.69749999999999
36    68.6765
36.5    68.6505
37    68.6215
37.5    68.59299999999999
38    68.56692860867341
38.6    68.53490005399999
39.2    68.4991875227344
39.8    68.4636
40.4    68.43133326444422
41    68.39733333333334
41.6    68.35649997583326
42.2    68.31571425755106
42.8    68.28299995666653
43.4    68.2559999766668
44    68.22121438469374
44.6    68.17883343111144
45.2    68.13810000000001
45.9    68.10242859795915
46.6    68.06583331444438
47.3    68.01699997857146
48    67.95842863367338
48.7    67.898000086
49.4    67.84600014857122
50.1    67.80174999156249
50.8    67.75449992571438
51.5    67.7025
52.2    67.66150005857135
53    67.625
53.8    67.57899993642866
54.6    67.52942857867346
55.4    67.48900003750005
56.2    67.44669999999999
57    67.39750000000001
57.8    67.3487
58.6    67.29749999999999
59.5    67.232
60.4    67.16774996906246
61.3    67.12192855938777
62.2    67.09800002214283
63.1    67.08335
64    67.01
64.9    67.0136
65.8    67.2344
66.8    67.2355
67.8    66.9212
68.8    66.73679999999999
69.8    66.6279
70.8    66.5103
71.8    66.4088
72.8    66.3163
73.9    66.23769999999999
75    66.15350000000001
76.1    66.08933317291627
77.2    66.01926918630187
78.3    65.92523094177474
79.4    65.82775012687532
80.6    65.72474986937468
81.8    65.6178075450595
83    65.50919241109443
84.2    65.40350017000043
85.4    65.31066660458318
86.6    65.24315375349134
87.9    65.1834
89.2    65.10196666666667
90.5    65.00583324166644
91.8    64.90119216417193
93.1    64.78707704289913
94.5    64.65737512343782
95.9    64.51499976749942
97.3    64.36003840952674
98.7    64.2004233932537
100    64.032
102    63.79716666666667
104    63.554214463265055
106    63.2915
108    63.02066666666667
110    62.832499915624894
112    62.8955
114    63.269666270832346
116    63.61572752871936
118    63.9885
120    64.28773099940847
122    64.5245
124    64.68259538866226
126    64.85433333333333
128    65.0335
130    65.16978571428572
132    65.2955
134    65.35300000000001
136    65.3445
138    65.275
140    65.1945
142    65.10616666666667
144    65.01225
146    64.9087
148    64.8027
150    64.70150000000001
152    64.6115
154    64.5224
156    64.4392
158    64.36410000000001
160    64.29650000000001
162    64.23570000000001
164    64.174
166    64.11240000000001
168    64.053
170    63.999
173    63.932399999999994
176    63.855799999999995
179    63.7655
182    63.6651
185    63.5565
188    63.44540000000001
191    63.3406
194    63.238299999999995
197    63.1361
200    63.0355
203    62.938
206    62.843
209    62.751000000000005
212    62.66
215    62.57225
218    62.489000000000004
221    62.414249999999996
224    62.341499999999996
227    62.2695
230    62.202
233    62.133
236    62.0595
239    61.986374999999995
243    61.89
247    61.795
251    61.698875
255    61.603375
259    61.510625000000005
263    61.417833333333334
267    61.3265
271    61.2365
275    61.14625
279    61.057874999999996
283    60.970600000000005
287    60.8834
291    60.796099999999996
295    60.7085
299    60.6205
303    60.5325
307    60.4445
312    60.331875
317    60.2185
322    60.1087
327    60.001000000000005
332    59.9
337    59.8054
342    59.7148
347    59.6301
352    59.5464
357    59.4644
362    59.391999999999996
367    59.333299999999994
372    59.289500000000004
377    59.26978571428572
383    59.271300000000004
389    59.319500000000005
395    59.3945
401    59.50866666666666
407    59.64266666666667
413    59.781083333333335
419    59.91471428571428
425    60.039
431    60.147000000000006
437    60.236
443    60.31785714285714
449    60.39566666666667
456    60.481
463    60.56933333333333
470    60.66242857142858
477    60.754642857142855
484    60.848
491    60.95285714285714
498    61.06933333333333
505    61.1955625
512    61.329071428571424
519    61.47085714285714
527    61.6370625
535    61.8004375
543    61.95492857142857
551    62.091071428571425
559    62.2055
567    62.294399999999996
575    62.366249999999994
583    62.421899999999994
592    62.4672
601    62.50325
610    62.53171428571429
619    62.55828571428572
628    62.58775
637    62.620400000000004
646    62.6564
655    62.694500000000005
665    62.73875
675    62.785250000000005
685    62.83225
695    62.877250000000004
705    62.92075
715    62.9645
725    63.0085
736    63.0572
747    63.108599999999996
758    63.163
769    63.2206923076923
780    63.28146153846154
791    63.34425
803    63.4125
815    63.48092307692308
827    63.55769230769231
839    63.639875
851    63.722833333333334
863    63.81115384615384
876    63.911
889    64.0166
902    64.12116666666667
915    64.18165384615385
928    64.18626923076923
942    64.23783333333333
956    64.35775000000001
970    64.48530769230769
984    64.61357692307692
998    64.74508333333333
1010    64.85866666666666
1020    64.95316666666668
1030    65.0475
1050    65.2333125
1070    65.41616666666667
1090    65.59700000000001
1110    65.77878571428572
1130    65.96088888888889
1150    66.14500000000001
1170    66.33
1190    66.51538461538462
1210    66.70114285714286
1230    66.88661904761905
1250    67.072
1270    67.25716666666666
1290    67.44078571428572
1310    67.62335714285715
1330    67.803
1350    67.981
1370    68.15674999999999
1390    68.331
1410    68.50416666666666
1430    68.6765
1450    68.8495
1470    69.0223
1490    69.19479999999999
1510    69.368
1530    69.54220000000001
1550    69.71700000000001
1570    69.893
1590    70.0687
1610    70.24369999999999
1630    70.41839999999999
1650    70.594
1670    70.7692
1690    70.9453
1710    71.1213
1730    71.2969
1760    71.56049999999999
1790    71.82329999999999
1820    72.0825
1850    72.3375
1880    72.58330000000001
1910    72.8183
1940    73.0391
1970    73.24170000000001
2000    73.4225
2030    73.578
2060    73.709
2090    73.8135
2120    73.892
2150    73.94187500000001
2180    73.976
2210    73.981625
2240    73.9745
2270    73.94749999999999
2300    73.9065
2330    73.85300000000001
2360    73.78649999999999
2390    73.708875
2420    73.62366666666667
2460    73.497625
2500    73.36250000000001
2540    73.215
2580    73.061
2620    72.90299999999999
2660    72.744375
2700    72.58683333333333
2740    72.43475000000001
2780    72.28775
2820    72.14590000000001
2860    72.00829999999999
2900    71.87549999999999
2940    71.7487
2980    71.627
3020    71.5105
3060    71.39966666666666
3100    71.29487499999999
3150    71.166
3200    71.0335
3250    70.8905
3300    70.73249999999999
3350    70.5625
3400    70.394
3450    70.2425
3500    70.1195
3550    70.02799999999999
3600    69.96950000000001
3650    69.94
3700    69.9365
3750    69.955
3800    69.99607142857144
3860    70.06129999999999
3920    70.156
3980    70.2694
4040    70.41
4100    70.57266666666666
4160    70.7585
4220    70.96814285714285
4280    71.19874999999999
4340    71.45275000000001
4400    71.72900000000001
4460    72.02383333333333
4520    72.3381
4590    72.729
4660    73.13833333333332
4730    73.56214285714286
4800    73.99292857142856
4870    74.4255
4940    74.84649999999999
5010    75.22693749999999
5080    75.5625
5150    75.8335
5220    76.03200000000001
5300    76.1485
5380    76.142
5460    76.01278571428571
5540    75.787
5620    75.5446
5700    75.325
5780    75.011
5860    74.6751
5950    74.2975
6040    73.9435
6130    73.6305
6220    73.36250000000001
6310    73.15155
6400    72.9855
6490    72.87525
6580    72.81299999999999
6680    72.79330000000002
6780    72.8215
6880    72.8878
6980    72.9797
7080    73.08699999999999
7180    73.197
7280    73.2878
7390    73.3374
7500    73.304
7610    73.15641666666667
7720    72.89453846153847
7830    72.53661538461537
7940    72.101
8060    71.554
8180    70.96549999999999
8300    70.37088461538463
8420    69.79650000000001
8540    69.26483333333334
8660    68.7891923076923
8790    68.34389999999999
8920    67.99966666666667
9050    67.73591666666667
9180    67.58207692307693
9310    67.5315
9450    67.593625
9590    67.77725
9730    68.08003846153846
9870    68.49065384615385
10010    68.97806666666668
10160    69.50286666666666
10310    69.88546428571428
10460    69.91856250000001
10610    69.5054
10760    68.63499999999999
10920    67.360875
11080    65.90121428571427
11240    64.45061111111112
11400    63.10808333333333
11570    62.045204545454546
11740    61.30225
11910    61.569057692307695
12080    62.19235714285715
12260    63.53435714285715
12440    64.98433333333332
12620    66.13
12800    66.9325
12990    67.54755714285714
13180    68.1585
13370    68.706275
13560    69.0684
13760    69.06790000000001
13960    68.6089
14160    67.79236666666667
14370    66.82415
14580    65.71094
14790    64.40696
15010    62.61122
15230    60.18506
15450    57.3381
15670    54.41166
15900    51.4931
16130    48.80636
16360    46.42396
16600    44.317
16840    42.45604
17080    40.6906
17330    39.06952
17580    37.726
17840    37.0333
18100    38.064099999999996
18360    40.64776
18630    42.25882
18900    40.7338
19170    36.2428
19450    29.778
19730    22.75948
20000    22.255000000000003
