20    72.37584298994358
20.3    72.3999556627295
20.6    72.42464304263713
20.9    72.45085090845103
21.2    72.47905339371432
21.5    72.50892468767998
21.8    72.53940774198279
22.1    72.56910573018843
22.4    72.59679587832223
22.7    72.62183925044417
23    72.64435622087449
23.3    72.66513127953746
23.6    72.68531909596894
23.9    72.70604685894719
24.2    72.72802937297516
24.6    72.75927143240284
25    72.7912316534736
25.4    72.8214629956746
25.8    72.84782138837556
26.2    72.86954716967449
26.6    72.88757323906361
27    72.90385447923993
27.4    72.92015746074635
27.8    72.93710524128372
28.2    72.95406305272618
28.6    72.96978631785552
29    72.98321646608197
29.4    72.99384497267023
29.8    73.00154778010065
30.2    73.00624798169694
30.6    73.00780123926606
31    73.00619212225567
31.5    73.00037912818175
32    72.99193576388305
32.5    72.98280663232575
33    72.97442229240778
33.5    72.9674338300668
34    72.96200399837221
34.5    72.95814088048476
35    72.95575486276334
35.5    72.95457583028193
36    72.95418638614458
36.5    72.95415233728923
37    72.95409737671892
37.5    72.95366293205348
38    72.95244810303876
38.6    72.94936264498656
39.2    72.9438993665859
39.8    72.93559230138007
40.4    72.92410963168442
41    72.90930284479695
41.6    72.89143825560743
42.2    72.87130936847186
42.8    72.85002913171671
43.4    72.82874298183216
44    72.80856251783118
44.6    72.79060844385403
45.2    72.77586651744552
45.9    72.76337545840036
46.6    72.75564390594694
47.3    72.75153142150499
48    72.74968826894752
48.7    72.74898817281334
49.4    72.74859014652243
50.1    72.74790905732843
50.8    72.74659139165274
51.5    72.7443583229957
52.2    72.7408229299786
53    72.73455759280718
53.8    72.72525227056525
54.6    72.71238236498601
55.4    72.69570536825431
56.2    72.67533679780504
57    72.65156564788866
57.8    72.62456817698241
58.6    72.59451160877501
59.5    72.55757877418094
60.4    72.51802271055345
61.3    72.47616253054781
62.2    72.43231072655948
63.1    72.38727296234262
64    72.34213422565833
64.9    72.29779181463334
65.8    72.25476645742663
66.8    72.20877701912323
67.8    72.16472988706468
68.8    72.12234530600877
69.8    72.08113216876049
70.8    72.04058806849649
71.8    72.00023683429112
72.8    71.9597519797151
73.9    71.91473846027225
75    71.8684700590857
76.1    71.81970086334071
77.2    71.76723053725087
78.3    71.7105143470325
79.4    71.64974616544464
80.6    71.57954427044731
81.8    71.5062173007872
83    71.43081376220965
84.2    71.3542927867332
85.4    71.27734162359478
86.6    71.20040659898896
87.9    71.11733954200957
89.2    71.03462399776521
90.5    70.9522756497027
91.8    70.8701204804365
93.1    70.78795153183742
94.5    70.69928238965588
95.9    70.61010049877956
97.3    70.5204868860333
98.7    70.43100286600776
100    70.34868709457487
102    70.22634531981937
104    70.1160658187799
106    70.0284241800679
108    69.97307425666102
110    69.95584781932746
112    69.9781233692488
114    70.03641731884719
116    70.1225749821351
118    70.22624787697674
120    70.33651783286692
122    70.44188175139448
124    70.5311269745599
126    70.5953471566512
128    70.62978121404439
130    70.63433050841559
132    70.6122950768725
134    70.56877344718161
136    70.50929134344392
138    70.43853451223765
140    70.35963960052024
142    70.27455010383531
144    70.18458071454444
146    70.09091613980911
148    69.99481044979925
150    69.89739692567353
152    69.799585641493
154    69.70227768261391
156    69.60651516607857
158    69.51316833498382
160    69.42238615810365
162    69.33344429033244
164    69.24518958376451
166    69.15683853902979
168    69.06820684259682
170    68.97950640368464
173    68.84704106930286
176    68.71606644053611
179    68.5870284723246
182    68.45977131384726
185    68.33379496784931
188    68.20864682070118
191    68.08403243678296
194    67.95981165992362
197    67.83582740664122
200    67.71156077314014
203    67.58622944675169
206    67.45928139224935
209    67.33075179993726
212    67.20144083764973
215    67.07310695728246
218    66.94833436661584
221    66.8302205511335
224    66.7222976985307
227    66.62841156081723
230    66.55201912538686
233    66.49520554296447
236    66.45790960548302
239    66.43775601006476
243    66.42985622195945
247    66.43007351288185
251    66.42363093658642
255    66.40084331938506
259    66.35707586176645
263    66.29256500065104
267    66.21133877753124
271    66.11828832696406
275    66.01780000460366
279    65.91294164480598
283    65.80578084979831
287    65.69793120831932
291    65.59000095447499
295    65.48125560679733
299    65.37093157308647
303    65.25934772119587
307    65.14745284399456
312    65.00824784327155
317    64.86935869155994
322    64.72993848911335
327    64.59053353084838
332    64.45335267818236
337    64.32140937939431
342    64.19787574702212
347    64.08591206186769
352    63.98891401137124
357    63.910301436392345
362    63.85235122891084
367    63.81617370343733
372    63.80177698531851
377    63.80796712498757
383    63.84002131228108
389    63.893485106905686
395    63.95740036563082
401    64.01921201325817
407    64.06899699571284
413    64.1018158764076
419    64.11714518938291
425    64.11786288659108
431    64.10917316981683
437    64.0954481373026
443    64.0784144041764
449    64.05817472290937
456    64.03003941547442
463    63.996528178378455
470    63.95798498434473
477    63.91584746182279
484    63.87212635790526
491    63.829000532851055
498    63.78865355081233
505    63.75322743540417
512    63.724039695738384
519    63.70139878497751
527    63.683459517718745
535    63.67367053255052
543    63.67139901156702
551    63.67615699245228
559    63.68751134225482
567    63.70471120379929
575    63.726076089581866
583    63.7501027520383
592    63.78041177472492
601    63.817051441901015
610    63.86283476017481
619    63.916430947771545
628    63.9724396692319
637    64.02651413859579
646    64.07658119681213
655    64.12176493370086
665    64.16618079307
675    64.20506918697846
685    64.23908317280117
695    64.26929196594298
705    64.29695700879373
715    64.32304915399139
725    64.34820223819364
736    64.37550907482867
747    64.40314843383945
758    64.4317471928166
769    64.46219234981135
780    64.49536925551479
791    64.53170120500172
803    64.57487430775222
815    64.62112799501645
827    64.66972034929628
839    64.7205585390573
851    64.7741601060677
863    64.83077834701727
876    64.89520514127875
889    64.9622357838049
902    65.03128674852243
915    65.10236572862348
928    65.17586155842267
942    65.2579864189436
956    65.34306472358666
970    65.43067254556505
984    65.52047249967907
998    65.61237801079464
1010    65.69315763239803
1020    65.76239153162904
1030    65.83388846293536
1050    65.98499653821054
1070    66.1465231824235
1090    66.31055520966905
1110    66.45587355913258
1130    66.55794678040205
1150    66.62185696304138
1170    66.6812203805718
1190    66.76627901491233
1210    66.87840607547871
1230    67.01727292796122
1250    67.1845813790546
1270    67.36828755009302
1290    67.55192532214419
1310    67.72589115006173
1330    67.88786862874153
1350    68.03910438942836
1370    68.18167796325929
1390    68.31770307096777
1410    68.44931764188794
1430    68.57854987256886
1450    68.70695297322996
1470    68.83507290046589
1490    68.96262647027709
1510    69.0892822134338
1530    69.21503473754045
1550    69.34002668844747
1570    69.46430653299495
1590    69.58764638379306
1610    69.70950852981129
1630    69.82954259098086
1650    69.94766521947123
1670    70.06377022905124
1690    70.17764304525787
1710    70.288993681356
1730    70.39750011458776
1760    70.55445766908855
1790    70.70427076938557
1820    70.84707087369432
1850    70.98313996093015
1880    71.11326030592522
1910    71.23742038021771
1940    71.35472751642014
1970    71.46501659510662
2000    71.56901334569716
2030    71.66710858310024
2060    71.75948581829434
2090    71.84604737681803
2120    71.92629358412651
2150    71.9996466509597
2180    72.06590449548688
2210    72.12511149641107
2240    72.1767203021539
2270    72.21936195597124
2300    72.25151775728868
2330    72.27239278649134
2360    72.28205876755425
2390    72.28098160761112
2420    72.2697690153287
2460    72.240963893822
2500    72.20007675166786
2540    72.15115251935134
2580    72.09687699972321
2620    72.03896280817551
2660    71.9787709007099
2700    71.91785285954444
2740    71.85851080542832
2780    71.80366287518243
2820    71.75621558315993
2860    71.71798234992477
2900    71.68899896404042
2940    71.66770903583284
2980    71.65137996995014
3020    71.63707424386749
3060    71.62326485047356
3100    71.61053756625768
3150    71.59880238420908
3200    71.59477463421308
3250    71.60133300341386
3300    71.62094958280983
3350    71.65612348082416
3400    71.70808608595964
3450    71.7760676656707
3500    71.85924854619854
3550    71.957503688814
3600    72.07072385906253
3650    72.19959871859729
3700    72.3452044279015
3750    72.50821017876538
3800    72.68930031013298
3860    72.9319788584657
3920    73.2044087294096
3980    73.50885185371934
4040    73.84430756458718
4100    74.20076384754802
4160    74.55526624998265
4220    74.89478212279539
4280    75.2456307067601
4340    75.62830722905608
4400    76.00626574947579
4460    76.31179474815792
4520    76.49307859392894
4590    76.54927720819569
4660    76.53159064870485
4730    76.49283776483057
4800    76.34300467162822
4870    76.0123610206898
4940    75.53538841447701
5010    74.9774108697082
5080    74.38615915949288
5150    73.78863167669225
5220    73.19976775266161
5300    72.55167319733447
5380    71.94208046585116
5460    71.37842120271895
5540    70.8636884993353
5620    70.39716625927491
5700    69.97843314167837
5780    69.60798510979453
5860    69.28469105881815
5950    68.97540454730138
6040    68.72192130425177
6130    68.52413137963133
6220    68.38361387123228
6310    68.30004318032684
6400    68.27163269241701
6490    68.29728751986619
6580    68.3766043618627
6680    68.52739566102244
6780    68.74155764670651
6880    69.01456604126706
6980    69.34329385866016
7080    69.72762181156125
7180    70.16517933937305
7280    70.64444003901534
7390    71.19277285585275
7500    71.72074100013648
7610    72.17416442088134
7720    72.49218902386316
7830    72.62191544928817
7940    72.54044070680015
8060    72.22806819867475
8180    71.73753209400516
8300    71.13959288288032
8420    70.50339996920539
8540    69.87928995315136
8660    69.30037172090636
8790    68.75299602705834
8920    68.30765535254153
9050    67.97483519344723
9180    67.76150698469385
9310    67.6731605947003
9450    67.72476931230264
9590    67.93775731923799
9730    68.32517890638579
9870    68.90665056512464
10010    69.70823385440917
10160    70.8385629319996
10310    72.22263454929046
10460    73.66733262904398
10610    74.73064818651187
10760    74.87238396784315
10920    73.79678850480732
11080    71.91459643103269
11240    69.88685774537504
11400    68.07899144443581
11570    66.49292548347388
11740    65.23020671171597
11910    64.25615779260303
12080    63.53510360226832
12260    63.001086005823396
12440    62.66535621043177
12620    62.51997895143223
12800    62.575446521628535
12990    62.8682196800229
13180    63.416387729828074
13370    64.2293347866129
13560    65.30808139916843
13760    66.68733306993386
13960    68.07469484703876
14160    69.05614464006341
14370    69.42106274244861
14580    69.20633481199212
14790    68.7205054960971
15010    68.37574515022598
15230    68.40637056965278
15450    68.67268545891531
15670    68.79687150102797
15900    68.11714701072441
16130    66.15621396987609
16360    63.34901585290997
16600    60.41092345014323
16840    57.84577480979281
17080    55.76652251519623
17330    54.17942067884118
17580    53.04712229773122
17840    52.211103443986275
18100    51.65158660461903
18360    51.374611616261134
18630    51.37961276958945
18900    51.64266210535985
19170    52.19092938188105
19450    53.127799008981455
19730    54.184757120806424
20000    54.758994468687725
