20    64.62433696276094
20.3    64.66454509862325
20.6    64.70345437593147
20.9    64.74046705219038
21.2    64.77537821097417
21.5    64.80848674994976
21.8    64.8404479036564
22.1    64.87199022771642
22.4    64.90365660573994
22.7    64.9356550344093
23    64.96785581363369
23.3    64.99989958726576
23.6    65.03136212045771
23.9    65.06189906795281
24.2    65.09132296120981
24.6    65.12879832552261
25    65.16446982903337
25.4    65.19861038211398
25.8    65.2314257777102
26.2    65.26304128686974
26.6    65.29355226957809
27    65.32306528907931
27.4    65.35169884940261
27.8    65.37956299399121
28.2    65.4067562698439
28.6    65.43338710741732
29    65.45957880001141
29.4    65.48543959622475
29.8    65.51100542982813
30.2    65.53620273772555
30.6    65.56086345713037
31    65.58478400347153
31.5    65.61340399795367
32    65.64047932518616
32.5    65.66603180193596
33    65.69017105647399
33.5    65.71306993701205
34    65.73498623920725
34.5    65.75623560630325
35    65.77707103263802
35.5    65.79757427686593
36    65.8176969578428
36.5    65.83745068139665
37    65.85707047160372
37.5    65.87698291213735
38    65.89760160338535
38.6    65.92349920346817
39.2    65.95037017067666
39.8    65.9774984611156
40.4    66.00404740135355
41    66.02932101564801
41.6    66.05287685383215
42.2    66.07451714713655
42.8    66.09424384007374
43.4    66.11220615934772
44    66.12862794439336
44.6    66.14374093236854
45.2    66.15775148223759
45.9    66.17294740353441
46.6    66.18717023522672
47.3    66.20072450313923
48    66.21397276990518
48.7    66.22730624172766
49.4    66.24111292201377
50.1    66.25572510564749
50.8    66.27113818727048
51.5    66.28672108198793
52.2    66.30149362265007
53    66.3165504010851
53.8    66.32944855242718
54.6    66.34016257805537
55.4    66.34890116130401
56.2    66.35658405376637
57    66.36442209524927
57.8    66.3729195258948
58.6    66.3815730909037
59.5    66.39025847996598
60.4    66.39669311304942
61.3    66.40039757800295
62.2    66.40156652041108
63.1    66.40080182595034
64    66.39888502930685
64.9    66.3965744886774
65.8    66.39443183032358
66.8    66.39261235440225
67.8    66.39153825802248
68.8    66.39126755919084
69.8    66.3917940156482
70.8    66.39304686532395
71.8    66.39486396161136
72.8    66.39699727826701
73.9    66.39938401086896
75    66.40145370738433
76.1    66.40286259787518
77.2    66.40333910958813
78.3    66.40265225291641
79.4    66.40061998290115
80.6    66.39677532276212
81.8    66.39128532814532
83    66.38430587274316
84.2    66.37600449332146
85.4    66.36652996212965
86.6    66.35599167839925
87.9    66.34345683249168
89.2    66.32986852299835
90.5    66.31537736660893
91.8    66.30012440956915
93.1    66.2841813924523
94.5    66.2662275623842
95.9    66.24736639876599
97.3    66.22742786029852
98.7    66.20626528202217
100    66.185428769912
102    66.15074504177726
104    66.11201906275926
106    66.06833435542067
108    66.01927260722293
110    65.96511292356962
112    65.90694354203421
114    65.84650224727562
116    65.78569049882312
118    65.72626403582012
120    65.66968433350061
122    65.61694978076338
124    65.56847067724274
126    65.52428714172386
128    65.48452020207603
130    65.44994916831791
132    65.42250596034742
134    65.40555710590445
136    65.40393730740993
138    65.42365020617211
140    65.47121569563893
142    65.55269897158678
144    65.67265318373025
146    65.83308426897224
148    66.03256127149176
150    66.26577619593343
152    66.52381705445686
154    66.79511196575899
156    67.06683524323088
158    67.32650785941632
160    67.56346730862731
162    67.7699292099183
164    67.94149070536793
166    68.07693044072371
168    68.17757396679221
170    68.24647925709075
173    68.29926206864916
176    68.3042981704074
179    68.27472537584848
182    68.22107358430745
185    68.15129611127392
188    68.07133214551965
191    67.98595390291233
194    67.89858806088918
197    67.81163154748447
200    67.72684396281116
203    67.6454526174019
206    67.56815601271029
209    67.49508610920674
212    67.42582444469224
215    67.35958136481695
218    67.29545407154848
221    67.23261070537221
224    67.1704078371588
227    67.10847193851843
230    67.04669220676857
233    66.98513545067237
236    66.9239404168179
239    66.86322906642576
243    66.78309423734117
247    66.70378220547337
251    66.62503907173206
255    66.54656010711463
259    66.46807857926413
263    66.38941123251946
267    66.31049187304845
271    66.23138845313893
275    66.15223979342872
279    66.07319667935519
283    65.99437577488433
287    65.91584440619103
291    65.83764051867675
295    65.75980997217562
299    65.68246531596779
303    65.60579871612164
307    65.53001403892513
312    65.43670436292315
317    65.3449442458325
322    65.25442235201982
327    65.16449930237754
332    65.07427959996858
337    64.98281686212414
342    64.88932958102552
347    64.79332786771045
352    64.69462778805087
357    64.59331370111289
362    64.48974773980748
367    64.38463923465125
372    64.27915287605839
377    64.17502258104153
383    64.05526003812372
389    63.94619213551181
395    63.854145808346374
401    63.78610377190206
407    63.74894635551362
413    63.74839772064682
419    63.78785684440304
425    63.86740033427479
431    63.98326042946916
437    64.12800305277817
443    64.29143786568687
449    64.46209725161721
456    64.65564605024153
463    64.82944865771802
470    64.97348377900465
477    65.0826805417422
484    65.15648958690693
491    65.19799232072397
498    65.21284581612487
505    65.20817828074604
512    65.19151866048176
519    65.16986757976304
527    65.14630405378752
535    65.12960830397634
543    65.12277555474384
551    65.12612198062311
559    65.13789907559095
567    65.15512009654375
575    65.1744400264108
583    65.19286179785969
592    65.20971787874467
601    65.22061009252079
610    65.22482376625909
619    65.22267416794563
628    65.21515490562444
637    65.20350063326808
646    65.18885609948367
655    65.17208337465436
665    65.15161864616172
675    65.12972639378697
685    65.10691196184698
695    65.0837884064494
705    65.06111411373917
715    65.03974429961039
725    65.02053731767266
736    65.00274970507897
747    64.98908787846017
758    64.97984491273023
769    64.97494453552011
780    64.97399197795531
791    64.97643216930796
803    64.98230569998617
815    64.9909490747228
827    65.00193760094868
839    65.01507841211742
851    65.03042153142619
863    65.04818680814353
876    65.07051170955842
889    65.09642787141979
902    65.126323303685
915    65.16057310285979
928    65.19947047847205
942    65.24669293032771
956    65.29930869316803
970    65.3568859849462
984    65.41877188982764
998    65.48415063584866
1010    65.54221242096729
1020    65.59152335032138
1030    65.64131422230781
1050    65.74135853393986
1070    65.8410425629917
1090    65.93987743594542
1110    66.03794984215831
1130    66.13566901863436
1150    66.23361878528107
1170    66.33228334270115
1190    66.43208483119977
1210    66.53338407891292
1230    66.63628286489052
1250    66.74048361769916
1270    66.84529675563603
1290    66.94977316154291
1310    67.05276782406736
1330    67.15311943538532
1350    67.24988600931009
1370    67.3424445031805
1390    67.43051053382197
1410    67.51414969145478
1430    67.59377025398376
1450    67.66993226826656
1470    67.74326412528046
1490    67.81438717432817
1510    67.88391778224403
1530    67.95239732433993
1550    68.02017133079825
1570    68.0874125773754
1590    68.1541995014788
1610    68.2205601316947
1630    68.28658814063965
1650    68.35240153461444
1670    68.41813698124434
1690    68.48391145648918
1710    68.54980543549622
1730    68.6158669771606
1760    68.71530686601503
1790    68.81527110346002
1820    68.91552711997093
1850    69.01588054788223
1880    69.11645609867605
1910    69.21741233710182
1940    69.31874053606077
1970    69.42057996662535
2000    69.52340062320417
2030    69.62757290741524
2060    69.73351320969806
2090    69.84155335863805
2120    69.9518845433171
2150    70.06450181860792
2180    70.17921429698573
2210    70.29567812579171
2240    70.41345309138813
2270    70.53200731432045
2300    70.65085526552835
2330    70.76967759395984
2360    70.88833718903801
2390    71.00677049798053
2420    71.12490506087235
2460    71.28189169441136
2500    71.43830754638037
2540    71.5941521138297
2580    71.74918582886522
2620    71.90307540611786
2660    72.05575819581674
2700    72.20720601620215
2740    72.35729383387996
2780    72.50602038049104
2820    72.65352540438823
2860    72.79999606167812
2900    72.94535484258782
2940    73.08955286995955
2980    73.23283327773615
3020    73.3754689494794
3060    73.51767683024084
3100    73.65959967442748
3150    73.83665188569938
3200    74.01338245570196
3250    74.18939785275896
3300    74.36367866263657
3350    74.5347101990942
3400    74.70032776134732
3450    74.85753725145793
3500    75.00303536374489
3550    75.1336369095644
3600    75.24652995568502
3650    75.3396073497647
3700    75.41173056260106
3750    75.46243179727503
3800    75.4915932009935
3860    75.49854923369924
3920    75.47619897196951
3980    75.42621603575995
4040    75.35093383309822
4100    75.25351453966093
4160    75.13790364355049
4220    75.00862008168741
4280    74.87016668764905
4340    74.72690042261333
4400    74.58223466705505
4460    74.43784405955687
4520    74.29409593308135
4590    74.12716202440032
4660    73.96081604931813
4730    73.79458291859848
4800    73.62812329261344
4870    73.46144167422615
4940    73.295086219907
5010    73.1298679616161
5080    72.96698961501852
5150    72.80828089578692
5220    72.65607062440455
5300    72.49331282123289
5380    72.34634976989612
5460    72.21948555319372
5540    72.11625128499952
5620    72.04037102467794
5700    71.99543401052526
5780    71.9838839262018
5860    72.0076331426955
5950    72.07881919579849
6040    72.19860294986591
6130    72.368989575255
6220    72.5920279923912
6310    72.86624899625193
6400    73.18778742894204
6490    73.55263877813499
6580    73.94958522548541
6680    74.39115146422851
6780    74.78656500884469
6880    75.14500793364917
6980    75.51419271361155
7080    75.88156895942376
7180    76.17906818083955
7280    76.35226369397803
7390    76.37778639249828
7500    76.24375294331793
7610    75.98438671284313
7720    75.64379936092317
7830    75.2646851154677
7940    74.87957552382129
8060    74.47621793460955
8180    74.10090079510988
8300    73.74979223872924
8420    73.40442891977673
8540    73.02996824631356
8660    72.58412713110958
8790    72.0208638109903
8920    71.52349519170014
9050    71.34721709383285
9180    71.58133698558368
9310    72.0528612188425
9450    72.59936555090042
9590    73.16421122049101
9730    73.78750015022433
9870    74.35450121188362
10010    74.74550011874844
10160    75.01051064428862
10310    75.32312852587023
10460    75.83537425502128
10610    76.50072568523697
10760    77.1706785469039
10920    77.74823210869283
11080    78.11866346295758
11240    78.29716160513306
11400    78.33703742321366
11570    78.2960816945442
11740    78.2305591940402
11910    78.1829508318128
12080    78.17740939677287
12260    78.22633053599276
12440    78.32601479424478
12620    78.45777711592379
12800    78.58806215864546
12990    78.67084076507976
13180    78.63413589907891
13370    78.427819514296
13560    78.03872431382862
13760    77.46490138984441
13960    76.79730762288297
14160    76.12514499253598
14370    75.49704243689284
14580    75.00850575288342
14790    74.69883802285335
15010    74.59013687012242
15230    74.68301817322907
15450    74.80402891358256
15670    74.54109222638797
15900    73.57687331288564
16130    72.33473590353452
16360    71.35347920959299
16600    70.5329517569298
16840    69.60835385704164
17080    68.53515430143102
17330    67.41338683025575
17580    66.41271777426363
17840    65.57668457819392
18100    64.99303694695047
18360    64.69956986289962
18630    64.76046201764764
18900    65.27053793234244
19170    66.1634925473191
19450    66.59260759875306
19730    64.9950270703289
20000    62.905974158869356
