20    66.95553383538456
20.3    66.97812646441545
20.6    67.00007214699399
20.9    67.02108045362786
21.2    67.04102709462472
21.5    67.06005832740757
21.8    67.07856169806885
22.1    67.09702491062552
22.4    67.11583378141525
22.7    67.13508896924205
23    67.1545411056424
23.3    67.17366266544553
23.6    67.1918158945452
23.9    67.20844810866227
24.2    67.22324084739964
24.6    67.24009331363656
25    67.25415444481888
25.4    67.26612739736123
25.8    67.27658461011401
26.2    67.28585257593915
26.6    67.29409162798126
27    67.30142976744013
27.4    67.30801063621061
27.8    67.3139400585362
28.2    67.3192247152146
28.6    67.3237680242036
29    67.32743423743699
29.4    67.33012650645026
29.8    67.33181369591821
30.2    67.3325117193167
30.6    67.33224924538922
31    67.33105257635864
31.5    67.32829254986856
32    67.32421544762443
32.5    67.31893556407508
33    67.31255399374544
33.5    67.30514124930625
34    67.2967599724874
34.5    67.28750925972766
35    67.27753329926722
35.5    67.26698386522543
36    67.25597425100929
36.5    67.24455958774638
37    67.23274745270336
37.5    67.2205226750155
38    67.20786255561801
38.6    67.19205322686823
39.2    67.17551736754675
39.8    67.15822504591438
40.4    67.14020113770704
41    67.12152178531596
41.6    67.10227402731809
42.2    67.08252814909036
42.8    67.06233677098281
43.4    67.0417335476173
44    67.02073393496173
44.6    66.99935326173753
45.2    66.9776247738159
45.9    66.95188302873692
46.6    66.9257125186778
47.3    66.89901715816475
48    66.8716817586064
48.7    66.8436523159219
49.4    66.81493276875469
50.1    66.78554979760983
50.8    66.75555792951238
51.5    66.72505535259796
52.2    66.69416665133461
53    66.65853334408153
53.8    66.62264504609215
54.6    66.58655092347078
55.4    66.55027123912143
56.2    66.51383192451664
57    66.4772987231501
57.8    66.44076570717712
58.6    66.40428202863063
59.5    66.36325446594847
60.4    66.32215701637655
61.3    66.28090739982925
62.2    66.23938242064551
63.1    66.19740660647574
64    66.1548139848746
64.9    66.11150608456144
65.8    66.06747170925419
66.8    66.01776384448424
67.8    65.9673452200717
68.8    65.9163102732816
69.8    65.8647026236807
70.8    65.81253993304176
71.8    65.75984928908483
72.8    65.70666535164452
73.9    65.64765370913415
75    65.58821944788335
76.1    65.52853348807744
77.2    65.468785999418
78.3    65.40911317914728
79.4    65.34955837183846
80.6    65.28470163158951
81.8    65.21993984891319
83    65.1553189733446
84.2    65.09102687539382
85.4    65.02742675577062
86.6    64.96503527196136
87.9    64.8995856391139
89.2    64.83729642791423
90.5    64.77904155092276
91.8    64.72542740242352
93.1    64.67654744136638
94.5    64.62857365427031
95.9    64.58420766459369
97.3    64.5419797409277
98.7    64.50050831624146
100    64.46172027888474
102    64.39996604679874
104    64.33395928808037
106    64.26230958236741
108    64.18444244047728
110    64.10032686535334
112    64.01042777421208
114    63.915733180468706
116    63.81736165225236
118    63.71614677501494
120    63.6126936761811
122    63.50734692632501
124    63.40001213035009
126    63.29050810925354
128    63.17877616372891
130    63.06484394673432
132    62.948791218737895
134    62.83090828828914
136    62.71182792676102
138    62.59250959671927
140    62.47429718244584
142    62.35903428206902
144    62.249330891346716
146    62.14858557926166
148    62.06084373531448
150    61.99033756809428
152    61.940691773007444
154    61.914329197728506
156    61.91229151117697
158    61.934347436345334
160    61.979197832428966
162    62.04459233252159
164    62.12743865651039
166    62.22366564531559
168    62.32816811837071
170    62.43517347481113
173    62.589064686803766
176    62.724190678427796
179    62.83270565969997
182    62.910525937564884
185    62.956999975257844
188    62.97402778794312
191    62.96517055285359
194    62.93482437273433
197    62.887322671412335
200    62.826938751724924
203    62.757747745047226
206    62.6830774472932
209    62.605311178020635
212    62.52604268505772
215    62.44631278585557
218    62.36684866043247
221    62.288153422438164
224    62.210496769537954
227    62.13386642101838
230    62.058064902898025
233    61.98306232870928
236    61.909153422579024
239    61.83700462199086
243    61.74531386393814
247    61.66135581117086
251    61.58786683425389
255    61.527063620765404
259    61.48019138123239
263    61.4472508828178
267    61.42679877785182
271    61.41587889257892
275    61.41032996764937
279    61.405619617105415
283    61.39789178108927
287    61.38438303962478
291    61.36339313165523
295    61.33431995676501
299    61.29757852276451
303    61.254358395611646
307    61.206274093033436
312    61.14186062428491
317    61.075306205106685
322    61.00891011655479
327    60.944550142502436
332    60.88370223032965
337    60.82727122607048
342    60.77554171363154
347    60.728220463551196
352    60.68442694342113
357    60.64282211533562
362    60.60188792855104
367    60.56024837055731
372    60.51691002614494
377    60.471363820626955
383    60.4137399824099
389    60.35331512681003
395    60.290795613611564
401    60.226976889949114
407    60.16271454436222
413    60.09908502015797
419    60.03755491551222
425    59.980038450472506
431    59.928848041117476
437    59.88655913047164
443    59.855962233456715
449    59.84006678730208
456    59.84432082116872
463    59.877719889786974
470    59.944097131753566
477    60.04518493308869
484    60.17925090240237
491    60.34022097139224
498    60.518261854907195
505    60.70158494762833
512    60.87885618433412
519    61.04127456364063
527    61.20279487507833
535    61.33828673982835
543    61.451986598321085
551    61.54983530159129
559    61.637272875248556
567    61.71833308075877
575    61.795707031537134
583    61.871307534928896
592    61.95562427282259
601    62.03938016355582
610    62.121891166019054
619    62.20231895064346
628    62.28044432373848
637    62.35700916575146
646    62.433433027746645
655    62.51115575904067
665    62.599994971535054
675    62.691313778582696
685    62.78414338162246
695    62.877337477272484
705    62.970015742027144
715    63.06160664427386
725    63.151705546974284
736    63.24877079677015
747    63.34346926668216
758    63.43567996536483
769    63.52548951931925
780    63.613164392982256
791    63.699000722322786
803    63.79086036148081
815    63.881269674829596
827    63.97102578804015
839    64.06130509522218
851    64.15303008083676
863    64.24643696553193
876    64.3491727086309
889    64.4529513560664
902    64.5572745905975
915    64.66165766475581
928    64.76572446414553
942    64.87732731607821
956    64.98881521598346
970    65.10098072076308
984    65.21474505149357
998    65.33067115312707
1010    65.43167391817023
1020    65.5166304078218
1030    65.60185831654921
1050    65.77148011111962
1070    65.9378735228386
1090    66.0994274525551
1110    66.25567404353524
1130    66.40715679491264
1150    66.55480454637998
1170    66.69940743655681
1190    66.84132822578019
1210    66.98056526494904
1230    67.1171841452637
1250    67.25132064886442
1270    67.3831198024907
1290    67.51266314805174
1310    67.64001073576762
1330    67.76523023562511
1350    67.88836777070699
1370    68.00939855162858
1390    68.12831787562905
1410    68.24515094426337
1430    68.35995760062596
1450    68.47284547646157
1470    68.58395776119636
1490    68.69352165249967
1510    68.80183789981376
1530    68.9091207739271
1550    69.01546059068848
1570    69.12092736047637
1590    69.22556843355832
1610    69.32940113676413
1630    69.43249182853808
1650    69.53493955140286
1670    69.63680289064473
1690    69.73813217339222
1710    69.8389345660012
1730    69.93912338520323
1760    70.08815121040301
1790    70.23566408087856
1820    70.38158232274765
1850    70.52568426841722
1880    70.66760724214546
1910    70.80689408813726
1940    70.94319485250747
1970    71.0762663146449
2000    71.20581741242353
2030    71.33147244632373
2060    71.45280741063536
2090    71.56957748506915
2120    71.6815381505331
2150    71.78842777681498
2180    71.89011764450018
2210    71.98650711943344
2240    72.07741597400036
2270    72.16272456120822
2300    72.24244305616106
2330    72.31662729906137
2360    72.38540165422646
2390    72.44883507296582
2420    72.50683029557695
2460    72.57557183324599
2500    72.63469669623711
2540    72.68458770431384
2580    72.7253616577184
2620    72.7566901213093
2660    72.77801891310219
2700    72.78880336560532
2740    72.78865629565796
2780    72.77720906600175
2820    72.7539569498241
2860    72.71854243938739
2900    72.67110661776798
2940    72.61217574883503
2980    72.542131656289
3020    72.46155631764107
3060    72.37167682512533
3100    72.27410995461588
3150    72.14407330913986
3200    72.00864243807881
3250    71.87143122366604
3300    71.73595196874905
3350    71.60519262512244
3400    71.48154194414302
3450    71.3672151745943
3500    71.26424302281498
3550    71.17407465430156
3600    71.09779415091256
3650    71.03628793556214
3700    70.98977316460906
3750    70.95804250126956
3800    70.94083887733944
3860    70.93837447636676
3920    70.9533154227168
3980    70.98245776872753
4040    71.02164586125153
4100    71.06538483498448
4160    71.1067494864538
4220    71.13746850924323
4280    71.14859874903135
4340    71.13151168267761
4400    71.07875918505127
4460    70.98498251313018
4520    70.84745810778517
4590    70.63173413767524
4660    70.3603884562092
4730    70.0386720687599
4800    69.66861916779001
4870    69.24424731460567
4940    68.74720689626066
5010    68.14825770642702
5080    67.42677121187945
5150    66.60610973891059
5220    65.77498607198402
5300    64.9758313620575
5380    64.49001593286114
5460    64.38811305897211
5540    64.61407621076154
5620    65.01083273185696
5700    65.43483914659174
5780    65.82370834072472
5860    66.1741200055223
5950    66.54304150920517
6040    66.90716379564196
6130    67.28043702743167
6220    67.67017379224464
6310    68.08021238980363
6400    68.51301742570054
6490    68.97043816354537
6580    69.45326945312269
6680    70.0181158279821
6780    70.60801758831687
6880    71.21526394454352
6980    71.82956357680376
7080    72.43659160099794
7180    73.01643985777432
7280    73.54336479511946
7390    74.02632475680952
7500    74.3734567780078
7610    74.56224291686692
7720    74.59014320923728
7830    74.47448954196201
7940    74.24464538787726
8060    73.9055971664524
8180    73.53630182455632
8300    73.2101842250257
8420    72.9420079178001
8540    72.69097872611025
8660    72.49000990734714
8790    72.43073202083876
8920    72.52909447557185
9050    72.6795035239492
9180    72.81734226828917
9310    72.9435765385399
9450    73.08617923982393
9590    73.24283969183372
9730    73.40512106434886
9870    73.55416344550227
10010    73.66497847258552
10160    73.71469087819325
10310    73.6831638235092
10460    73.58116516705016
10610    73.42811798594039
10760    73.24008613186874
10920    73.01844149701894
11080    72.8087287974246
11240    72.64688718929311
11400    72.55245322535269
11570    72.53345522438693
11740    72.59941937018331
11910    72.75437860138989
12080    73.00841893204888
12260    73.4013829646074
12440    73.94054719168403
12620    74.64189298700848
12800    75.50793468633144
12990    76.5584407842509
13180    77.61021769925847
13370    78.41181609850369
13560    78.66187027804662
13760    78.1527188576722
13960    77.01536513709718
14160    75.61986046278264
14370    74.20099850761162
14580    72.9837064873257
14790    72.00352248924843
15010    71.20670996643327
15230    70.584421004419
15450    70.11905731997484
15670    69.94580805944153
15900    70.22525040609702
16130    70.79852403232448
16360    71.25103618548573
16600    71.25564706940145
16840    70.72316867602436
17080    69.87075849091156
17330    68.74005769174994
17580    67.21521787022962
17840    65.44785862331102
18100    64.13302383014376
18360    63.3578594899773
18630    62.61436824091541
18900    61.96255793787561
19170    61.97463376056254
19450    63.12331649595189
19730    64.92280233416415
20000    66.030664469512
