20    69.09921336090778
20.3    69.11324521678432
20.6    69.12692892404743
20.9    69.1399353573999
21.2    69.15168312093833
21.5    69.16142080889216
21.8    69.16842009580469
22.1    69.17221325118328
22.4    69.17278138554568
22.7    69.1706132951798
23    69.16660514792548
23.3    69.16183619189141
23.6    69.15728646400396
23.9    69.1535978582684
24.2    69.15096708628742
24.6    69.14875993348332
25    69.14730617628291
25.4    69.14618508056638
25.8    69.14567576529046
26.2    69.1465158260941
26.6    69.14932201205846
27    69.15409355687443
27.4    69.16010600154479
27.8    69.1662091545569
28.2    69.17128305416784
28.6    69.17454903475345
29    69.17561224148795
29.4    69.17431583838436
29.8    69.17057651886219
30.2    69.16432963912555
30.6    69.15559400950153
31    69.14458046614865
31.5    69.12832443327729
32    69.11048370253096
32.5    69.09236824834014
33    69.07510360467998
33.5    69.0595828075208
34    69.04654143164977
34.5    69.03657499261915
35    69.03001530599809
35.5    69.0267310253017
36    69.02599601762044
36.5    69.02655754182305
37    69.02692814056185
37.5    69.02577605710029
38    69.02222495152205
38.6    69.01436323215474
39.2    69.0027738136457
39.8    68.98802986211739
40.4    68.97079099142246
41    68.95164886390957
41.6    68.93109938496698
42.2    68.90958072863995
42.8    68.88746768229905
43.4    68.86506016104579
44    68.84270209402688
44.6    68.82087593833063
45.2    68.79990334985614
45.9    68.77596869086318
46.6    68.75094010988005
47.3    68.72332389364202
48    68.6929981339067
48.7    68.66084804212542
49.4    68.62786746111739
50.1    68.59484946810404
50.8    68.56236173526709
51.5    68.530665107216
52.2    68.49976989557408
53    68.46534900335692
53.8    68.4317666328293
54.6    68.39891218738737
55.4    68.3666524638105
56.2    68.33475614434019
57    68.3029019323948
57.8    68.27074247473561
58.6    68.23797322005493
59.5    68.20021149827724
60.4    68.16158259814716
61.3    68.12223932021163
62.2    68.0822920163159
63.1    68.04184474730769
64    68.00098506662279
64.9    67.95974071098018
65.8    67.91809090754613
66.8    67.87130436421194
67.8    67.8239426266307
68.8    67.77594128130573
69.8    67.7272117132054
70.8    67.67767152399429
71.8    67.62732588458988
72.8    67.57629549863199
73.9    67.51959384823493
75    67.46253461391217
76.1    67.40530098891251
77.2    67.34799009093321
78.3    67.29057457624954
79.4    67.23294060975043
80.6    67.16971433729869
81.8    67.10616356593235
83    67.04248145463814
84.2    66.97884206852285
85.4    66.91527049193289
86.6    66.85161179105684
87.9    66.78218373932955
89.2    66.7117317959561
90.5    66.63958484877894
91.8    66.56501702574303
93.1    66.48733678877156
94.5    66.39951836169712
95.9    66.30679166376576
97.3    66.2086853408947
98.7    66.10492235900927
100    66.00354611556267
102    65.83924164986269
104    65.66781646118463
106    65.49459998209613
108    65.32708372862677
110    65.17453584097143
112    65.04713689693423
114    64.954134950857
116    64.90142052012345
118    64.88969065788987
120    64.91424664425679
122    64.96653205730965
124    65.03663193179675
126    65.1153771376771
128    65.19578361628761
130    65.2734644694543
132    65.34603084110515
134    65.41183399394714
136    65.46883827717218
138    65.51435635741788
140    65.54555153918656
142    65.560172972457
144    65.55716519232085
146    65.5369392896944
148    65.50125462303399
150    65.45281783579517
152    65.39470396165169
154    65.32980346515191
156    65.26049642173103
158    65.188596846244
160    65.1154646982387
162    65.04211629294969
164    64.96919153670132
166    64.89687430913177
168    64.82500258648184
170    64.75327237727821
173    64.64537229695509
176    64.53674001911216
179    64.4275693514991
182    64.31861783877741
185    64.2111127068557
188    64.10630468747033
191    64.00488013926197
194    63.906698481047194
197    63.811082910974285
200    63.71729887601772
203    63.6248058786568
206    63.533362381034344
209    63.443092601538474
212    63.354426967823045
215    63.267908489431534
218    63.183938340510764
221    63.10267692361158
224    63.02419180449445
227    62.948659905398166
230    62.87647209346067
233    62.80825912281289
236    62.74479196265686
239    62.68674092342816
243    62.618201085478695
247    62.55914272976889
251    62.50756249406315
255    62.46040964903062
259    62.4140708044353
263    62.36496205487651
267    62.31009560986796
271    62.247524817612344
275    62.176430982700865
279    62.096911660946155
283    62.00964563847122
287    61.9156435122607
291    61.81613282475293
295    61.71243852538416
299    61.60585214251096
303    61.49754667082617
307    61.38848872688038
312    61.25216375383856
317    61.11687141046217
322    60.98355396845342
327    60.85291958001394
332    60.72541151708567
337    60.60136909825787
342    60.48125767471694
347    60.365884418597716
352    60.25656360476401
357    60.15519661861445
362    60.064253332910894
367    59.98659041972652
372    59.92509407534148
377    59.88217229173361
383    59.85702714550351
389    59.86033993816721
395    59.88896499108226
401    59.93723404828408
407    59.99802534950949
413    60.06408261546821
419    60.1291690623751
425    60.188696030440525
431    60.23991570345993
437    60.28179728494647
443    60.31466696062526
449    60.339739487127034
456    60.36128168157417
463    60.37677876936631
470    60.387991672557135
477    60.39618877549556
484    60.40254976239717
491    60.40860597030611
498    60.416363332114315
505    60.42809482120318
512    60.445743234526745
519    60.47028994194382
527    60.50646948516639
535    60.54947637272592
543    60.59659998732597
551    60.645235660882165
559    60.69341786934568
567    60.73980624874475
575    60.78336822232052
583    60.82327751471962
592    60.86302743703239
601    60.8967568377267
610    60.92444525558309
619    60.946806353111114
628    60.96497961278857
637    60.98032707549535
646    60.99435597226039
655    61.00847789084908
665    61.025461444439294
675    61.04450494037276
685    61.06598281776907
695    61.089983008643564
705    61.1166014057787
715    61.14599894417086
725    61.17818978246416
736    61.216615940965696
747    61.257908869275326
758    61.30181891734214
769    61.348180814727584
780    61.39681099394178
791    61.44747308423989
803    61.504783112356954
815    61.5640144896599
827    61.625046653367846
839    61.68791864854111
851    61.75281772030564
863    61.8201414546171
876    61.89630921946629
889    61.97604061853377
902    62.05952668087433
915    62.14695349491791
928    62.238149200941876
942    62.340155804853524
956    62.445688707156606
970    62.55436933397145
984    62.66575539560874
998    62.77937721156519
1010    62.878314081500704
1020    62.96175274296332
1030    63.04595251505897
1050    63.215910206243315
1070    63.387157751996554
1090    63.55946177202415
1110    63.73326007124312
1130    63.90924199346915
1150    64.08789344673067
1170    64.26969184932352
1190    64.45531870079179
1210    64.64509601012621
1230    64.83893714667522
1250    65.03680746809185
1270    65.23803998362683
1290    65.4415532549404
1310    65.64651091274814
1330    65.85243441364986
1350    66.05934699394811
1370    66.26760547773141
1390    66.47752099785193
1410    66.68917915597578
1430    66.90273904455759
1450    67.1186611907862
1470    67.33766612338033
1490    67.56050632185085
1510    67.78781044277126
1530    68.02008240418192
1550    68.2576842277516
1570    68.5009088748468
1590    68.750073317334
1610    69.00522971447273
1630    69.26602514570595
1650    69.53176777155119
1670    69.80165565105466
1690    70.07489990782844
1710    70.35061941019313
1730    70.62759512859044
1760    71.0418760508714
1790    71.44999880100968
1820    71.84716810456644
1850    72.22951882570027
1880    72.59364338189377
1910    72.9362302903266
1940    73.25457632500189
1970    73.54710719247956
2000    73.81293211028638
2030    74.05118163050244
2060    74.26111797428445
2090    74.44232041638429
2120    74.5950714045641
2150    74.72026766792258
2180    74.81827190768266
2210    74.88953704068135
2240    74.93543043647871
2270    74.95807057936227
2300    74.96012808888119
2330    74.94423125633509
2360    74.91275645689527
2390    74.86798997664587
2420    74.81214745493033
2460    74.72421837064022
2500    74.62581928261108
2540    74.5216171032379
2580    74.41547422449273
2620    74.31033963430583
2660    74.20844649859124
2700    74.11142440340464
2740    74.02054762452659
2780    73.93659861946433
2820    73.85991794875702
2860    73.79053212895943
2900    73.72825021294524
2940    73.67234362842618
2980    73.6213798008749
3020    73.57348076592925
3060    73.52668389572692
3100    73.47912252304492
3150    73.41579471979915
3200    73.34452551391124
3250    73.26095627938255
3300    73.16086167541235
3350    73.04013674506855
3400    72.89439976933487
3450    72.72021599236102
3500    72.51639073176491
3550    72.28248492447958
3600    72.01911913360212
3650    71.72862839654044
3700    71.41524653056399
3750    71.08474772513435
3800    70.74403508360967
3860    70.33268114372109
3920    69.93190518459919
3980    69.55609832650224
4040    69.21979245588396
4100    68.93742239765305
4160    68.72275031137846
4220    68.58736199224975
4280    68.53814223332141
4340    68.57482834736683
4400    68.68892229954298
4460    68.86399025683411
4520    69.0772373100837
4590    69.33932530003855
4660    69.5770706534552
4730    69.75736573314529
4800    69.85941347418154
4870    69.87633124754768
4940    69.81299747802251
5010    69.68217499558864
5080    69.50073836354059
5150    69.28628998656856
5220    69.05465090104036
5300    68.7858336784514
5380    68.52738183330685
5460    68.2916529987091
5540    68.09026126377977
5620    67.93082733398904
5700    67.81682411238509
5780    67.75032281749588
5860    67.73315836781356
5950    67.77417520382781
6040    67.87815932463988
6130    68.04356750542479
6220    68.26865413328022
6310    68.54981549996475
6400    68.88102094860089
6490    69.25403515147491
6580    69.65782106361296
6680    70.12558967396723
6780    70.59155670543694
6880    71.03255305699216
6980    71.42671800050364
7080    71.75061820445697
7180    71.97669513479684
7280    72.07735685732695
7390    72.02208202453477
7500    71.79589564964265
7610    71.42715248980346
7720    70.96218227415214
7830    70.45192243983486
7940    69.93921424417775
8060    69.4143292372614
8180    68.95178503091162
8300    68.56404579338235
8420    68.25512407351523
8540    68.02430786068484
8660    67.86945293327551
8790    67.78459759877475
8920    67.77746324504164
9050    67.83087463476035
9180    67.91478115212875
9310    67.9848255184595
9450    67.98263838551516
9590    67.83485812248958
9730    67.49536522633534
9870    66.96056634818956
10010    66.27862850902414
10160    65.48389905690854
10310    64.74164247142423
10460    64.15117907704692
10610    63.778113557433336
10760    63.65820545277953
10920    63.80981508675076
11080    64.21957905473916
11240    64.84439609488021
11400    65.63454137495273
11570    66.58365623244006
11740    67.49560973709538
11910    68.16658949945352
12080    68.40412256242257
12260    68.06983908248887
12440    67.18562052926164
12620    65.92522138490935
12800    64.48107992109375
12990    62.92300033554274
13180    61.4418254304586
13370    60.10307913001303
13560    58.941563529495895
13760    57.93094601431014
13960    57.14789082947179
14160    56.59578038882469
14370    56.276867667219605
14580    56.25524067269562
14790    56.56389730695119
15010    57.196805978700894
15230    57.841182493611626
15450    57.98978799767846
15670    57.487312351816044
15900    56.67360062229488
16130    55.79573957263062
16360    54.53531640225978
16600    52.733685436232975
16840    50.65476196621236
17080    48.524987500037334
17330    46.65144938602676
17580    45.21343024845163
17840    44.11244140751266
18100    43.37922585787372
18360    43.04249340639484
18630    43.197434733840275
18900    43.88058821432577
19170    44.552836179081396
19450    44.0142532543381
19730    41.90372634975823
20000    40.17247102274081
