20    60.62190574320424
20.3    60.627011133930864
20.6    60.6316851547719
20.9    60.63585916127016
21.2    60.63997209899817
21.5    60.64498877577391
21.8    60.65226820697224
22.1    60.663347101664726
22.4    60.67966961803287
22.7    60.70228651183868
23    60.73154541286231
23.3    60.76689476163399
23.6    60.80689258366148
23.9    60.84944879341272
24.2    60.89226835440357
24.6    60.94641039240614
25    60.99451005680423
25.4    61.03566153749187
25.8    61.07067983655955
26.2    61.101100389469856
26.6    61.12826237366616
27    61.15292327539206
27.4    61.17537337354679
27.8    61.1957350248984
28.2    61.21418683396027
28.6    61.231036662953166
29    61.24667996838008
29.4    61.26150982274362
29.8    61.27581268512387
30.2    61.28970852476695
30.6    61.303176135750235
31    61.31615483430546
31.5    61.33175738581026
32    61.347055320997214
32.5    61.3626511880308
33    61.37896220840116
33.5    61.395898339114105
34    61.41289922774018
34.5    61.42927744235098
35    61.44456714037818
35.5    61.45866078780482
36    61.47170814485534
36.5    61.483923236037185
37    61.49545222985259
37.5    61.50636283376364
38    61.51669208457558
38.6    61.528372746286706
39.2    61.53930211608025
39.8    61.549451137845686
40.4    61.55879560284889
41    61.567393916428394
41.6    61.575403625335696
42.2    61.583042180964185
42.8    61.59048670435622
43.4    61.597773846307874
44    61.604810754253094
44.6    61.61150146831194
45.2    61.61782430434286
45.9    61.62478459824489
46.6    61.63145061213008
47.3    61.638159641052
48    61.64515071461924
48.7    61.652144965017285
49.4    61.658617480011316
50.1    61.6644129442446
50.8    61.66964906852495
51.5    61.67425149946895
52.2    61.677999745298436
53    61.68120657083615
53.8    61.68337834116751
54.6    61.6844449428995
55.4    61.68421369469044
56.2    61.68250387558659
57    61.679211954868705
57.8    61.674348770677426
58.6    61.66801935770175
59.5    61.659371223493935
60.4    61.64943703704263
61.3    61.63860861562436
62.2    61.627347975035875
63.1    61.61623646500669
64    61.60578213082512
64.9    61.59616263175975
65.8    61.587294000759755
66.8    61.57794657116834
67.8    61.56833448544459
68.8    61.55745966130654
69.8    61.544478929068084
70.8    61.52894496782328
71.8    61.51085439332721
72.8    61.4905124008584
73.9    61.46614009971154
75    61.440366170618944
76.1    61.41373924827492
77.2    61.38667592284421
78.3    61.35940425532891
79.4    61.33183899878879
80.6    61.301085503672795
81.8    61.26917892688692
83    61.23564321877393
84.2    61.20008672950844
85.4    61.16238401641479
86.6    61.12268082189577
87.9    61.077741675437636
89.2    61.03113598337919
90.5    60.98309182373707
91.8    60.93387178546308
93.1    60.88391113699387
94.5    60.82986599527
95.9    60.776138930933875
97.3    60.72333100380937
98.7    60.67231686067
100    60.62773408556002
102    60.568011720952015
104    60.52405920557377
106    60.50002962047096
108    60.49921919228503
110    60.52321707717239
112    60.56906654846751
114    60.62837988613411
116    60.6892590356759
118    60.74052227033502
120    60.77590707961419
122    60.796426802689915
124    60.81010792444449
126    60.82897780704366
128    60.86267275808902
130    60.91178187738427
132    60.96889961491161
134    61.02417408876664
136    61.069255469684975
138    61.09807367833666
140    61.10695467804641
142    61.094596948600035
144    61.06182820571279
146    61.011043039355926
148    60.94574588556729
150    60.87003329576804
152    60.78813542253353
154    60.70399683115686
156    60.621139548514336
158    60.54241717804642
160    60.46983677924828
162    60.40455288354117
164    60.34694652045535
166    60.29681789752088
168    60.25356308190675
170    60.216204771678136
173    60.16795797219076
176    60.123378138023895
179    60.07595453597771
182    60.0205813453872
185    59.95478868020008
188    59.8787251411636
191    59.794127317585634
194    59.702829502736826
197    59.60592087528598
200    59.504366295847134
203    59.39963367294752
206    59.293248659669985
209    59.186419206037215
212    59.08013409694618
215    58.97529252244578
218    58.87289566402339
221    58.77420046076172
224    58.68069687528712
227    58.594098952230254
230    58.5162815869362
233    58.44896364562731
236    58.39316210023145
239    58.348833711830366
243    58.305711461638865
247    58.2765802066753
251    58.25415693359126
255    58.22954949491161
259    58.195454592402776
263    58.147497753061415
267    58.08454945112173
271    58.00888721804256
275    57.92521069737927
279    57.83876116013009
283    57.75312432040029
287    57.66941991405956
291    57.58704206915993
295    57.50481004024986
299    57.42182512569239
303    57.33777853369236
307    57.252947052078284
312    57.14670724418477
317    57.04128353066706
322    56.93726480712059
327    56.83478421654495
332    56.733599084739964
337    56.63316833653609
342    56.53296079227404
347    56.432878098010804
352    56.333621369696765
357    56.236490890949185
362    56.14297090652718
367    56.05472170521941
372    55.97365119445116
377    55.901685096850336
383    55.82971461526808
389    55.7755930033985
395    55.740677941302124
401    55.72545910882019
407    55.72918144818741
413    55.75006434408833
419    55.78557501981776
425    55.83275087489858
431    55.8884738752741
437    55.94984831291058
443    56.01458282560307
449    56.08113340249998
456    56.159975288930895
463    56.23939033126303
470    56.31886415161226
477    56.39820486397733
484    56.477437101780595
491    56.55636479115709
498    56.63433849069902
505    56.71048763215922
512    56.78403963505106
519    56.85459415918328
527    56.93180434231516
535    57.006465629968794
543    57.0803610789191
551    57.15556276867471
559    57.234011571862254
567    57.31719676086739
575    57.405934995881964
583    57.50029590211729
592    57.61238094900392
601    57.72916262142738
610    57.84879811001829
619    57.97005995200025
628    58.09275296653563
637    58.217208421431906
646    58.34354190038365
655    58.47130737722118
665    58.614067703634674
675    58.75709594158943
685    58.90058216288614
695    59.04524967539466
705    59.19200206794109
715    59.341777873354886
725    59.49534188570097
736    59.66903392823537
747    59.84766295082447
758    60.03106849871753
769    60.21911162818976
780    60.41146415437551
791    60.60756661572269
803    60.82510317049626
815    61.045984594087805
827    61.27003508501933
839    61.49689392082409
851    61.72593935361095
863    61.95655477595979
876    62.20738255552631
889    62.45821662324015
902    62.70789299485388
915    62.95536381604133
928    63.199968345383596
942    63.45990514921888
956    63.71616784889952
970    63.968746309545466
984    64.21756469951369
998    64.46241357817905
1010    64.66889696724147
1020    64.83844670424983
1030    65.0055586458472
1050    65.33181176722675
1070    65.64675225107511
1090    65.9500381346659
1110    66.24141165739148
1130    66.52050095224303
1150    66.78632888533906
1170    67.03758097400632
1190    67.27441075907484
1210    67.49740394331646
1230    67.70649235494955
1250    67.90195968425945
1270    68.08421409747933
1290    68.25428331474833
1310    68.41340044743731
1330    68.56197888040694
1350    68.7002606030272
1370    68.82880642373583
1390    68.94851006791808
1410    69.0604486641393
1430    69.16539440983419
1450    69.26356060008601
1470    69.35562455835125
1490    69.44277823848579
1510    69.52622201038122
1530    69.60686354512754
1550    69.68531465213432
1570    69.76214469472255
1590    69.83818891436142
1610    69.91439835993518
1630    69.99166469456748
1650    70.07068925746265
1670    70.15185021265575
1690    70.23523695410287
1710    70.32109192771568
1730    70.40974378386855
1760    70.54862840210401
1790    70.69571323771106
1820    70.85263608392219
1850    71.0207661356208
1880    71.20125870030184
1910    71.39470488748299
1940    71.60088226867948
1970    71.81928451650376
2000    72.0498941186114
2030    72.29351313082677
2060    72.5510100150939
2090    72.82231056090075
2120    73.10579682247607
2150    73.3997198770034
2180    73.70237928953507
2210    74.01252791722686
2240    74.32835795874777
2270    74.64778664891685
2300    74.96796178619888
2330    75.28518119734534
2360    75.59489935061254
2390    75.89216874750215
2420    76.1720930811899
2460    76.50879081427138
2500    76.79149944971326
2540    77.00561936806591
2580    77.14137364134103
2620    77.19403571200087
2660    77.16434462654261
2700    77.05920258724018
2740    76.88595332075532
2780    76.65631299249621
2820    76.3837056411437
2860    76.08215660554674
2900    75.76318760769249
2940    75.43637740413439
2980    75.10976714926053
3020    74.78918256228079
3060    74.47932296029225
3100    74.18395276062962
3150    73.83876295377658
3200    73.52312505480623
3250    73.23766002604037
3300    72.98195115368
3350    72.75511084403104
3400    72.55591930015197
3450    72.38209344334236
3500    72.23403772027403
3550    72.12093852479072
3600    72.06651140030357
3650    72.10865689374995
3700    72.28401132890714
3750    72.60580718688524
3800    73.04695941773443
3860    73.64259023308472
3920    74.21010380717232
3980    74.66490405702386
4040    74.93919891116187
4100    75.01582250939873
4160    74.9116878005201
4220    74.67746144057769
4280    74.39953758258739
4340    74.17856396798268
4400    74.10323760978736
4460    74.22010001205119
4520    74.5360160831309
4590    75.08725613081174
4660    75.68494469369045
4730    76.1595023669276
4800    76.3824967920836
4870    76.29607917370359
4940    75.90343356695413
5010    75.29900238933178
5080    74.60326121160628
5150    73.90875593584755
5220    73.27720090341512
5300    72.67467659299545
5380    72.2165411330794
5460    71.89672635780036
5540    71.68375533172899
5620    71.52912665378051
5700    71.37010201742349
5780    71.13039556034794
5860    70.76619334369573
5950    70.19770457596644
6040    69.47936315527825
6130    68.65595356754241
6220    67.79901157311673
6310    66.97212850770298
6400    66.2156039482473
6490    65.56568590158803
6580    65.03285275586394
6680    64.57613793920528
6780    64.26212630162901
6880    64.09640468497933
6980    64.06526961708911
7080    64.15454010067927
7180    64.36362317313757
7280    64.68415844620179
7390    65.14465605034624
7500    65.70519909643248
7610    66.37102878650298
7720    67.13718559107295
7830    67.93504018707458
7940    68.69216256800223
8060    69.39297165844502
8180    69.8878319534124
8300    70.1274088369411
8420    70.08980636291915
8540    69.80034210598116
8660    69.36055857193222
8790    68.87940343046729
8920    68.51934682319725
9050    68.21637986550238
9180    67.85285440482147
9310    67.37348833669421
9450    66.71457443511198
9590    65.88117149918646
9730    64.86231873519468
9870    63.67976418722886
10010    62.33240794907329
10160    60.68697739053357
10310    58.86118064588086
10460    56.96118389219069
10610    55.10536299541242
10760    53.396742934680866
10920    51.7470057683101
11080    50.30355504139442
11240    49.12930183260239
11400    48.2468744793145
11570    47.70764737313933
11740    47.52426115026761
11910    47.92806823273831
12080    48.6261037682823
12260    49.7172595672011
12440    50.79090462890589
12620    51.42241355527314
12800    51.5885664035967
12990    51.36199509999331
13180    51.07949566279006
13370    50.85419802903387
13560    50.92400914344796
13760    51.364682019072895
13960    52.15591048005755
14160    53.230071024605905
14370    54.43909360868783
14580    55.55842988394152
14790    56.37167441633302
15010    56.615084736073705
15230    55.98322605308171
15450    54.55026376252572
15670    52.45482878191205
15900    49.6798437372561
16130    46.45605914459824
16360    43.60576906833248
16600    42.186577129597154
16840    41.88541791970765
17080    41.188049266115144
17330    40.03036065516075
17580    38.66543337936942
17840    37.58140273243214
18100    37.218910729229904
18360    37.32117452621647
18630    37.0077509998731
18900    35.76914907553005
19170    34.450323186245555
19450    33.80027686107668
19730    33.408144818211255
20000    33.36880150754246
