20    71.5626841335784
20.3    71.53900357063367
20.6    71.5156071786232
20.9    71.49237712944964
21.2    71.4691196142981
21.5    71.44553164776264
21.8    71.42119677290759
22.1    71.39563512491486
22.4    71.36841116969237
22.7    71.33925845593348
23    71.30817438149202
23.3    71.2754554353615
23.6    71.24165022060278
23.9    71.20744742591098
24.2    71.17353272338988
24.6    71.12966698110105
25    71.08794848381632
25.4    71.04841410383204
25.8    71.01058615888341
26.2    70.97370920399604
26.6    70.93696303571508
27    70.89960303975778
27.4    70.86103793484173
27.8    70.82085599633137
28.2    70.77881579004162
28.6    70.7348092241555
29    70.68881799816126
29.4    70.6408729085833
29.8    70.59102067027104
30.2    70.53929750744348
30.6    70.48571654064568
31    70.43029268598391
31.5    70.35855460530793
32    70.28450296059722
32.5    70.20894421716325
33    70.13300272106741
33.5    70.05798514185656
34    69.98535452030012
34.5    69.9167949279136
35    69.85414975370274
35.5    69.7990739099672
36    69.7525380794979
36.5    69.71453311549455
37    69.68417238640237
37.5    69.66005800391491
38    69.64063879930353
38.6    69.62145954695762
39.2    69.60471859876861
39.8    69.58874170241793
40.4    69.57236556042152
41    69.554706720604
41.6    69.53487790466419
42.2    69.51187934197314
42.8    69.4847183513769
43.4    69.45263726502236
44    69.41529521671976
44.6    69.37283454142676
45.2    69.32581828271941
45.9    69.26634498836731
46.6    69.20337490333715
47.3    69.13844931828297
48    69.07295371862006
48.7    69.00804630557737
49.4    68.94464793953232
50.1    68.88343418879717
50.8    68.82480807039803
51.5    68.76887705649585
52.2    68.71546967719814
53    68.65705280209352
53.8    68.60075300040513
54.6    68.54563205683647
55.4    68.4904516593399
56.2    68.43400415034023
57    68.37551486134998
57.8    68.31467553880083
58.6    68.25148202392225
59.5    68.17783194261594
60.4    68.10195923326577
61.3    68.0244685856047
62.2    67.94595902669214
63.1    67.86695670728999
64    67.78790871230427
64.9    67.70917732385226
65.8    67.63101363225502
66.8    67.54497472425089
67.8    67.45978933944922
68.8    67.37535197266548
69.8    67.2914940118697
70.8    67.20799603029357
71.8    67.12460586256526
72.8    67.04110633808236
73.9    66.94899469824367
75    66.85661238398433
76.1    66.76410460751534
77.2    66.67175805420143
78.3    66.57997520100838
79.4    66.48921393652
80.6    66.39189851340157
81.8    66.29687490797237
83    66.20459137598291
84.2    66.11532332617196
85.4    66.02906244976478
86.6    65.94542892378371
87.9    65.85691528047168
89.2    65.76930134505196
90.5    65.68114212366754
91.8    65.59108462998131
93.1    65.49805059277182
94.5    65.39374129806879
95.9    65.28477797318232
97.3    65.1710923950406
98.7    65.05279104801726
100    64.938929459451
102    64.75628593906475
104    64.56437359109503
106    64.36280712780967
108    64.15113532784866
110    63.92915469584089
112    63.69754875474214
114    63.45856888698997
116    63.216549078297334
118    62.978463690051186
120    62.75457460182781
122    62.558748205197055
124    62.40774683328334
126    62.31951679322885
128    62.31079310300955
130    62.393633730336845
132    62.57158573301663
134    62.83695202531952
136    63.17052515615843
138    63.544263616873295
140    63.92633830826558
142    64.2868777267919
144    64.60236781967174
146    64.85789913927698
148    65.04723436835451
150    65.17134510448642
152    65.23625134564364
154    65.25083673330104
156    65.22499420209303
158    65.16826834033878
160    65.0890728535654
162    64.99440994244708
164    64.88988513895325
166    64.77977903616309
168    64.66718780266993
170    64.55427407287084
173    64.38742442124826
176    64.22644928261268
179    64.07349479947725
182    63.92979918928198
185    63.7957844745521
188    63.6713803974964
191    63.55606525079804
194    63.44883132546139
197    63.348320885307444
200    63.25313767729039
203    63.16196676333861
206    63.07345056868277
209    62.98618042609543
212    62.89884702322439
215    62.810420118330015
218    62.72034917640674
221    62.62873896039294
224    62.53618796158948
227    62.443397761764416
230    62.35099148520665
233    62.259450248374804
236    62.169091454174904
239    62.080113747447946
243    61.96392040833665
247    61.850898120970214
251    61.741470521052605
255    61.636090188260226
259    61.535173086600444
263    61.439041085490004
267    61.3478571146691
271    61.26158503206646
275    61.17997433523372
279    61.1026135186946
283    61.02899197342957
287    60.9585585824481
291    60.89078041172586
295    60.825091608448744
299    60.760812483547056
303    60.69716122081231
307    60.63332165545961
312    60.552164407090515
317    60.46854297850425
322    60.38190828137708
327    60.2921919909062
332    60.19961404603764
337    60.10447017446862
342    60.0070663491727
347    59.90760930743044
352    59.80619770092471
357    59.703014464535784
362    59.59849394789674
367    59.49344790040007
372    59.38911646223035
377    59.287195531848035
383    59.17121975610313
389    59.06664662899496
395    58.97886517279665
401    58.91348522169612
407    58.8759452055115
413    58.870953518470024
419    58.901795631695734
425    58.969567367742684
431    59.0724315430774
437    59.20524411277857
443    59.36001216042743
449    59.52724043530691
456    59.72539933192287
463    59.914313869950604
470    60.08409024026221
477    60.2286100834165
484    60.34521388420712
491    60.43427996620514
498    60.498683652638775
505    60.54300605829776
512    60.572616288801484
519    60.59272493771026
527    60.60939178193625
535    60.62307248363555
543    60.63549092839061
551    60.646734250628725
559    60.65599897279378
567    60.66205262753782
575    60.66357103584928
583    60.65943597102381
592    60.647412419022416
601    60.62828201943309
610    60.60433482756886
619    60.57919950159211
628    60.5570606657799
637    60.54151465974706
646    60.53481187703171
655    60.537777304796506
665    60.55217373820591
675    60.57723835876217
685    60.61150789925267
695    60.653323993658276
705    60.701026833202974
715    60.75312668472121
725    60.80843313134619
736    60.872021833946164
747    60.937901856579956
758    61.00568543898551
769    61.07493018609722
780    61.14504229520243
791    61.215516724347
803    61.29260881854464
815    61.3701289335869
827    61.448472002279374
839    61.52795143304397
851    61.60879712327353
863    61.69118636911492
876    61.782458208282534
889    61.87629756037404
902    61.973360406071436
915    62.07439319591319
928    62.17994418645455
942    62.29887216960485
956    62.42306545962228
970    62.55191967181793
984    62.684526231656804
998    62.81981590713583
1010    62.93707010198955
1020    63.03517842549306
1030    63.133280662783704
1050    63.32849290518476
1070    63.521512563083675
1090    63.71209967765924
1110    63.90026978096134
1130    64.08598498469706
1150    64.26930954749076
1170    64.45093712155332
1190    64.63192120950674
1210    64.81278587758176
1230    64.99390026125693
1250    65.17583123661717
1270    65.35916613893973
1290    65.54418387578252
1310    65.73089848618261
1330    65.91911054318048
1350    66.10845846979291
1370    66.29852591991255
1390    66.48893075629553
1410    66.6793449545278
1430    66.86959772542929
1450    67.05965666111807
1470    67.24953475142215
1490    67.43905205786663
1510    67.62800877224248
1530    67.81644926050464
1550    68.0047132486159
1570    68.19335830363708
1590    68.38283370828856
1610    68.57308793918028
1630    68.76371426158707
1650    68.95450436330242
1670    69.14542660235736
1690    69.3365108093676
1710    69.52788075291431
1730    69.71971822642531
1760    70.00817448392101
1790    70.29642908685733
1820    70.58343544546543
1850    70.8680576232205
1880    71.14902006561968
1910    71.42499148006559
1940    71.69490308104622
1970    71.95779857314525
2000    72.21267587358757
2030    72.45865343595028
2060    72.69494914303594
2090    72.92031005991667
2120    73.13299979750985
2150    73.33182335003784
2180    73.51609473197055
2210    73.68588891436002
2240    73.8411116698615
2270    73.9814401727343
2300    74.10671195973919
2330    74.21695363613654
2360    74.3123333129474
2390    74.39318235894368
2420    74.45993701362246
2460    74.52815141393495
2500    74.57507646808328
2540    74.60338409778055
2580    74.61567060455968
2620    74.61494992643637
2660    74.60418309909849
2700    74.58616387503132
2740    74.56348437238216
2780    74.53846408790605
2820    74.51316756243122
2860    74.48948604542068
2900    74.46919775604054
2940    74.45375012203199
2980    74.44437000154537
3020    74.44229990439013
3060    74.44872405333254
3100    74.46477807456856
3150    74.49974498811123
3200    74.55139910077077
3250    74.6187366626396
3300    74.70019668768549
3350    74.79440378537885
3400    74.90120627065016
3450    75.0210381955639
3500    75.15256524967754
3550    75.29226377333167
3600    75.43521858176058
3650    75.57574105409421
3700    75.70761196607972
3750    75.82359078786925
3800    75.9148682232204
3860    75.97930925115769
3920    75.98403926875
3980    75.92162110409515
4040    75.78790925499828
4100    75.58374784237051
4160    75.31605713790631
4220    74.99738846540758
4280    74.64442789797889
4340    74.27591387877989
4400    73.9092767318904
4460    73.55719620105077
4520    73.22342185695558
4590    72.84493425981643
4660    72.44950945400166
4730    72.01034390464726
4800    71.52355561691442
4870    71.01164845108322
4940    70.50921860192616
5010    70.0455244603058
5080    69.63628717193771
5150    69.28543532954279
5220    68.99096556990554
5300    68.7192772787495
5380    68.5122208477483
5460    68.36671194078059
5540    68.28030542142068
5620    68.25116398667103
5700    68.27928964980735
5780    68.36508110937623
5860    68.50897557503367
5950    68.74134263939112
6040    69.04846325856985
6130    69.43259408102972
6220    69.89625224804632
6310    70.43816567291552
6400    71.05348374354772
6490    71.73304318777792
6580    72.4590662074836
6680    73.28050095494152
6780    74.04598346355937
6880    74.6551229089957
6980    75.0061359139137
7080    75.03921733507765
7180    74.76656973565044
7280    74.26770423708729
7390    73.58897823545358
7500    72.89688298315458
7610    72.26361816722448
7720    71.71611376697506
7830    71.25892277935182
7940    70.88988982777732
8060    70.58063397018314
8180    70.35281082658321
8300    70.18346457340223
8420    70.04347156376434
8540    69.89849894389786
8660    69.71156615171978
8790    69.41896379740483
8920    69.00086188707942
9050    68.4505415816869
9180    67.78870448487477
9310    67.0554762515549
9450    66.23889526559546
9590    65.44339470686731
9730    64.70354492542305
9870    64.03895307657282
10010    63.45684167864469
10160    62.92344995630215
10310    62.47485275091669
10460    62.09962815037797
10610    61.789197560966414
10760    61.516847009943135
10920    61.213651234011124
11080    60.844131222161245
11240    60.36817885804526
11400    59.78520480288602
11570    59.08136377240668
11740    58.29636559162606
11910    57.434800407539754
12080    56.54818531892724
12260    55.651804295652944
12440    54.86026622220432
12620    54.2227312825295
12800    53.77412090372509
12990    53.510555260048136
13180    53.41436127477577
13370    53.39461929008968
13560    53.3255189495152
13760    53.096433064090846
13960    52.75940944178966
14160    52.48285158897604
14370    52.42165471995997
14580    52.685282443181606
14790    53.31007633856358
15010    54.356140031345646
15230    55.738828220405594
15450    57.21636791814305
15670    58.30338307839122
15900    58.50394709124019
16130    57.733232532412366
16360    56.58717232400402
16600    55.522278380403506
16840    54.67777554592983
17080    53.842384472844856
17330    52.43805130532732
17580    51.78777100927451
17840    52.406912689129655
18100    51.640752265996824
18360    49.88184116587009
18630    48.43588379622989
18900    47.588154750903
19170    47.30188333605179
19450    48.03278014084525
19730    48.82749240532725
20000    48.55498851466352
