20    67.73085272776592
20.3    67.73045177736613
20.6    67.7299467118906
20.9    67.7292298994571
21.2    67.72821175463542
21.5    67.7268153468433
21.8    67.724962590661
22.1    67.72256267080957
22.4    67.7195124988713
22.7    67.71571100392188
23    67.71108402543611
23.3    67.7056057370888
23.6    67.69930497739338
23.9    67.69225537119502
24.2    67.68455114698628
24.6    67.6734084784182
25    67.66140036477732
25.4    67.64859648410615
25.8    67.63502053558581
26.2    67.62069591133285
26.6    67.605663433177
27    67.58995325948845
27.4    67.5735444410629
27.8    67.55635266593106
28.2    67.53827370134289
28.6    67.51925242416749
29    67.49932473090593
29.4    67.4786182830815
29.8    67.457309635441
30.2    67.43556310269365
30.6    67.41348609079827
31    67.39112194344835
31.5    67.36276476065183
32    67.33394529452138
32.5    67.30466857241156
33    67.27496998665141
33.5    67.24490732406208
34    67.21453505022242
34.5    67.18387341999457
35    67.15289295882596
35.5    67.12153602238809
36    67.08976106758203
36.5    67.05757312200632
37    67.02502054196137
37.5    66.99217154205502
38    66.9590910521957
38.6    66.919171246345
39.2    66.87910625224183
39.8    66.83900265733176
40.4    66.79894889685428
41    66.75898550435019
41.6    66.71909514270601
42.2    66.67922180373633
42.8    66.63929423426772
43.4    66.59922914286
44    66.5589339764779
44.6    66.51830586101892
45.2    66.47724966469616
45.9    66.42875606014442
46.6    66.37967950933158
47.3    66.3301549296964
48    66.28034352691778
48.7    66.23041726008836
49.4    66.18039969321595
50.1    66.12996090234252
50.8    66.07861227340686
51.5    66.02621327936784
52.2    65.9731827648863
53    65.91273484997868
53.8    65.85340880412343
54.6    65.79579175726587
55.4    65.74002759892647
56.2    65.6860555481009
57    65.6337618819873
57.8    65.5828967283802
58.6    65.533055852031
59.5    65.47763823794041
60.4    65.42227852105182
61.3    65.36637574016775
62.2    65.30953661257007
63.1    65.25161707325903
64    65.19260979523705
64.9    65.13252204932947
65.8    65.0713419084889
66.8    65.00206723691409
67.8    64.93143243868525
68.8    64.85949639018405
69.8    64.78640366145444
70.8    64.712375361813
71.8    64.63764447444757
72.8    64.56244208830012
73.9    64.47948745262616
75    64.39665279752013
76.1    64.31442863034269
77.2    64.2335233275173
78.3    64.15474358616294
79.4    64.07894604436288
80.6    64.0006908031861
81.8    63.928021747619724
83    63.86159072975978
84.2    63.8015606505262
85.4    63.74756988749272
86.6    63.69881767711432
87.9    63.650640787967035
89.2    63.605689370243596
90.5    63.562188581395844
91.8    63.51841012659372
93.1    63.47282700832981
94.5    63.42033412005396
95.9    63.363348018562114
97.3    63.30143488155754
98.7    63.234630466619365
100    63.16852100853265
102    63.06012306946856
104    62.944990872405
106    62.824458417352645
108    62.6997323963714
110    62.57190394266608
112    62.44179900538335
114    62.310245017222755
116    62.17827754686106
118    62.04688378101141
120    61.91669770740812
122    61.78762405646712
124    61.658356796404505
126    61.52714552037302
128    61.39250710825081
130    61.253528747072394
132    61.10999437868139
134    60.962449678056565
136    60.812153026432554
138    60.660798679480706
140    60.51044628924595
142    60.36371958470876
144    60.22420047660657
146    60.096784425209094
148    59.98748723179715
150    59.90285103752305
152    59.84907064784842
154    59.83119481486959
156    59.85245414404274
158    59.91353745799124
160    60.01195441065471
162    60.14178754197336
164    60.29399521561207
166    60.457470846212885
168    60.62058863840287
170    60.77283981548653
173    60.96426514109747
176    61.09934783088066
179    61.177052612630895
182    61.20744548392295
185    61.20661504285553
188    61.19102998941263
191    61.173059387065166
194    61.15868475290576
197    61.148131395121936
200    61.13808914547081
203    61.1240299729284
206    61.101707322993
209    61.068061961189834
212    61.021752520058214
215    60.963033101637194
218    60.89332587240804
221    60.814655145272425
224    60.72913073057486
227    60.638740799043134
230    60.545335757934374
233    60.450566253742416
236    60.35575208213811
239    60.26187602253181
243    60.13949080632822
247    60.02163253331251
251    59.909478228066284
255    59.80364775663152
259    59.70423825300195
263    59.6110129426488
267    59.52354076057529
271    59.44120834687011
275    59.36308350964231
279    59.287814632122135
283    59.21384139022011
287    59.139789930273
291    59.06468736904416
295    58.9879521735204
299    58.90938331103972
303    58.82916394662088
307    58.74778253889062
312    58.64545495183407
317    58.54368007164962
322    58.44339310937676
327    58.34508539707671
332    58.24892493632417
337    58.15475413731305
342    58.06213838305595
347    57.97059415758564
352    57.879771718949826
357    57.78950958457319
362    57.69966343922289
367    57.60994295882823
372    57.51997480127201
377    57.42942850301431
383    57.31989462494313
389    57.20983898078555
395    57.10019662796639
401    56.992374524058015
407    56.8881208640875
413    56.78974672684373
419    56.700299777622334
425    56.623487629029825
431    56.56358563763263
437    56.525119350951016
443    56.51244603780523
449    56.528985665248285
456    56.58722234325327
463    56.68612276107187
470    56.820237615426855
477    56.97967407521092
484    57.15130142114341
491    57.32120949544668
498    57.476975733371404
505    57.60968901357482
512    57.71524520510289
519    57.794438136306724
527    57.85851305121324
535    57.90324606178869
543    57.93737908026182
551    57.96743356091242
559    57.99684093125312
567    58.02691593706787
575    58.05799627187265
583    58.08992122975779
592    58.12634965398187
601    58.1628091428888
610    58.199068487671695
619    58.23527200917762
628    58.27201245442773
637    58.31014240100712
646    58.35031961980779
655    58.39254627690335
665    58.44091621480534
675    58.48925010895134
685    58.53597105562886
695    58.579787499858476
705    58.61991447366787
715    58.656314131225706
725    58.68957703694027
736    58.72367899264859
747    58.756767509983234
758    58.790536743299256
769    58.82634653786063
780    58.86494966242503
791    58.906551260125156
803    58.9551987106493
815    59.007117071737284
827    59.062393076627515
839    59.121072756534865
851    59.18309011902258
863    59.24833584440638
876    59.322306297198004
889    59.3993557777853
902    59.47943041883995
915    59.56261659037526
928    59.64906413301149
942    59.74593753938264
956    59.84670400077924
970    59.95111581036447
984    60.05875848262317
998    60.16915664730553
1010    60.26561634022072
1020    60.34710023974324
1030    60.42952753698907
1050    60.597554515230584
1070    60.77088117058564
1090    60.95121465520455
1110    61.14091574576378
1130    61.34296499918591
1150    61.56006868210116
1170    61.793776725100074
1190    62.04332049207282
1210    62.30464906059869
1230    62.57014812536464
1250    62.83055090755022
1270    63.077832608917696
1290    63.30748112865707
1310    63.518759039938665
1330    63.71349112001724
1350    63.894720417130415
1370    64.06578917158242
1390    64.22968767145025
1410    64.3887270023721
1430    64.54475238213611
1450    64.69925786041952
1470    64.85330626378504
1490    65.00764140204768
1510    65.16286791571805
1530    65.31945784348207
1550    65.47768905048301
1570    65.63772160155543
1590    65.7997663266789
1610    65.96408479769514
1630    66.1307893851274
1650    66.29986033327239
1670    66.47132085878116
1690    66.64527281858021
1710    66.82188679187195
1730    67.00135808792125
1760    67.27601101369171
1790    67.55692882378327
1820    67.84385129308305
1850    68.13683179326895
1880    68.4358765925559
1910    68.74076960691136
1940    69.05113232162502
1970    69.36658885948637
2000    69.68668113654911
2030    70.01086179476019
2060    70.33844435317293
2090    70.66820209699502
2120    70.9987422598172
2150    71.3285732386305
2180    71.65638872954656
2210    71.98103720448734
2240    72.3005334514707
2270    72.6123256376419
2300    72.9138491247673
2330    73.20257873516661
2360    73.47593141701503
2390    73.73124301665601
2420    73.96547638341278
2460    74.23939581252282
2500    74.46491905424791
2540    74.63972337765898
2580    74.76325753741472
2620    74.83580810466312
2660    74.85863137332609
2700    74.83521306986952
2740    74.77075245086058
2780    74.67204232056991
2820    74.54637122800484
2860    74.40053923973474
2900    74.2401940627712
2940    74.06983880010782
2980    73.89367343008121
3020    73.71591296288886
3060    73.54059372304701
3100    73.37121355768593
3150    73.17163836807825
3200    72.98830129746261
3250    72.82312920029881
3300    72.67756018314591
3350    72.55353664574451
3400    72.45272071171907
3450    72.37607206891745
3500    72.32441597362615
3550    72.29860731291323
3600    72.2993099845238
3650    72.32643239473796
3700    72.37983789847846
3750    72.4601222780417
3800    72.56767217784524
3860    72.73065280275208
3920    72.92258575206114
3980    73.12662868896183
4040    73.32422422280717
4100    73.51859289059848
4160    73.7328556181559
4220    73.95932030997272
4280    74.15026059429947
4340    74.26388938977885
4400    74.28531076689771
4460    74.21374334987348
4520    74.04981354489128
4590    73.74287999061985
4660    73.31977281068802
4730    72.79805985606832
4800    72.2016298371041
4870    71.55655371538528
4940    70.88795305303282
5010    70.21710000892014
5080    69.55991486181918
5150    68.92713189047629
5220    68.32540102471961
5300    67.68051394633147
5380    67.08303479680728
5460    66.53322694385454
5540    66.03060454541686
5620    65.57498225750918
5700    65.1662267694294
5780    64.80329795333448
5860    64.48674674240752
5950    64.1898327027972
6040    63.95835608637181
6130    63.79597068943239
6220    63.70705553483972
6310    63.69346920223468
6400    63.755969178231055
6490    63.89643169059599
6580    64.11424905374429
6680    64.4400749054357
6780    64.84017762900207
6880    65.29673170108856
6980    65.79065036114233
7080    66.30235692812695
7180    66.81252618036766
7280    67.30212728696617
7390    67.79024984030468
7500    68.18854993728957
7610    68.45194981355813
7720    68.53517836144331
7830    68.40625192712656
7940    68.06096111551909
8060    67.46887789601917
8180    66.71128189040209
8300    65.85170603492365
8420    64.94534585650743
8540    64.03691527089252
8660    63.15773719548178
8790    62.260150955460865
8920    61.43460699093806
9050    60.690544662624205
9180    60.0319590737146
9310    59.46005972939257
9450    58.94015990976872
9590    58.51732462582807
9730    58.19067955678078
9870    57.96054858570734
10010    57.82761408514604
10160    57.79432669158322
10310    57.87842409344675
10460    58.09003332235227
10610    58.4433850889076
10760    58.950633137572225
10920    59.66776095324455
11080    60.58571120092013
11240    61.743927877291156
11400    63.16939864637498
11570    64.93058618668658
11740    66.66777032306194
11910    67.80498148676296
12080    67.81365729461521
12260    66.61954779305402
12440    64.82470698198067
12620    63.05879218009477
12800    61.603185329555785
12990    60.456402978192386
13180    59.68199229599377
13370    59.24514512119641
13560    59.13068917286765
13760    59.363089405028674
13960    59.97511393537483
14160    60.97322701814272
14370    62.30285626884695
14580    63.49141432110923
14790    63.98292493268859
15010    63.4100449582955
15230    61.79276768305006
15450    59.57876970393649
15670    57.347259530170284
15900    55.37110036463654
16130    53.87483920215806
16360    52.85649927479598
16600    52.177674774665185
16840    51.80587955938451
17080    51.78319647053596
17330    52.15937058371069
17580    52.98340453553584
17840    54.396280985474334
18100    56.41269168862105
18360    58.640911990801456
18630    59.96844358524562
18900    59.2746144030622
19170    57.15004782199462
19450    54.919121008133686
19730    53.47430482753965
20000    52.90266418368395
