20    72.15641742621479
20.3    72.16719499316162
20.6    72.17737188825926
20.9    72.18652687025292
21.2    72.19440635807297
21.5    72.20099487541094
21.8    72.20645033972991
22.1    72.21099042647084
22.4    72.21479878070448
22.7    72.21797670259929
23    72.22054729397777
23.3    72.22249060848452
23.6    72.22378458259564
23.9    72.22442396775547
24.2    72.22440827538975
24.6    72.22334042156263
25    72.2209912633812
25.4    72.21724138598401
25.8    72.21200443937404
26.2    72.20527663723328
26.6    72.19712596441903
27    72.18765373309472
27.4    72.17694866264426
27.8    72.16508715923484
28.2    72.15215369772832
28.6    72.13824454429017
29    72.12345978753169
29.4    72.10789939096802
29.8    72.09167698143702
30.2    72.0749529899143
30.6    72.05793187979286
31    72.0408058367156
31.5    72.01936246108
32    71.99768114301173
32.5    71.97525188888447
33    71.95154379074242
33.5    71.92633248642673
34    71.89978322390475
34.5    71.872259029411
35    71.84400873008339
35.5    71.81499049926688
36    71.7849570584415
36.5    71.75374050067714
37    71.72150223688388
37.5    71.68873243258042
38    71.65600219421962
38.6    71.61731222597929
39.2    71.57950081776588
39.8    71.54255228659656
40.4    71.50624875621895
41    71.47018173808937
41.6    71.43385101586895
42.2    71.39686679204667
42.8    71.35901734350541
43.4    71.3201566833329
44    71.28014198301022
44.6    71.23891914732552
45.2    71.19658693540778
45.9    71.14606204930108
46.6    71.09466086479168
47.3    71.04290227651038
48    70.99151270951192
48.7    70.94115807386147
49.4    70.89216194087683
50.1    70.84460736649432
50.8    70.79869432133673
51.5    70.75468021018457
52.2    70.71246765046133
53    70.66568606725042
53.8    70.61939882251832
54.6    70.57258943372062
55.4    70.5244316272949
56.2    70.47451293400414
57    70.42285012001864
57.8    70.36970203035138
58.6    70.3155185772199
59.5    70.25386400996429
60.4    70.19163034632771
61.3    70.12869858627946
62.2    70.06507808565478
63.1    70.00078741054186
64    69.9356645309787
64.9    69.86933684515138
65.8    69.80126295319707
66.8    69.72347597444612
67.8    69.64407659465553
68.8    69.5638337562574
69.8    69.48324493070294
70.8    69.40254681951218
71.8    69.32179715876087
72.8    69.24092367878143
73.9    69.1516993880213
75    69.06218029337434
76.1    68.97248401436232
77.2    68.88282624693971
78.3    68.79349674620522
79.4    68.70478989904788
80.6    68.6090063706011
81.8    68.51447737700317
83    68.42140153526603
84.2    68.32994045298835
85.4    68.24018814567364
86.6    68.15219682810246
87.9    68.05889146293649
89.2    67.96751560915257
90.5    67.87756689200751
91.8    67.78838010294943
93.1    67.6992366297081
94.5    67.60250015751456
95.9    67.50430314358431
97.3    67.40417479394642
98.7    67.30198611868835
100    67.20552458033728
102    67.05548378810761
104    66.90508576817524
106    66.75549134134366
108    66.60836835668032
110    66.46767267597463
112    66.34162795997767
114    66.24123641130176
116    66.17774787376054
118    66.15973399809346
120    66.19111377897872
122    66.27010189310056
124    66.3900938169844
126    66.5407056488778
128    66.70844046262853
130    66.87793531781105
132    67.03384456024597
134    67.1628919640506
136    67.25575248555245
138    67.30789530052908
140    67.3193606771492
142    67.29396280930726
144    67.2378721896376
146    67.15802579848139
148    67.06134239397393
150    66.95399924616386
152    66.84089367312006
154    66.7257667396392
156    66.61122435517636
158    66.49893292592444
160    66.38994043546006
162    66.28479451210384
164    66.18330817749046
166    66.08466521389224
168    65.98787184923762
170    65.89213747634604
173    65.749663148435
176    65.60849507724313
179    65.46973042541956
182    65.33546270118305
185    65.20854137245865
188    65.09204751529394
191    64.9884132169951
194    64.89884866167114
197    64.82319634163983
200    64.75992234657376
203    64.70613153168965
206    64.65793310900816
209    64.61134474565657
212    64.56300580258906
215    64.51047300600514
218    64.45226430244043
221    64.38765820197318
224    64.31650808764984
227    64.23913020156452
230    64.15627014841446
233    64.06890520902286
236    63.97803773900549
239    63.8845902976453
243    63.75738128585189
247    63.62867554701748
251    63.499804366765105
255    63.3716851941541
259    63.2448778780453
263    63.11964423139436
267    62.996004462047665
271    62.87400216679451
275    62.753762462607426
279    62.6353653311385
283    62.51891325842141
287    62.404661863126876
291    62.29307482508824
295    62.18473424125062
299    62.08014395590665
303    61.979478547331674
307    61.88234998123666
312    61.76504529825
317    61.65155682490288
322    61.54124093163115
327    61.433469723373975
332    61.32738611531283
337    61.22211622474118
342    61.117013739735384
347    61.01175436588808
352    60.90635747564143
357    60.80119087637134
362    60.697007537692755
367    60.595024165513045
372    60.497000506132444
377    60.40522390997431
383    60.30706229575957
389    60.22630336278519
395    60.16674876678234
401    60.130658775869776
407    60.11768533037887
413    60.12475000710707
419    60.14715656946375
425    60.179971035768126
431    60.21904760978694
437    60.26088098372354
443    60.30347657539941
449    60.34611332579162
456    60.39646562141132
463    60.44924726181596
470    60.50670439697146
477    60.5704703898749
484    60.64051966167444
491    60.714849448188346
498    60.790724910301634
505    60.86549292093686
512    60.936905136569834
519    61.00325701308361
527    61.071571899430865
535    61.13118492755676
543    61.18261888357357
551    61.227408252266216
559    61.266494056799544
567    61.30000427750767
575    61.32679445669287
583    61.34574884873682
592    61.357572709114315
601    61.36046455896792
610    61.35614103210965
619    61.34653591655868
628    61.33457113760889
637    61.324001603018274
646    61.31969558307398
655    61.328288708951945
665    61.36047703363312
675    61.41645121443766
685    61.48359927007131
695    61.545219563702446
705    61.592274901327485
715    61.625021204443215
725    61.64792124419888
736    61.66721085858028
747    61.684446664211336
758    61.70227867846094
769    61.722542067009414
780    61.747135702410716
791    61.77842200298702
803    61.822976456265735
815    61.88004226572556
827    61.94862744691753
839    62.02498732490825
851    62.104362277007766
863    62.18349434287134
876    62.26772058369549
889    62.35090095474075
902    62.434202834101384
915    62.51866289431095
928    62.60485689812374
942    62.69997463742486
956    62.79778515640183
970    62.8982976370291
984    63.00103789505738
998    63.1053099706447
1010    63.19539966527965
1020    63.27075673617633
1030    63.346214754109866
1050    63.49700397077913
1070    63.64742017544274
1090    63.79728279424275
1110    63.94649722109734
1130    64.09553793801709
1150    64.24522477532636
1170    64.39640187165071
1190    64.54962178033222
1210    64.70498369831185
1230    64.86217674854689
1250    65.02027148469678
1270    65.1779553362386
1290    65.33412585465416
1310    65.48802386962154
1330    65.63907505873007
1350    65.78706245588566
1370    65.93224632533651
1390    66.0751732499269
1410    66.21641174051729
1430    66.35653323692969
1450    66.49611044284627
1470    66.63565231293288
1490    66.77561268779135
1510    66.9165616290075
1530    67.0590711252674
1550    67.2035236590732
1570    67.35008254784128
1590    67.49887054721881
1610    67.6500888105991
1630    67.80393567195173
1650    67.96048579716788
1670    68.11960616154187
1690    68.28098684388442
1710    68.44449182715107
1730    68.6102638405155
1760    68.86391603595614
1790    69.1244306857237
1820    69.39193489506846
1850    69.66612675937029
1880    69.94623488472337
1910    70.23082954742148
1940    70.51876741384672
1970    70.809741366178
2000    71.10389760136265
2030    71.40110058241264
2060    71.70073812641424
2090    72.00186843471036
2120    72.3028027158513
2150    72.60163445436277
2180    72.89717400448896
2210    73.18855532696355
2240    73.47506641736365
2270    73.75518000687246
2300    74.02675969716503
2330    74.28750994662546
2360    74.53527288908879
2390    74.76878096233044
2420    74.98658670679846
2460    75.24872031043921
2500    75.4745235354961
2540    75.65945507289771
2580    75.80176141599438
2620    75.9007528019897
2660    75.95705997439913
2700    75.97404522294377
2740    75.954685008099
2780    75.90328614063142
2820    75.82458019357742
2860    75.72335448386279
2900    75.60298238882619
2940    75.46736895688647
2980    75.322217943189
3020    75.17172330355055
3060    75.0181997412683
3100    74.86409059693503
3150    74.67563124541954
3200    74.49766021996084
3250    74.33578527268047
3300    74.19570550272704
3350    74.08160906273969
3400    73.99492610811046
3450    73.93501651836834
3500    73.90136315667559
3550    73.8938384999976
3600    73.90824192386773
3650    73.93662596376711
3700    73.97575123140382
3750    74.02802320518617
3800    74.09666918208268
3860    74.2027690652015
3920    74.33793806374064
3980    74.50026701641482
4040    74.69079995933973
4100    74.9076962202644
4160    75.14815667231682
4220    75.40807040986306
4280    75.67985244785247
4340    75.95443868891444
4400    76.22255713802934
4460    76.47706918636948
4520    76.7102081005319
4590    76.9397652985774
4660    77.1033029901106
4730    77.1779979161137
4800    77.15458078090188
4870    77.03375946542893
4940    76.81170398645546
5010    76.4969553415236
5080    76.1129114197197
5150    75.67756296943276
5220    75.21023269875937
5300    74.66059181276074
5380    74.11605131908195
5460    73.59239650906395
5540    73.09878770822621
5620    72.63931786828746
5700    72.21908633422046
5780    71.84828951415523
5860    71.52404260559251
5950    71.21169007131708
6040    70.95457744386229
6130    70.75499081299944
6220    70.61581948558612
6310    70.54030397645352
6400    70.52409690728227
6490    70.5673285693107
6580    70.66423880558165
6680    70.82859573905164
6780    71.04756057322302
6880    71.30945826867342
6980    71.59931471571471
7080    71.89766524702274
7180    72.17643492746714
7280    72.39803462029457
7390    72.52609167234058
7500    72.47583476538773
7610    72.20736763782506
7720    71.74420274910199
7830    71.15099002916341
7940    70.4858631635983
8060    69.72903244820193
8180    68.97824198188616
8300    68.25258644032975
8420    67.564131455324
8540    66.92753537576716
8660    66.3524771766463
8790    65.80836858917272
8920    65.36014901436096
9050    64.99864082352417
9180    64.73795776248429
9310    64.57960908956454
9450    64.52408905741049
9590    64.59175780442315
9730    64.78962889763542
9870    65.12934834141119
10010    65.62900902696214
10160    66.3562205318053
10310    67.3079864424567
10460    68.5083337164446
10610    69.9201511509034
10760    71.42334410727702
10920    72.73413921802398
11080    73.22883835968047
11240    72.67106173211707
11400    71.42742658515431
11570    69.81598469467751
11740    68.29685391020854
11910    67.14098500658568
12080    66.20496905831621
12260    65.61289801474956
12440    65.31680086771863
12620    65.35880914180832
12800    65.67775224637367
12990    66.238084711076
13180    66.77035314680737
13370    66.9384746858153
13560    66.60848776755158
13760    65.68196884908585
13960    64.24504596556486
14160    62.521376682773436
14370    60.716865134748865
14580    59.136300569262076
14790    57.81751213472501
15010    56.688455363434244
15230    55.56668450732404
15450    54.88715463763148
15670    55.806847416466915
15900    55.9920106790456
16130    54.96528393506555
16360    55.419027990246185
16600    58.10044538973426
16840    60.29288434385702
17080    60.48035544574836
17330    58.552976979327504
17580    55.968739784009884
17840    53.88234565095824
18100    52.71194422298241
18360    52.33857723306319
18630    52.12191942364957
18900    50.824711734634946
19170    47.65431887833065
19450    42.617293351784554
19730    37.83266841918176
20000    37.36305284594721
