20    72.53082230012815
20.3    72.52905938055196
20.6    72.52731165797681
20.9    72.5255557201784
21.2    72.52370465989087
21.5    72.52156697093861
21.8    72.51883706817041
22.1    72.51514375301318
22.4    72.51014139545148
22.7    72.50361044476529
23    72.49553081967339
23.3    72.48608036263403
23.6    72.47555495490052
23.9    72.46424795200736
24.2    72.4523445050909
24.6    72.43560695300926
25    72.41776658166623
25.4    72.39879049223191
25.8    72.37898269924584
26.2    72.35894970261633
26.6    72.33928227857147
27    72.32019947958926
27.4    72.30143309844541
27.8    72.28239774757868
28.2    72.26251884443373
28.6    72.24147951556036
29    72.21926743828062
29.4    72.19607174329965
29.8    72.1721212000399
30.2    72.14757833547989
30.6    72.12252954711605
31    72.09702353306056
31.5    72.06455730324248
32    72.03147231671495
32.5    71.99771238553751
33    71.9631533036746
33.5    71.92770689095613
34    71.89139535124814
34.5    71.85432522253518
35    71.81655014749208
35.5    71.77795253612607
36    71.73826968497264
36.5    71.6972364315997
37    71.6547186707521
37.5    71.61072964083468
38    71.56535878124598
38.6    71.50925022142239
39.2    71.45155021348518
39.8    71.39256831708558
40.4    71.33271818548138
41    71.27253057798352
41.6    71.21260564498013
42.2    71.15350299816363
42.8    71.0956759000425
43.4    71.03950702361192
44    70.9853129863436
44.6    70.93323178437556
45.2    70.88311460137892
45.9    70.82657215756709
46.6    70.77131112645728
47.3    70.716552196437
48    70.66186122125008
48.7    70.60759496722139
49.4    70.55507781806466
50.1    70.50618300121589
50.8    70.46252196407161
51.5    70.424867678986
52.2    70.39302931615615
53    70.36259640961472
53.8    70.33652221232848
54.6    70.31215642041583
55.4    70.28686184034792
56.2    70.25877907785691
57    70.2267981082029
57.8    70.19008930627984
58.6    70.14797679175925
59.5    70.09386975297815
60.4    70.0331980229286
61.3    69.96732401396207
62.2    69.8981665941771
63.1    69.82794397197853
64    69.75870709999046
64.9    69.69202271289201
65.8    69.62895813580536
66.8    69.5636667247743
67.8    69.5032111493802
68.8    69.44680969897986
69.8    69.39331601099707
70.8    69.34151928865691
71.8    69.29029521146231
72.8    69.2386718892319
73.9    69.18050782108844
75    69.12009861679122
76.1    69.05684636777751
77.2    68.99054450725316
78.3    68.92129386162378
79.4    68.84925129865613
80.6    68.76758969444236
81.8    68.68282130899831
83    68.59514679212225
84.2    68.50502511933746
85.4    68.41331946256932
86.6    68.32133436270027
87.9    68.22328598263881
89.2    68.12918242546877
90.5    68.04133603947662
91.8    67.96172650692935
93.1    67.89158531341464
94.5    67.82668513039431
95.9    67.77125373838697
97.3    67.72207973636077
98.7    67.67473292658923
100    67.62838857200518
102    67.54633266608207
104    67.44723406894401
106    67.33125987336204
108    67.20183774892351
110    67.06346968978175
112    66.9204070791211
114    66.77670678809135
116    66.63545649698018
118    66.49798665805778
120    66.36564719324625
122    66.24106959021638
124    66.12783128944605
126    66.0301648006606
128    65.9533349581481
130    65.90344009536801
132    65.88642533644149
134    65.90699141427295
136    65.96679160249391
138    66.06334460757122
140    66.19012873555965
142    66.33764686338623
144    66.49491382873771
146    66.65094160631847
148    66.79574674953804
150    66.92096403432745
152    67.02032053443722
154    67.09007910533423
156    67.12896997755227
158    67.13789885624303
160    67.11950462603545
162    67.0776275207873
164    67.01678453259444
166    66.94158641127297
168    66.85628551810532
170    66.76448342895739
173    66.62054073906779
176    66.47485896650205
179    66.33146202031006
182    66.19238930320586
185    66.05860999081196
188    65.93055065828705
191    65.80806449721331
194    65.69057920140014
197    65.57724946363643
200    65.46720031023655
203    65.35974949456588
206    65.25441524493323
209    65.15086066923561
212    65.04885658556998
215    64.94823912732335
218    64.8488805366524
221    64.75071347041121
224    64.65377956021511
227    64.5583703191681
230    64.46513678537445
233    64.37506052573555
236    64.2893445043097
239    64.20926901751233
243    64.11334590283474
247    64.03199071709986
251    63.96653574997825
255    63.916528664403856
259    63.8794640015866
263    63.8510262922518
267    63.82589862130598
271    63.79888344105487
275    63.76589379418263
279    63.72452277161588
283    63.67409263601197
287    63.61532194417026
291    63.5497660941381
295    63.4793108196217
299    63.405772575507754
303    63.33062642095321
307    63.25494896757593
312    63.16060267360241
317    63.06712657534199
322    62.974706203983246
327    62.88323157409169
332    62.79250958713605
337    62.702459978484185
342    62.61311473748102
347    62.52448801399516
352    62.43651283254458
357    62.34903384872857
362    62.26191837605473
367    62.175166881895855
372    62.08894901108137
377    62.00361657663933
383    61.90314176778013
389    61.80573322496481
395    61.712216416353726
401    61.62351864648036
407    61.54084703800015
413    61.46566375468192
419    61.3994227090052
425    61.34339898783746
431    61.29865921215833
437    61.26600571369501
443    61.246029232823574
449    61.23902466867946
456    61.24691967792268
463    61.27064574314444
470    61.30757655308213
477    61.354386080560296
484    61.407487481835076
491    61.46345423549752
498    61.51946238078912
505    61.57361755258386
512    61.62501911952265
519    61.67364927114276
527    61.72684020897807
535    61.779365482186535
543    61.83322714333256
551    61.889819578692496
559    61.9495670317959
567    62.01187349639555
575    62.07543302358309
583    62.138672017164616
592    62.207504130463626
601    62.272008751288766
610    62.3307020938213
619    62.38296416690293
628    62.42923882722491
637    62.47078458833954
646    62.50927687399893
655    62.54641840604651
665    62.587801212217144
675    62.63051368716073
685    62.675052417556884
695    62.72127233943282
705    62.768786655969436
715    62.81724187129118
725    62.86633878834214
736    62.9209332395194
747    62.976322183988
758    63.03291326245667
769    63.091118185625845
780    63.15112593653209
791    63.2129075841418
803    63.2821229548903
815    63.35295635743422
827    63.42545463819425
839    63.500193897739614
851    63.577812943389986
863    63.6580516039034
876    63.74513987093474
889    63.826576741159734
902    63.89667109766951
915    63.95624384966209
928    64.01644769258633
942    64.09762848302925
956    64.20116762350655
970    64.3192198390698
984    64.4367838497875
998    64.53801557612735
1010    64.6030813936214
1020    64.64095843487179
1030    64.66762739272124
1050    64.71486313607852
1070    64.79701438462392
1090    64.93164831912839
1110    65.10416897626943
1130    65.29275107919196
1150    65.48316155233621
1170    65.67010440391422
1190    65.8534573349112
1210    66.0345289550991
1230    66.21452993601233
1250    66.39431360388102
1270    66.57406623812994
1290    66.75337920548986
1310    66.93169964810025
1330    67.10835250797146
1350    67.28250427920277
1370    67.45324451437793
1390    67.62004409233701
1410    67.78288083157918
1430    67.94186345494242
1450    68.09687860485549
1470    68.24789882397778
1490    68.39520156164386
1510    68.53916107589056
1530    68.68032757789251
1550    68.81931189308958
1570    68.95654475858437
1590    69.09243492131812
1610    69.22725645909688
1630    69.36113855682272
1650    69.4941720743449
1670    69.6265328154852
1690    69.75852501669297
1710    69.89041925033283
1730    70.02230045439259
1760    70.21984854943882
1790    70.4168566180658
1820    70.61372980669611
1850    70.81045200613755
1880    71.00674288962247
1910    71.20235343825331
1940    71.39700957260213
1970    71.59031193601157
2000    71.78155853977098
2030    71.97000527770479
2060    72.15491290246496
2090    72.33561141714402
2120    72.5115479691627
2150    72.68212534068093
2180    72.84649848286486
2210    73.00331816228615
2240    73.15226304810746
2270    73.29248466059019
2300    73.42288960277347
2330    73.54288906153263
2360    73.65217576282905
2390    73.7506607563535
2420    73.83842625978329
2460    73.93828526454904
2500    74.0182399256801
2540    74.07754524144909
2580    74.11604927963094
2620    74.1345439852552
2660    74.13409179330417
2700    74.11629900867875
2740    74.08257259459853
2780    74.03509772878914
2820    73.9757196598972
2860    73.90621388365464
2900    73.8280532526222
2940    73.74255563154246
2980    73.6515538372204
3020    73.55676889240291
3060    73.4595404468966
3100    73.36101143368799
3150    73.2376060510754
3200    73.11585920712471
3250    72.99753093173209
3300    72.88449876417923
3350    72.7781543853595
3400    72.67837747790321
3450    72.58474458464923
3500    72.49844681149835
3550    72.42128379123054
3600    72.35381576980078
3650    72.29572975845866
3700    72.24714514093309
3750    72.20879618965124
3800    72.18072111822765
3860    72.15881198953896
3920    72.14960861118672
3980    72.15200192436632
4040    72.1664162948596
4100    72.19162187205087
4160    72.22555242952299
4220    72.26561889349576
4280    72.30873094664676
4340    72.35265271674345
4400    72.39602114444833
4460    72.43575620495191
4520    72.46592055059611
4590    72.48240639314136
4660    72.4764713076274
4730    72.4468163628647
4800    72.39385889941445
4870    72.31761001982971
4940    72.21584749715686
5010    72.08847718222583
5080    71.93796266306713
5150    71.76437675239153
5220    71.5694795445394
5300    71.32424451137189
5380    71.05945712825587
5460    70.7802999373047
5540    70.48846931882409
5620    70.18335968128768
5700    69.87351304197946
5780    69.59564465797473
5860    69.38858530126195
5950    69.22124736520875
6040    69.07393072297499
6130    68.90608549414233
6220    68.73134072222112
6310    68.58930976972316
6400    68.48917887113754
6490    68.43307378818145
6580    68.41867164023006
6680    68.44894072456249
6780    68.52775360939289
6880    68.65205925450678
6980    68.81721997156706
7080    69.01742570776577
7180    69.24615272827307
7280    69.4901850816354
7390    69.75215319585146
7500    69.97069950824056
7610    70.09058766313535
7720    70.06439957483548
7830    69.86957546156594
7940    69.50100381884138
8060    68.9080069769372
8180    68.15675305439451
8300    67.30624642519275
8420    66.40878843326638
8540    65.5070501283141
8660    64.63101165881122
8790    63.733323436730856
8920    62.90702655432052
9050    62.14792426775543
9180    61.46527352319552
9310    60.856979658235474
9450    60.28284209557184
9590    59.79370752650854
9730    59.39115952634484
9870    59.07717394141312
10010    58.85890780420671
10160    58.72838721922536
10310    58.693496711036914
10460    58.722538402225645
10610    58.745540408337384
10760    58.665964344823045
10920    58.47196279592681
11080    58.40649523514044
11240    58.67348400781596
11400    59.08961767259246
11570    59.43569946324311
11740    59.80734661016915
11910    60.53073464580037
12080    61.36638531232398
12260    62.06200511114375
12440    62.38092456763886
12620    62.14756697561066
12800    61.53473642482173
12990    60.64466085637048
13180    59.744521566431516
13370    58.93984234867821
13560    58.28813356508044
13760    57.76039319448013
13960    57.36698122006567
14160    57.06257453096144
14370    56.750864586914595
14580    56.359271912917556
14790    55.811506678037965
15010    54.97300197553842
15230    53.808896528237824
15450    52.40992077051699
15670    50.95225315949478
15900    49.527460074098464
16130    48.25564950141458
16360    47.29028587378346
16600    46.82526596632582
16840    46.995904924474246
17080    47.7445552595338
17330    48.859575797648304
17580    49.939938805169476
17840    50.78444840359845
18100    50.918599830946285
18360    50.55501307888449
18630    49.903903964776134
18900    48.0392805264364
19170    45.4717947163317
19450    43.29159716473598
19730    42.18768082278274
20000    42.1050011504271
