20    67.3219804828
20.3    67.33444398376469
20.6    67.34654362200968
20.9    67.35811137567514
21.2    67.36905646768002
21.5    67.37939080133147
21.8    67.38916927441498
22.1    67.39838813310335
22.4    67.40692025019817
22.7    67.41454202963722
23    67.42102772999996
23.3    67.42628209645275
23.6    67.43041837746242
23.9    67.4337439394867
24.2    67.43664613080207
24.6    67.44037472009663
25    67.4441737912543
25.4    67.44780676033159
25.8    67.45074848886517
26.2    67.45253807192842
26.6    67.45295319862109
27    67.45192513716509
27.4    67.44935065060058
27.8    67.44501456903512
28.2    67.43870589319563
28.6    67.43040908623931
29    67.42041040900328
29.4    67.40925622703546
29.8    67.39757331755752
30.2    67.38586590986895
30.6    67.37441770052791
31    67.36329074997037
31.5    67.34966088525474
32    67.3359238049011
32.5    67.32149832603343
33    67.30582735239233
33.5    67.288623204158
34    67.26998327493519
34.5    67.25025753383666
35    67.22983937948325
35.5    67.20914718823641
36    67.1887487215421
36.5    67.16933412554755
37    67.15144534996134
37.5    67.13523460459336
38    67.12052166163792
38.6    67.10440351827052
39.2    67.08924377813369
39.8    67.07390560507594
40.4    67.05719704479941
41    67.03849235139768
41.6    67.01793983237724
42.2    66.99601465399147
42.8    66.97313745493707
43.4    66.94976944849583
44    66.92649296012715
44.6    66.90373294110954
45.2    66.88151829451502
45.9    66.85600884051084
46.6    66.83073237617873
47.3    66.80551039602426
48    66.77994592318171
48.7    66.75360441678865
49.4    66.72620679190604
50.1    66.6974004396989
50.8    66.66664512686908
51.5    66.63374273374595
52.2    66.59909455639811
53    66.5579018546223
53.8    66.51532373950283
54.6    66.47177419531825
55.4    66.4272385800389
56.2    66.38100215816507
57    66.33254641440831
57.8    66.28213578926687
58.6    66.23051299618334
59.5    66.17202360867905
60.4    66.1142796802199
61.3    66.05825578721871
62.2    66.00390392034735
63.1    65.95020744958606
64    65.8963721949568
64.9    65.84202691402282
65.8    65.78684590505162
66.8    65.72411072642606
67.8    65.6595481836879
68.8    65.593326227805
69.8    65.52619625402042
70.8    65.45911862165943
71.8    65.39240556286086
72.8    65.32570927100761
73.9    65.25130900820594
75    65.17425184251998
76.1    65.09356792586141
77.2    65.00890399237038
78.3    64.92080048208094
79.4    64.83065154589163
80.6    64.73139292520165
81.8    64.631781512016
83    64.53234001731201
84.2    64.4346895782317
85.4    64.34194922076409
86.6    64.25816628676726
87.9    64.18221763210408
89.2    64.12605401258347
90.5    64.09317452875801
91.8    64.08620207921409
93.1    64.1062570692731
94.5    64.15572919141707
95.9    64.22755529816573
97.3    64.31304265745763
98.7    64.40388093342067
100    64.48719361338242
102    64.60519938138202
104    64.70431904508462
106    64.78049413765564
108    64.83166632715472
110    64.85668014691083
112    64.85613837196411
114    64.83253291667563
116    64.78951003838188
118    64.73140403493903
120    64.6625284433409
122    64.58675416826898
124    64.50721078488874
126    64.42618200018808
128    64.3451601584629
130    64.26498272436217
132    64.1860469946721
134    64.10854067150032
136    64.03249971858689
138    63.95783159333104
140    63.88440706537103
142    63.81198651704668
144    63.740128358846235
146    63.668388617284734
148    63.59654311732934
150    63.52469910419135
152    63.453273720042944
154    63.38282508627236
156    63.3137343025485
158    63.246076155898464
160    63.17947417966765
162    63.113057423486325
164    63.045854930094094
166    62.97717249730544
168    62.90659910722337
170    62.83394437682874
173    62.72131309198962
176    62.605596703855085
179    62.4890849285066
182    62.37481328538275
185    62.26628509082408
188    62.16771645054598
191    62.08396070339569
194    62.01959011462034
197    61.977392932765675
200    61.95714693661692
203    61.955940261100935
206    61.968513925678344
209    61.98778826251691
212    62.006458082269205
215    62.018344881631535
218    62.019089336824436
221    62.00649519041439
224    61.98040750919941
227    61.94184139534232
230    61.8924102762693
233    61.83407742429149
236    61.76912345140268
239    61.699852852317704
243    61.60421608628182
247    61.507975328250524
251    61.41281175076884
255    61.31911146860702
259    61.2270344663942
263    61.13691141472106
267    61.048992457299654
271    60.96322535985419
275    60.87931020875887
279    60.79730822109693
283    60.71766126611995
287    60.64088647993364
291    60.56739607643907
295    60.4973705264531
299    60.4305332424949
303    60.36602725807519
307    60.303240436738434
312    60.227061426673814
317    60.152953112316595
322    60.07980546086083
327    60.00673334386133
332    59.93332725512278
337    59.85969423590642
342    59.78603046772572
347    59.712314797489526
352    59.6385500705519
357    59.56518887181022
362    59.493322173900694
367    59.4246759286394
372    59.361571495576754
377    59.306628885612966
383    59.254859566158416
389    59.2214634782203
395    59.20773049815505
401    59.21314719980329
407    59.23544505037877
413    59.27122755924934
419    59.31635233918675
425    59.366210122687725
431    59.41658931279268
437    59.46425213496083
443    59.507415572418864
449    59.54543839496121
456    59.5836563440585
463    59.6167497692978
470    59.64707023686676
477    59.676863987425264
484    59.7077716972578
491    59.7405983868239
498    59.775429654080106
505    59.81225297875275
512    59.85120715030703
519    59.89248309964057
527    59.94264481175745
535    59.99591351892636
543    60.052369392865
551    60.11252636534502
559    60.17667821368018
567    60.244382527593174
575    60.31507238980767
583    60.3882571060588
592    60.47294671218937
601    60.55913572969105
610    60.64532905386573
619    60.73021676039012
628    60.81303082265137
637    60.893620691947376
646    60.9724134205842
655    61.05014017829023
665    61.13624604009731
675    61.222894371859866
685    61.31040776672387
695    61.39861486608525
705    61.48680054205949
715    61.573938440631345
725    61.65922337461532
736    61.750518208454416
747    61.839260883219
758    61.926044432410606
769    62.01208698961902
780    62.09849272814213
791    62.18571687596402
803    62.28174777612426
815    62.378412227301055
827    62.47523888789759
839    62.57166665460713
851    62.66725840871541
863    62.76178804471914
876    62.86314607790324
889    62.96381359493017
902    63.06392244399509
915    63.16332851503523
928    63.26188338267029
942    63.36713638717744
956    63.47195173229839
970    63.57732116802859
984    63.684473185799405
998    63.79444058720553
1010    63.89144223771498
1020    63.97434978919311
1030    64.05908708009792
1050    64.23307552713307
1070    64.4109088193044
1090    64.59050308770824
1110    64.77014724301088
1130    64.94847245812174
1150    65.12493915572598
1170    65.29960782953017
1190    65.47266000651166
1210    65.6441830198365
1230    65.81410471665612
1250    65.98252698594499
1270    66.14967737969585
1290    66.3157696282104
1310    66.48096246360814
1330    66.6452601315286
1350    66.80847693652169
1370    66.97021782470145
1390    67.1298236358581
1410    67.28657986700479
1430    67.44000405434508
1450    67.58972833545326
1470    67.73567078612044
1490    67.87788655698665
1510    68.0162635658089
1530    68.15071599537438
1550    68.28119496982572
1570    68.40752990152129
1590    68.52964834135521
1610    68.64750151129536
1630    68.76101550999289
1650    68.87006898071334
1670    68.97454069067396
1690    69.07447516728983
1710    69.16992672633302
1730    69.2608769559513
1760    69.38884741821963
1790    69.50666737896398
1820    69.61340881111465
1850    69.7079222977375
1880    69.79063769736709
1910    69.8633215212682
1940    69.92724321478417
1970    69.9832883195127
2000    70.03267157195648
2030    70.07674901123801
2060    70.11623718212087
2090    70.15194472764497
2120    70.18494414996209
2150    70.21635037051165
2180    70.24711440995358
2210    70.27743584589228
2240    70.3067994190441
2270    70.33458687525486
2300    70.36037200264101
2330    70.3836513813335
2360    70.4035968798411
2390    70.41943167769514
2420    70.43116863691887
2460    70.4408832487994
2500    70.4443514368823
2540    70.44217033008738
2580    70.43530525840544
2620    70.42515484540223
2660    70.4127625831704
2700    70.39964159731764
2740    70.38758526848787
2780    70.37779064264677
2820    70.37107445942765
2860    70.36809403837381
2900    70.36939620952631
2940    70.37523078175613
2980    70.38600782300202
3020    70.40264715017514
3060    70.4264627696299
3100    70.4584437683168
3150    70.51057928599366
3200    70.57686202135034
3250    70.65780525788387
3300    70.75363176351624
3350    70.86244712660772
3400    70.98169331833381
3450    71.10894462576584
3500    71.24156120983096
3550    71.37709570211734
3600    71.51312769114512
3650    71.6470973051957
3700    71.77595541690764
3750    71.89520655286591
3800    71.99952601875037
3860    72.0975820996658
3920    72.1561329450494
3980    72.16908702588158
4040    72.12378370296946
4100    72.01249792662328
4160    71.8314039011216
4220    71.58214238875243
4280    71.27187078443066
4340    70.90665272139492
4400    70.495259014834
4460    70.04596059294958
4520    69.56304616404445
4590    68.96779639322028
4660    68.35943627803601
4730    67.76238452355156
4800    67.19551928655639
4870    66.66184436177775
4940    66.16063837560702
5010    65.6942858319382
5080    65.25827846523791
5150    64.84556398235136
5220    64.45344047158025
5300    64.0337474483947
5380    63.649006959324765
5460    63.30127587284268
5540    62.988368302385794
5620    62.70594687569135
5700    62.4520058927607
5780    62.22969798702377
5860    62.037581867174424
5950    61.85502088994218
6040    61.70702210666754
6130    61.59461544413278
6220    61.51902534664234
6310    61.48044218927215
6400    61.47681702030698
6490    61.51103674769882
6580    61.58138465863842
6680    61.69976073527024
6780    61.86130814248487
6880    62.06406225043733
6980    62.30877804333298
7080    62.59549035852054
7180    62.91913336977317
7280    63.26759087643657
7390    63.652972038684425
7500    63.998580708924095
7610    64.27474515041445
7720    64.5068672955954
7830    64.71545109901649
7940    64.87138071361491
8060    64.92656006897477
8180    64.82886042414594
8300    64.58640487195296
8420    64.22752225854902
8540    63.790228588843036
8660    63.31457844011155
8790    62.79371640346041
8920    62.29904281081289
9050    61.8463646695174
9180    61.455341667832066
9310    61.133220572959814
9450    60.8693849231432
9590    60.702296873453534
9730    60.64645378434862
9870    60.71890746977671
10010    60.951173255543026
10160    61.421092240428884
10310    62.16116178640645
10460    63.14651741027425
10610    64.22100618150857
10760    65.14019816214852
10920    65.68417284935236
11080    65.67343125016362
11240    65.16794650279574
11400    64.40486600411305
11570    63.48610783888528
11740    62.55807444925627
11910    61.666020591763385
12080    60.810175166672835
12260    60.00641953569057
12440    59.30652434947807
12620    58.7495503733999
12800    58.33789674439343
12990    58.1111090213849
13180    57.95039225648409
13370    58.00447089342756
13560    58.21703631363121
13760    58.580194340211776
13960    59.05767954277164
14160    59.58852550326472
14370    60.11428723035435
14580    60.47983518037266
14790    60.618570818991984
15010    60.46645858394314
15230    59.66406029598092
15450    57.26091322960535
15670    55.490726298455385
15900    54.82042446842227
16130    54.16709961373315
16360    53.07106793060697
16600    51.8250389575111
16840    50.50817000219226
17080    49.050729407503496
17330    47.52772112407323
17580    46.067142461668396
17840    44.69088973017458
18100    43.530774635963105
18360    42.6638725324705
18630    42.12981783734318
18900    41.59314917339355
19170    39.64269686483797
19450    35.34306511315852
19730    32.37868125121069
20000    32.14340930130149
