20    64.70135116755408
20.3    64.72180966404134
20.6    64.74192102065896
20.9    64.76163686242334
21.2    64.78091466689145
21.5    64.79973529436299
21.8    64.8181013771308
22.1    64.83602828861768
22.4    64.85353704628375
22.7    64.87064563748115
23    64.88736212154035
23.3    64.90367889110217
23.6    64.91957792229482
23.9    64.93503709846976
24.2    64.95004073000516
24.6    64.96934766804297
25    64.98793325431362
25.4    65.00595745268967
25.8    65.02363072090297
26.2    65.04114729257648
26.6    65.05862804659897
27    65.07609396935291
27.4    65.09348359695639
27.8    65.11069352074435
28.2    65.12762109382894
28.6    65.14419020666762
29    65.16035476653585
29.4    65.17609174819859
29.8    65.19138145072915
30.2    65.20619790257862
30.6    65.22051232928123
31    65.23430342136683
31.5    65.25080965695348
32    65.26656139192687
32.5    65.28166278029072
33    65.29622216175537
33.5    65.31031979308278
34    65.32399424705574
34.5    65.33725094599131
35    65.35010389970728
35.5    65.36262761453582
36    65.37498092489126
36.5    65.38736831477206
37    65.39995298010814
37.5    65.41279348454452
38    65.42585374322468
38.6    65.44172650527581
39.2    65.45776226389528
39.8    65.47394481434822
40.4    65.49022848909354
41    65.50649158751713
41.6    65.5225491966971
42.2    65.53821154324717
42.8    65.55334991619051
43.4    65.56791323241046
44    65.58188524153957
44.6    65.5952454391246
45.2    65.6079895424617
45.9    65.62215606932754
46.6    65.63572397299414
47.3    65.64881634037916
48    65.66145114727996
48.7    65.67356780450444
49.4    65.6850885385962
50.1    65.69597280862737
50.8    65.70621735810158
51.5    65.71581312698231
52.2    65.72473337274893
53    65.73406571370396
53.8    65.74241748637013
54.6    65.74966593289903
55.4    65.75572205320977
56.2    65.76071443994724
57    65.76501303791605
57.8    65.7690051676644
58.6    65.77288196419383
59.5    65.77712697994335
60.4    65.7812452793481
61.3    65.78527317722455
62.2    65.78919457977688
63.1    65.79292031848809
64    65.79635219580774
64.9    65.79942492274165
65.8    65.80211289983629
66.8    65.80465483461515
67.8    65.8067581333774
68.8    65.80844738606675
69.8    65.80968764169472
70.8    65.81035924721196
71.8    65.81030267051955
72.8    65.80939441801435
73.9    65.80736350861461
75    65.80430496410821
76.1    65.80033649053647
77.2    65.79555624546072
78.3    65.79001518959396
79.4    65.78376657208561
80.6    65.77623239877748
81.8    65.76804560604012
83    65.75927997109366
84.2    65.75000955015605
85.4    65.74035690096576
86.6    65.73047822837694
87.9    65.71967772161081
89.2    65.70887776291703
90.5    65.69810111034035
91.8    65.68728278737922
93.1    65.67628831345812
94.5    65.66404889268759
95.9    65.65117349557224
97.3    65.63747076015304
98.7    65.6228185329012
100    65.60831707219873
102    65.584297114083
104    65.5581800818868
106    65.52988806551117
108    65.49926943577526
110    65.46617867012091
112    65.43054550965917
114    65.39244089341958
116    65.35210468815922
118    65.3098986620194
120    65.26620358911482
122    65.22130579650837
124    65.17523704004378
126    65.12792805916185
128    65.07937932382109
130    65.02974119221727
132    64.9793322081151
134    64.9286142221264
136    64.8781545782983
138    64.82856587702334
140    64.78040114080346
142    64.73412619311506
144    64.69019640533743
146    64.64915720091862
148    64.61174637738071
150    64.57894491429204
152    64.55196325898196
154    64.53221764952237
156    64.52126457010738
158    64.5206345761473
160    64.53156496595592
162    64.55466743380369
164    64.58962275045383
166    64.63496655980212
168    64.68804120764031
170    64.74533302177204
173    64.83093636663935
176    64.90614351269528
179    64.96314741439345
182    64.99854032791167
185    65.0130138900046
188    65.01054080713652
191    64.99735073509052
194    64.98082915792506
197    64.9684403465883
200    64.9665478710479
203    64.9792439091698
206    65.00735575110895
209    65.04792252494244
212    65.09459955451354
215    65.13907780904944
218    65.17307696689545
221    65.19026648835157
224    65.18746982295467
227    65.16466649249199
230    65.124037769012
233    65.0689282890854
236    65.00310869839296
239    64.93027688398624
243    64.82773066027802
247    64.72420547730903
251    64.62341389411327
255    64.52708458975994
259    64.43541295336195
263    64.34761090560794
267    64.26241654522204
271    64.17854549480492
275    64.0949177847307
279    64.01073547500579
283    63.925578953214085
287    63.839374389668066
291    63.75222968179771
295    63.66433009798931
299    63.57587541413741
303    63.48705890693598
307    63.39806617385918
312    63.28678195444407
317    63.1755770498345
322    63.06452339479648
327    62.95376492881012
332    62.84352162549907
337    62.73408381499381
342    62.6258163409442
347    62.5190474987079
352    62.41392143099246
357    62.31038995632596
362    62.20835548216375
367    62.107864798155376
372    62.009357299384156
377    61.913868802903366
383    61.80571155427515
389    61.708438590926576
395    61.62692367555742
401    61.56616531247136
407    61.530406610663746
413    61.522098078604714
419    61.54088232944497
425    61.58314746624048
431    61.64267470316631
437    61.71201743652185
443    61.78393791057903
449    61.85252999892938
456    61.92315485341253
463    61.980686714729806
470    62.02433020181137
477    62.054968212922105
484    62.074461384983955
491    62.08505243858626
498    62.08925079393222
505    62.08970262003953
512    62.08903086606546
519    62.089851498343606
527    62.09550612845972
535    62.10805278490588
543    62.12768627299231
551    62.153290742234816
559    62.183274548363116
567    62.21621071862185
575    62.2509704412076
583    62.28648587494081
592    62.325710053573616
601    62.3620876481075
610    62.39366408160582
619    62.419002298063134
628    62.43742300465453
637    62.449222857700136
646    62.455609401340354
655    62.45832801814253
665    62.45931015987189
675    62.460214972840774
685    62.4623827264609
695    62.466530798091355
705    62.47329187295034
715    62.48346465902559
725    62.49788216261662
736    62.51923612103752
747    62.546359628510615
758    62.578857056254435
769    62.61629399667977
780    62.65838023487052
791    62.70488510566081
803    62.76025236870099
815    62.81987724863369
827    62.88317928176186
839    62.9498518893693
851    63.01989291617036
863    63.093451377479916
876    63.17754283819218
889    63.266820138219586
902    63.36162889721972
915    63.46182701829855
928    63.56711146031529
942    63.68601423319993
956    63.810669560732066
970    63.94133194345827
984    64.07829575160247
998    64.22160601413954
1010    64.34932698307279
1020    64.45901494742823
1030    64.57149958034756
1050    64.80433680247091
1070    65.04695963098075
1090    65.29904668389358
1110    65.56067443636077
1130    65.83208045879671
1150    66.11403778596681
1170    66.40771463768846
1190    66.71428840944964
1210    67.03453952666389
1230    67.36823793502768
1250    67.71413162012267
1270    68.07022018743237
1290    68.43471456556183
1310    68.8061885051778
1330    69.18301966116925
1350    69.56324501637502
1370    69.94471492403167
1390    70.32499921409904
1410    70.70109027802704
1430    71.06902266428447
1450    71.42384737081159
1470    71.75977144715682
1490    72.07022694388567
1510    72.3481288726802
1530    72.58610447816844
1550    72.77687668003607
1570    72.91378571437123
1590    72.99136999148999
1610    73.00698884213585
1630    72.96284644032852
1650    72.86475634355833
1670    72.72018746822829
1690    72.53728226616924
1710    72.32478045851438
1730    72.09234489565983
1760    71.72888493432468
1790    71.37523280916695
1820    71.05497074603903
1850    70.78286150322131
1880    70.56473064039339
1910    70.39710702350192
1940    70.26847069156136
1970    70.16291684258421
2000    70.06437921965843
2030    69.96018727584664
2060    69.84304537273961
2090    69.71163042587102
2120    69.56951497314634
2150    69.42248759282877
2180    69.2766811639023
2210    69.13841132334574
2240    69.01353591356167
2270    68.90728147985324
2300    68.82393265371897
2330    68.76648514365408
2360    68.73664411380412
2390    68.73510460655675
2420    68.76207746439755
2460    68.84252801336206
2500    68.97309310722721
2540    69.15217665235562
2580    69.37644073452816
2620    69.64213297122959
2660    69.94527392113284
2700    70.27974652840727
2740    70.63541917278675
2780    70.99715135399344
2820    71.34318950446492
2860    71.6448010779951
2900    71.86866812373506
2940    71.98072456660073
2980    71.95199610156456
3020    71.76317502808186
3060    71.40787186707543
3100    70.89559981111125
3150    70.08005617295765
3200    69.16380923408971
3250    68.28080127955195
3300    67.58105196878668
3350    67.18020645612737
3400    67.09995553445069
3450    67.25575878390207
3500    67.51122895136751
3550    67.75225875966342
3600    67.92439819826113
3650    68.02670823493888
3700    68.08747484547095
3750    68.14240424456912
3800    68.22232747007729
3860    68.38156188630657
3920    68.63035369889623
3980    68.97109025223929
4040    69.36176498653495
4100    69.69085611595287
4160    69.8013011734011
4220    69.5697734881513
4280    68.97518637797506
4340    68.10223948223997
4400    67.09479488427243
4460    66.10112339711068
4520    65.23569041570212
4590    64.46651823987472
4660    63.959903790495986
4730    63.66674565099565
4800    63.52758974354515
4870    63.50131588736957
4940    63.57000104696233
5010    63.73086807519561
5080    63.98734885797094
5150    64.34539979734632
5220    64.81220404268396
5300    65.48375087938552
5380    66.2868235692238
5460    67.17337720260176
5540    68.07392213236194
5620    68.90274033764894
5700    69.56272297283881
5780    69.97273003326075
5860    70.10121850306194
5950    69.95519204980462
6040    69.62649593407697
6130    69.25305706795551
6220    68.93418237300682
6310    68.72932599193638
6400    68.66808541518597
6490    68.75478034193316
6580    68.9766812173076
6680    69.35438932095875
6780    69.82651200159711
6880    70.3244349634407
6980    70.755998949467
7080    71.0307084475406
7180    71.08185625151252
7280    70.84466022814735
7390    70.14182916306919
7500    68.88773032438607
7610    67.12782794223452
7720    65.09083724965762
7830    63.16025979104424
7940    61.687470567232936
8060    60.7254412321789
8180    60.22551469493434
8300    59.807841451125554
8420    59.21308712116493
8540    58.45341830287086
8660    57.65090414204495
8790    56.809834179779344
8920    56.092040107550396
9050    55.60506486351918
9180    55.30802601046189
9310    55.11924910000313
9450    55.05460736659473
9590    55.172316166002
9730    55.437373839837264
9870    55.68615310103752
10010    55.51534239349789
10160    54.2261290796076
10310    51.7017023198031
10460    49.315962186341686
10610    48.77147825868727
10760    49.99943714761834
10920    51.947345980216696
11080    53.8824379196932
11240    55.70732488556236
11400    57.35694210128801
11570    58.74638005086547
11740    59.567215042638736
11910    59.748418041805685
12080    59.39696226676628
12260    58.662403472851686
12440    57.75318054180258
12620    56.79830360836442
12800    55.909211817575496
12990    55.166311637085194
13180    54.67355004380915
13370    54.36151919863962
13560    54.13436581913058
13760    53.943475037310094
13960    53.76592797252271
14160    53.40370102272905
14370    52.62202011221812
14580    51.764088589447304
14790    51.50011868887647
15010    51.89019125485605
15230    51.97172602549127
15450    50.62716690258844
15670    47.32175746344654
15900    41.99492975166746
16130    37.00422718578545
16360    35.147571968001145
16600    35.41233278193537
16840    35.30710582857547
17080    34.83702200602419
17330    34.409604075989655
17580    34.19024765914945
17840    34.17541734860039
18100    34.07364937068944
18360    33.374116098483974
18630    32.716780545473014
18900    33.869526979687265
19170    36.21066114612534
19450    38.57148140512447
19730    40.86393702446749
20000    42.05063602635988
