20    68.02036972283503
20.3    68.04070872330509
20.6    68.06007220191233
20.9    68.07769733320677
21.2    68.09288463318204
21.5    68.10512538354328
21.8    68.1141225039911
22.1    68.1197483578007
22.4    68.12198790349962
22.7    68.1208787661912
23    68.11650838649282
23.3    68.10907615990217
23.6    68.09900623407691
23.9    68.08706216079005
24.2    68.07438916985916
24.6    68.05888659274234
25    68.0482708566301
25.4    68.04533308255998
25.8    68.05120467528349
26.2    68.06509210711155
26.6    68.08484438135322
27    68.10802227089039
27.4    68.13280618606129
27.8    68.15829411138917
28.2    68.18421270082703
28.6    68.21036446258049
29    68.23617845352481
29.4    68.26063030708555
29.8    68.28254110072126
30.2    68.30103469800946
30.6    68.31587406313001
31    68.32749276251445
31.5    68.33875841706225
32    68.34787655947508
32.5    68.35580083311822
33    68.36285992431787
33.5    68.36909726518324
34    68.37442922598396
34.5    68.37847802661705
35    68.38040903103695
35.5    68.37915701151074
36    68.37398401870652
36.5    68.36492304314632
37    68.35277157955134
37.5    68.33871611173396
38    68.32389085196749
38.6    68.30610985087307
39.2    68.28859448798487
39.8    68.27069762222862
40.4    68.25148290122326
41    68.23069451109065
41.6    68.2090735935942
42.2    68.18774530185819
42.8    68.16748401119304
43.4    68.14848936207113
44    68.13039971941657
44.6    68.11233262641429
45.2    68.0932368798735
45.9    68.06883587256195
46.6    68.04205133395405
47.3    68.01282327942097
48    67.9805965412266
48.7    67.94478955950461
49.4    67.90544035103659
50.1    67.86330617704189
50.8    67.81942633173011
51.5    67.77465415889898
52.2    67.72987017652622
53    67.68047399732436
53.8    67.63485542709063
54.6    67.59263217631755
55.4    67.55100841065332
56.2    67.50740882382303
57    67.46178288682194
57.8    67.41658309648517
58.6    67.37458531909792
59.5    67.33192274713136
60.4    67.29165991620827
61.3    67.25026980645293
62.2    67.20491492189849
63.1    67.15361641205607
64    67.0951395172325
64.9    67.02902366795215
65.8    66.95554978848759
66.8    66.8663263305508
67.8    66.77074597629368
68.8    66.67110841221555
69.8    66.57063641328119
70.8    66.47320494222183
71.8    66.38254849176946
72.8    66.30151288644258
73.9    66.2251852917197
75    66.1624334109084
76.1    66.11274379778499
77.2    66.07589856641385
78.3    66.05298556499594
79.4    66.04606669515562
80.6    66.05805960325534
81.8    66.08949795554781
83    66.13740313355879
84.2    66.19724395727985
85.4    66.2636075217601
86.6    66.33110287055881
87.9    66.39983585087529
89.2    66.45914861150953
90.5    66.50603164110451
91.8    66.53939794143272
93.1    66.55989483611842
94.5    66.57050159885213
95.9    66.57433867398078
97.3    66.57733004238287
98.7    66.58420603474653
100    66.59608284193033
102    66.62128375730398
104    66.64415142246327
106    66.65343157301709
108    66.64167121865958
110    66.6092065685508
112    66.56084431440189
114    66.5042942715317
116    66.44584367310571
118    66.38899022147996
120    66.33545175054482
122    66.28400971557116
124    66.23230970762867
126    66.17798406248369
128    66.11998418199065
130    66.0581284341996
132    65.99291434790126
134    65.92522033115081
136    65.85573955594714
138    65.78515357964935
140    65.71408226820353
142    65.64312573711547
144    65.57280839752639
146    65.50351086222824
148    65.43535259641233
150    65.36800145726056
152    65.3009218315494
154    65.23376336974222
156    65.1665353634113
158    65.0994466764863
160    65.03256822414328
162    64.96582521379017
164    64.89916474530636
166    64.83262543841201
168    64.7662918318909
170    64.70025443451223
173    64.60185469343638
176    64.50414752329061
179    64.40695862979251
182    64.31051178015849
185    64.21565497585564
188    64.1237548509574
191    64.03596607784269
194    63.95327388272676
197    63.876725670088405
200    63.807230621171655
203    63.74532115130498
206    63.69107859970366
209    63.64401600265633
212    63.602754500366416
215    63.564968482551635
218    63.52794434097309
221    63.48915646611963
224    63.44664137818828
227    63.39920713444891
230    63.34628902262304
233    63.28793654691801
236    63.22500465201396
239    63.158843252390895
243    63.06800602342155
247    62.97676644322476
251    62.88715928361197
255    62.79973635697462
259    62.71438966386559
263    62.63091919404319
267    62.549075535725706
271    62.46824787450562
275    62.3875488348679
279    62.306416209336135
283    62.22451388053778
287    62.1417371421292
291    62.05895001124951
295    61.977734417213895
299    61.89928597255181
303    61.82383339342623
307    61.75043361558369
312    61.659505292196116
317    61.56827201528455
322    61.4762078706083
327    61.38340224455929
332    61.29034863970135
337    61.19760681507967
342    61.10519085217396
347    61.01271328828284
352    60.91999872972987
357    60.8273947375566
362    60.735644866215324
367    60.64545771336569
372    60.55713374320783
377    60.470947292954435
383    60.37119333141945
389    60.27709417304145
395    60.19157991010188
401    60.11783787315217
407    60.05901542189805
413    60.01778540551341
419    59.995632360666406
425    59.99223027563675
431    60.00523739263714
437    60.030927513254056
443    60.06539214828331
449    60.104761251958095
456    60.151166798112186
463    60.192259797998375
470    60.22493402775072
477    60.2486752614914
484    60.26387847210107
491    60.271315859128265
498    60.27229373074907
505    60.26836964526175
512    60.260979687759715
519    60.251979406965035
527    60.242977661504845
535    60.23848827633215
543    60.240497376234416
551    60.25037185009198
559    60.26926696844923
567    60.29850061970828
575    60.33917849963109
583    60.39173752012018
592    60.46372281279519
601    60.545175544632045
610    60.63053324611552
619    60.71737607181731
628    60.80721170092711
637    60.89967749564994
646    60.99046714832055
655    61.07714654289533
665    61.16672504326797
675    61.24664178243969
685    61.31594118646697
695    61.375906843246554
705    61.428422761286356
715    61.47562663360709
725    61.519545723996
736    61.56609163446399
747    61.613032470679755
758    61.66288758282379
769    61.71774123518209
780    61.77800699898601
791    61.84111562496085
803    61.907801666612144
815    61.966358651856616
827    62.01290634349187
839    62.046050215300724
851    62.06589240923714
863    62.074179886707846
876    62.07542009943293
889    62.07885748135073
902    62.098959876936604
915    62.14912572539844
928    62.234625632514046
942    62.35995993308331
956    62.505181222250386
970    62.655550440338395
984    62.80184378106288
998    62.94050594029086
1010    63.05296115695354
1020    63.14252474819327
1030    63.22868699727617
1050    63.39186093632148
1070    63.54411725833215
1090    63.687085901820126
1110    63.82473483966551
1130    63.96309639616618
1150    64.1080595532576
1170    64.26157400934733
1190    64.42138389803824
1210    64.58337228826252
1230    64.74421533147674
1250    64.90251002229948
1270    65.05863011800514
1290    65.21378329073937
1310    65.3686884006143
1330    65.52312472873552
1350    65.67652045091731
1370    65.82843471096206
1390    65.97876330696508
1410    66.12799049742964
1430    66.27676928076593
1450    66.42538611152992
1470    66.57380527763127
1490    66.72208724333251
1510    66.87030926382425
1530    67.01831284894344
1550    67.16568975187052
1570    67.31207228647185
1590    67.45754451430234
1610    67.60255232470753
1630    67.7475234635169
1650    67.8926091016958
1670    68.0377918345408
1690    68.1830407026893
1710    68.32831966893067
1730    68.47352136129118
1760    68.6906531318499
1790    68.90591639123878
1820    69.11881769835122
1850    69.32947491141047
1880    69.53774950377719
1910    69.74278052791561
1940    69.9428193758703
1970    70.13665587552762
2000    70.3240233748588
2030    70.50437616830354
2060    70.67629417352597
2090    70.83742099999026
2120    70.98593259450968
2150    71.12056692670438
2180    71.23945326345927
2210    71.34041597403268
2240    71.42083824592751
2270    71.47771851546992
2300    71.50752991607936
2330    71.50598315506363
2360    71.46830910860729
2390    71.39051851255859
2420    71.27160027653788
2460    71.0598008187178
2500    70.82212307072359
2540    70.61372502975001
2580    70.487946517295
2620    70.469592707745
2660    70.54382517647088
2700    70.66992824064309
2740    70.80674693497585
2780    70.9274878476379
2820    71.02008951266299
2860    71.08282851151404
2900    71.1194580976151
2940    71.13526813290386
2980    71.1351626627201
3020    71.12317108305811
3060    71.10294375359886
3100    71.07810985334942
3150    71.04507661330209
3200    71.01310980833252
3250    70.98461796095725
3300    70.96196339745502
3350    70.9480198441936
3400    70.94525566850447
3450    70.95526187674261
3500    70.97852748203923
3550    71.01606650200728
3600    71.06927002309041
3650    71.13878162528815
3700    71.22472244289648
3750    71.32707556644796
3800    71.4458483002995
3860    71.61041656029136
3920    71.79880962161798
3980    72.00936990972258
4040    72.23912542348424
4100    72.48411010797703
4160    72.74004223984724
4220    73.00329125620357
4280    73.26960710428416
4340    73.53383053304262
4400    73.79099048696055
4460    74.036368254697
4520    74.26280208470837
4590    74.48758424169344
4660    74.65141757314137
4730    74.73931227970802
4800    74.74156971373735
4870    74.65446155973173
4940    74.4808638965751
5010    74.23071406957376
5080    73.91714526939572
5150    73.55327639886929
5220    73.15275717854212
5300    72.6661915307333
5380    72.15713313288953
5460    71.61612864724417
5540    71.028984674242
5620    70.448448142941
5700    70.03888172704211
5780    69.89101478690557
5860    69.84198109244116
5950    69.67569119392861
6040    69.41614384310549
6130    69.14042549671005
6220    68.87354692769371
6310    68.6158773440248
6400    68.36015150571818
6490    68.09789545049881
6580    67.82485777165903
6680    67.51326114195686
6780    67.21466365619058
6880    66.98439459974064
6980    66.92730160915036
7080    67.16897595265326
7180    67.75314129732934
7280    68.56985808856192
7390    69.51766960156941
7500    70.36047747811507
7610    71.0382469434093
7720    71.5196937787046
7830    71.78745741344423
7940    71.84965071913305
8060    71.71668974162709
8180    71.42477007202865
8300    71.0290744778403
8420    70.57989246918703
8540    70.11939701544712
8660    69.68175805707958
8790    69.26350476146993
8920    68.9187680729105
9050    68.65404911969566
9180    68.48648479553424
9310    68.42305078124463
9450    68.46942478290843
9590    68.64541619507119
9730    68.95487095605692
9870    69.384790214572
10010    69.90641923867554
10160    70.50455785479105
10310    71.0272900835927
10460    71.3202422505727
10610    71.26604381470668
10760    70.84713771300864
10920    70.08133333419335
11080    69.14147236854618
11240    68.18116075727907
11400    67.29963070945966
11570    66.50886736675841
11740    65.90161966575687
11910    65.49865259466864
12080    65.31331738220638
12260    65.36431827390066
12440    65.67000435123603
12620    66.20365460418806
12800    66.86589381178825
12990    67.45605379509672
13180    67.56818978851965
13370    66.93847346103999
13560    65.61763367790515
13760    63.83427949459975
13960    62.05251319476933
14160    60.49856789284511
14370    59.1869998100333
14580    58.20246622645672
14790    57.46861817996984
15010    56.75645388559232
15230    55.633465305682634
15450    53.34266074401077
15670    50.857648135370894
15900    51.99309976021442
16130    56.27063661966592
16360    58.62250746070765
16600    58.37575980239147
16840    57.44088944253743
17080    56.93577190945234
17330    56.561673396557914
17580    55.64548577129287
17840    54.73171776030074
18100    54.9290496019584
18360    55.380292406188886
18630    54.524757059846905
18900    52.173608352634496
19170    49.114802841556426
19450    46.175224535653925
19730    44.18300071289171
20000    43.389954259390585
