20    70.55728526245642
20.3    70.60807461386663
20.6    70.65795189072655
20.9    70.70673038460836
21.2    70.7542192421962
21.5    70.80026753070234
21.8    70.84480111866242
22.1    70.88782945496128
22.4    70.9294178294596
22.7    70.96964862634418
23    71.0085817159632
23.3    71.04623566172813
23.6    71.08260285942121
23.9    71.11767672720842
24.2    71.15147547951051
24.6    71.19465514946339
25    71.23585019830034
25.4    71.27519378776199
25.8    71.31266803349273
26.2    71.34809607375236
26.6    71.38124253096612
27    71.41196286842802
27.4    71.44030880475012
27.8    71.46652253266177
28.2    71.4909300175566
28.6    71.51382025344316
29    71.53538589003453
29.4    71.5557364853018
29.8    71.57495585251904
30.2    71.59315174507931
30.6    71.61047669125917
31    71.62711534643563
31.5    71.6472272727166
32    71.66683839970793
32.5    71.68608526728889
33    71.70491565552535
33.5    71.72309573923135
34    71.74027466774473
34.5    71.75608984813746
35    71.77026933248897
35.5    71.78267471125747
36    71.7932818116407
36.5    71.80213818927238
37    71.80932210995503
37.5    71.81492202060348
38    71.81903061518466
38.6    71.82212410658468
39.2    71.82336738514786
39.8    71.82292736042308
40.4    71.82097702640041
41    71.81770592953288
41.6    71.8133362146213
42.2    71.80811746303519
42.8    71.80230213053406
43.4    71.79611534319216
44    71.78972041965824
44.6    71.78318237957552
45.2    71.77645974164244
45.9    71.7682631657475
46.6    71.75960507460255
47.3    71.75050566992849
48    71.74102293123745
48.7    71.73118249382759
49.4    71.72095544581305
50.1    71.71023262936535
50.8    71.69879525101433
51.5    71.68634692116864
52.2    71.6725997566243
53    71.65503128433156
53.8    71.63531363515548
54.6    71.6133952883055
55.4    71.58938125754338
56.2    71.56353547895814
57    71.53620226521508
57.8    71.50772664753819
58.6    71.47843931176627
59.5    71.44494968144744
60.4    71.41137854087626
61.3    71.3781627763629
62.2    71.34556028046737
63.1    71.31361178331753
64    71.28214259087031
64.9    71.25080256646297
65.8    71.21915545726004
66.8    71.18313180228738
67.8    71.14582480566892
68.8    71.10711545159559
69.8    71.06718876106547
70.8    71.02648455294101
71.8    70.98558346100415
72.8    70.9450899338479
73.9    70.90165459365782
75    70.85987910098419
76.1    70.82002434091018
77.2    70.78204972709148
78.3    70.74559515127405
79.4    70.71004544508205
80.6    70.67147168320028
81.8    70.6322151319965
83    70.59113518464116
84.2    70.54700882796391
85.4    70.49899021872531
86.6    70.4468222776881
87.9    70.38598775864165
89.2    70.32153034774028
90.5    70.25454220861812
91.8    70.18609685762715
93.1    70.11706350009136
94.5    70.04263840418018
95.9    69.96830248816849
97.3    69.89395624501151
98.7    69.81937867224178
100    69.74972725837969
102    69.64152848131047
104    69.53179288861966
106    69.42022068412136
108    69.3064605154867
110    69.18999647396542
112    69.07011747431788
114    68.94608105996372
116    68.81711902226259
118    68.68253502226307
120    68.54187225549083
122    68.39501545425799
124    68.24217473301428
126    68.08428954699428
128    67.92346159553773
130    67.76324878217176
132    67.60879982594786
134    67.46673685382956
136    67.34464684959275
138    67.250183193087
140    67.18990363333646
142    67.16792645503006
144    67.18468485787872
146    67.23629706723159
148    67.31490329641647
150    67.40989175115864
152    67.50968733774481
154    67.60365982255858
156    67.68369450934415
158    67.745134709931
160    67.78704827062383
162    67.81191270920445
164    67.82481732664394
166    67.83229836045955
168    67.84099786802393
170    67.85639892768936
173    67.89850135540891
176    67.9636436527311
179    68.04319551051879
182    68.12220702628116
185    68.1847780145653
188    68.21877086692191
191    68.21808737519598
194    68.18258972430205
197    68.11643147498054
200    68.02597013694184
203    67.91806352430072
206    67.79900939213206
209    67.67401543896288
212    67.54704097499086
215    67.42087915021196
218    67.29730321199062
221    67.17722920792778
224    67.06093636916609
227    66.9482997206471
230    66.8389618278544
233    66.73243958603236
236    66.62823634914542
239    66.52592831271942
243    66.39190975107336
247    66.26007321666374
251    66.12998246145435
255    66.00142300551606
259    65.8742627163758
263    65.7483069736493
267    65.62330845171141
271    65.4990618905019
275    65.37552030650824
279    65.25288935689821
283    65.13162344531807
287    65.01231145775881
291    64.89550834774408
295    64.78166070616146
299    64.67111753747123
303    64.5641005444715
307    64.46062481222316
312    64.3358105258861
317    64.21497698589734
322    64.0966436943571
327    63.97933159730073
332    63.861827001379595
337    63.7430761074329
342    63.62220807548877
347    63.49867363807422
352    63.372224537820586
357    63.24280947855862
362    63.11069065204419
367    62.97669044600427
372    62.842492834704004
377    62.7107972701846
383    62.5611389492081
389    62.427355733918894
395    62.316676473015505
401    62.235256689801005
407    62.1866512853303
413    62.17090975406676
419    62.18471777007777
425    62.22245861789611
431    62.27740724333878
437    62.342740442381846
443    62.4121595308072
449    62.48045321795644
456    62.55381665841972
463    62.61707179453643
470    62.668542730206525
477    62.70767998005836
484    62.73453550446473
491    62.74982844422352
498    62.75526061953363
505    62.75363592879752
512    62.748423515915874
519    62.743003305644834
527    62.73988381711803
535    62.742143165224746
543    62.750243267236414
551    62.763269365627735
559    62.779530791899695
567    62.797134923771296
575    62.814445300378544
583    62.83027117564187
592    62.84536449772054
601    62.85700898920757
610    62.865008138699835
619    62.86965981342016
628    62.87183789946388
637    62.87285121672157
646    62.87420405938797
655    62.87726044854765
665    62.88372606297045
675    62.8938522420058
685    62.907533881212785
695    62.92428200674769
705    62.9433691533395
715    62.96399000692604
725    62.98546312844371
736    63.009571654679625
747    63.0340300615608
758    63.05888970944184
769    63.084238770940914
780    63.11018130987239
791    63.13693571556132
803    63.167696213218775
815    63.201625296225885
827    63.24155673402609
839    63.29128439431081
851    63.35335884240119
863    63.424757817119485
876    63.50264889920362
889    63.57613909329294
902    63.64718295942013
915    63.713742098678345
928    63.768728592846095
942    63.81044314520218
956    63.84172224006714
970    63.88152037528948
984    63.94601115621785
998    64.03716080571704
1010    64.1283726823577
1020    64.2057944418514
1030    64.2783844841124
1050    64.39593697021456
1070    64.47474997434863
1090    64.53659499035156
1110    64.6141762123057
1130    64.72694313276483
1150    64.87336231922866
1170    65.04111482441769
1190    65.2181550206262
1210    65.39714664167036
1230    65.57517377167161
1250    65.75178825872219
1270    65.92787705093147
1290    66.1046772323406
1310    66.28276443026925
1330    66.46189133731241
1350    66.64137073861357
1370    66.82056145687979
1390    66.99904345070522
1410    67.17664071449211
1430    67.35353352326854
1450    67.52999322422562
1470    67.70619444524073
1490    67.88226063906909
1510    68.0582751091215
1530    68.2342917067523
1550    68.41036784734916
1570    68.5865893405066
1590    68.7631166630542
1610    68.9401404112281
1630    69.11769331338425
1650    69.2957480415377
1670    69.47431364231323
1690    69.65341965716141
1710    69.83299884645531
1730    70.0127802077936
1760    70.2819610400905
1790    70.5495386872324
1820    70.81450356188951
1850    71.07590298352905
1880    71.3326766225612
1910    71.5836453602207
1940    71.82741261729598
1970    72.06236996184221
2000    72.28682431433336
2030    72.49907302921937
2060    72.69770466912775
2090    72.8812550000708
2120    73.04825906321892
2150    73.19761893846089
2180    73.328926563988
2210    73.44211010085264
2240    73.53738788753336
2270    73.61517791640944
2300    73.67611336465762
2330    73.7211557770135
2360    73.75152193939104
2390    73.76839043238991
2420    73.77286464090881
2460    73.76191937251727
2500    73.73534087873179
2540    73.69744965846996
2580    73.65193017203498
2620    73.60137622830496
2660    73.54875734584985
2700    73.49731752539921
2740    73.44956250662
2780    73.40755428631343
2820    73.37314334584894
2860    73.34771888952129
2900    73.3325398636255
2940    73.32868943113657
2980    73.33688123358075
3020    73.35760139804898
3060    73.39152207794314
3100    73.43948833577562
3150    73.52003762101143
3200    73.62325355955593
3250    73.74743791056129
3300    73.8894577105018
3350    74.04590615479859
3400    74.21322879434115
3450    74.3855348188335
3500    74.55406570773175
3550    74.70822911633402
3600    74.83623182779397
3650    74.92551886299128
3700    74.9628327303948
3750    74.93519743084968
3800    74.83224998042186
3860    74.60219215996412
3920    74.25904104940327
3980    73.81665198188288
4040    73.29766259261197
4100    72.73043225726869
4160    72.14567922478197
4220    71.570364178375
4280    71.0237481308246
4340    70.51802851902883
4400    70.0578153152238
4460    69.63567751913226
4520    69.22770671827294
4590    68.7167486175785
4660    68.10402607270731
4730    67.35521820839128
4800    66.49553011199507
4870    65.59572421519294
4940    64.73141666677374
5010    63.95275090780626
5080    63.27785245778472
5150    62.70277901344551
5220    62.21544326824246
5300    61.75020208180267
5380    61.366978295712514
5460    61.05379396760033
5540    60.80214774298861
5620    60.60499113488939
5700    60.45703444065805
5780    60.35515130058677
5860    60.297152250831694
5950    60.283863469986095
6040    60.325675644967845
6130    60.420954568646096
6220    60.56813656881054
6310    60.76709058000604
6400    61.01804741946764
6490    61.319221736515246
6580    61.6667244072502
6680    62.09950307206502
6780    62.56862273508929
6880    63.0567226288372
6980    63.539232585501416
7080    63.975321937156096
7180    64.30662463864059
7280    64.48230762016946
7390    64.47981299846866
7500    64.30549846814931
7610    64.01108653653581
7720    63.640321234415296
7830    63.22703464189789
7940    62.804390060894384
8060    62.37188635718151
8180    62.00411081291521
8300    61.725822127950934
8420    61.55206857905361
8540    61.49128680079139
8660    61.546372285390575
8790    61.734144366785756
8920    62.04876629934583
9050    62.48614998561936
9180    63.041960806323594
9310    63.70774553549503
9450    64.5253087813212
9590    65.39960927392798
9730    66.25743061087783
9870    67.01220830724336
10010    67.5962847970466
10160    68.00003364970166
10310    68.1938361948663
10460    68.24983508194849
10610    68.24443725287492
10760    68.21407337740771
10920    68.17465412190177
11080    68.17103175648442
11240    68.2382620353853
11400    68.34458637642588
11570    68.42579085352108
11740    68.4014706557203
11910    68.1910061784797
12080    67.74946028438319
12260    67.05287862390936
12440    66.21469961494029
12620    65.35520688256835
12800    64.57861553151248
12990    63.927590096164096
13180    63.49981599701755
13370    63.3309304396184
13560    63.431719899254595
13760    63.76111375772684
13960    64.07364108879125
14160    63.97834469961417
14370    63.128959309089325
14580    61.468318361840694
14790    59.22483379293327
15010    56.858749518489184
15230    55.138553995575464
15450    54.44293845465154
15670    54.732135760917814
15900    55.412129569572784
16130    55.75193172900936
16360    55.58666998713226
16600    54.969336963840206
16840    54.02589472314555
17080    52.95568914410614
17330    51.93214770079322
17580    51.29540966866659
17840    51.21742325949447
18100    51.67369335998616
18360    52.586424697550854
18630    54.04429352733757
18900    56.07939837054362
19170    58.32235740502152
19450    59.83479850126568
19730    59.97692582177535
20000    59.62007839251868
