20    71.45464922780252
20.3    71.45955641182317
20.6    71.4642769897465
20.9    71.46864622700255
21.2    71.47246260620585
21.5    71.4755259996204
21.8    71.4776798169899
22.1    71.47883871374236
22.4    71.47899184799067
22.7    71.47818267395448
23    71.47647441918627
23.3    71.47391668289777
23.6    71.47053843901261
23.9    71.46635983921067
24.2    71.46140926799109
24.6    71.45369849321887
25    71.44488387176617
25.4    71.43515561439364
25.8    71.42467192405095
26.2    71.41352367570705
26.6    71.40174429216405
27    71.38935636635742
27.4    71.37638867338168
27.8    71.36287434945413
28.2    71.34883397146513
28.6    71.33426335158309
29    71.31913063068012
29.4    71.3033745415043
29.8    71.28690344688613
30.2    71.26962346932078
30.6    71.25149569152919
31    71.23258973820023
31.5    71.20813467321223
32    71.18308458056919
32.5    71.15745147472617
33    71.13075095189834
33.5    71.1022335925122
34    71.07135899477763
34.5    71.03816711376902
35    71.00329074035129
35.5    70.96767757029893
36    70.93225211724061
36.5    70.89770422624966
37    70.86445760196331
37.5    70.83272886719004
38    70.80254535244484
38.6    70.76804228726914
39.2    70.73465357506574
39.8    70.70139503080775
40.4    70.66739637874304
41    70.63202642527972
41.6    70.59484886359883
42.2    70.55574797453983
42.8    70.5151473669916
43.4    70.47390444124255
44    70.43287141996737
44.6    70.39248925011128
45.2    70.35275548413362
45.9    70.30692124236214
46.6    70.26132408637883
47.3    70.2157933977168
48    70.17035517493446
48.7    70.1251934413352
49.4    70.08059382650785
50.1    70.0368128501683
50.8    69.99385687525114
51.5    69.95141784523317
52.2    69.90902812074339
53    69.8600787744665
53.8    69.81015271705292
54.6    69.7590557878028
55.4    69.7067825831559
56.2    69.65350466508494
57    69.59953036065727
57.8    69.54498196753383
58.6    69.4896004674739
59.5    69.42599668033827
60.4    69.36063235431615
61.3    69.29293172728252
62.2    69.22281979712479
63.1    69.15138371318913
64    69.08033028156413
64.9    69.01126632591718
65.8    68.9452457511079
66.8    68.8757757026132
67.8    68.8100001560517
68.8    68.74687829811053
69.8    68.68482546585788
70.8    68.62241459994793
71.8    68.55894537670707
72.8    68.49438812550355
73.9    68.42245298898513
75    68.34992317279858
76.1    68.27709112541312
77.2    68.20416838721673
78.3    68.13119057153449
79.4    68.05802105800734
80.6    67.97775636401065
81.8    67.8968852309625
83    67.81535690204817
84.2    67.73329598727693
85.4    67.65104373093325
86.6    67.56893997017173
87.9    67.4806911735947
89.2    67.39393672776245
90.5    67.30878369884863
91.8    67.2243824154943
93.1    67.13953193135868
94.5    67.04669722155839
95.9    66.95223570806775
97.3    66.85696526218045
98.7    66.76233140067487
100    66.67613058255844
102    66.54720939865655
104    66.42200795683084
106    66.29967053438459
108    66.1793150670215
110    66.06008763893067
112    65.94142527297143
114    65.8225706588691
116    65.70287243885406
118    65.58167530401637
120    65.45855455122417
122    65.33312150780847
124    65.20443835688754
126    65.07125474177379
128    64.93315931100979
130    64.79055946959426
132    64.64393863862237
134    64.49368950681747
136    64.34039960957185
138    64.18556596454589
140    64.03202069763213
142    63.883952020837086
144    63.74676963032691
146    63.62689035303302
148    63.53149263184949
150    63.46820690343902
152    63.444144198495266
154    63.46403667850727
156    63.52864892222317
158    63.63407142273354
160    63.77189495768147
162    63.9301581148661
164    64.09498814004775
166    64.25276846477783
168    64.39199785372988
170    64.50455279763712
173    64.61539658679362
176    64.65703669169363
179    64.63816029809915
182    64.57167685276437
185    64.47090119201039
188    64.34751645651883
191    64.21081047610178
194    64.06755348669142
197    63.922237013504045
200    63.77755145297166
203    63.6349054181611
206    63.49488807174296
209    63.357600782437245
212    63.22292838295449
215    63.09071427593
218    62.96089272221094
221    62.83358403698905
224    62.70909569368146
227    62.58794786777368
230    62.4708535203395
233    62.35867389532571
236    62.25218970585452
239    62.151911297710456
243    62.02808097643875
247    61.91493613949736
251    61.81082102477022
255    61.71332337495058
259    61.61982025648375
263    61.52788404152396
267    61.43535666347472
271    61.3404382313643
275    61.241980419270845
279    61.13965789824576
283    61.03402130516216
287    60.926308543524854
291    60.81809376373727
295    60.71095816281754
299    60.606213886812654
303    60.504719979639276
307    60.40690505108806
312    60.28984000472346
317    60.17797126653491
322    60.0702644496002
327    59.96550645447025
332    59.8624781340812
337    59.760097903340004
342    59.65755307448288
347    59.55434662038051
352    59.4503203762794
357    59.34574515156548
362    59.241371084983456
367    59.13833796854182
372    59.038051478741366
377    58.942109547374855
383    58.83524676869932
389    58.74073713605127
395    58.66245769714635
401    58.60453221286515
407    58.57071801491373
413    58.56399956597065
419    58.585940675564686
425    58.636252901259226
431    58.712734057439434
437    58.81131076441732
443    58.92664998660052
449    59.05305150617447
456    59.20765673417619
463    59.36364406354043
470    59.51591880194866
477    59.66081022752758
484    59.79549347479286
491    59.91746704993844
498    60.024544935173545
505    60.11523089743342
512    60.18930043322874
519    60.247950973785294
527    60.29931792969255
535    60.33863424737515
543    60.37070446564045
551    60.39940788505493
559    60.42729139850691
567    60.45556676442456
575    60.48438527134113
583    60.513331461959226
592    60.54533661205086
601    60.57614458088468
610    60.605596882698244
619    60.63415726686848
628    60.66293466556391
637    60.69328168677444
646    60.726171775771604
655    60.76178404971031
665    60.80385491338512
675    60.84734750685297
685    60.89148296636965
695    60.9370313005164
705    60.986332162100666
715    61.042032311228
725    61.10603474331527
736    61.18591102591358
747    61.27128427484322
758    61.35553950050016
769    61.43507424890588
780    61.51021526247518
791    61.58314062196444
803    61.662538320888245
815    61.74287970092827
827    61.823661252438924
839    61.903184184191026
851    61.979576476085924
863    62.052156963683345
876    62.128274092600925
889    62.20616055027254
902    62.2906808210184
915    62.384803505248286
928    62.48864611201573
942    62.60945080548517
956    62.73702714887581
970    62.86905612760695
984    63.00365967983707
998    63.13957711273784
1010    63.25669244373874
1020    63.35466208219805
1030    63.45289342419868
1050    63.6490366191278
1070    63.84209078879731
1090    64.02898652638045
1110    64.20716503071858
1130    64.37659518238269
1150    64.54187433343441
1170    64.71183621738439
1190    64.89523740406972
1210    65.0949183778624
1230    65.30806386749441
1250    65.52833346866697
1270    65.74972087461487
1290    65.9685908470473
1310    66.18323597816098
1330    66.39278028010567
1350    66.59713545680805
1370    66.7969299386677
1390    66.99321511517742
1410    67.18716491809488
1430    67.37971369325075
1450    67.57135651656223
1470    67.76244811504549
1490    67.95353242582769
1510    68.14497829568722
1530    68.33707527302087
1550    68.53010882109817
1570    68.72422579430933
1590    68.9194626474545
1610    69.11575125843547
1630    69.31303446349358
1650    69.51131760566416
1670    69.71057376350228
1690    69.91065196799948
1710    70.11137555726285
1730    70.3124973011263
1760    70.61413032093787
1790    70.91455520954176
1820    71.21246292231564
1850    71.50576110376045
1880    71.79179928139419
1910    72.06826603287503
1940    72.33309687289591
1970    72.58457482488747
2000    72.82070511386328
2030    73.0388995951586
2060    73.23694580011909
2090    73.41290887919342
2120    73.56466408948774
2150    73.69071101143983
2180    73.79111916285828
2210    73.86584376615187
2240    73.91674801857988
2270    73.94486085204534
2300    73.95198964911467
2330    73.94064672589984
2360    73.9135013504175
2390    73.87386180837646
2420    73.8250847505021
2460    73.74928001438306
2500    73.66470899055213
2540    73.5750186891564
2580    73.48403427273395
2620    73.39531849218562
2660    73.31212558767555
2700    73.23770974539521
2740    73.17487879146972
2780    73.12544913151643
2820    73.09136458674777
2860    73.07443084124587
2900    73.07714361750114
2940    73.10175530712067
2980    73.14798793706652
3020    73.21543238738386
3060    73.30453093300102
3100    73.41425428769585
3150    73.5734754788867
3200    73.74329780473411
3250    73.90299711939261
3300    74.03527041452848
3350    74.13757683646622
3400    74.22178570301763
3450    74.30444813815774
3500    74.3990786733016
3550    74.51403362041927
3600    74.6499488438794
3650    74.79880401628861
3700    74.94505422227812
3750    75.06800194149203
3800    75.14522114574751
3860    75.15003513843509
3920    75.02648738085166
3980    74.7670204980324
4040    74.36027913224372
4100    73.82580286326998
4160    73.19760278971215
4220    72.51452697449979
4280    71.81842345127565
4340    71.15068580974082
4400    70.55275335941937
4460    70.06386247574045
4520    69.72347606303398
4590    69.53574662984414
4660    69.54240382869622
4730    69.68949239305638
4800    69.90371314370717
4870    70.11581385838184
4940    70.26359897986639
5010    70.30712291431155
5080    70.24294906468901
5150    70.08577859075018
5220    69.86832588319095
5300    69.57913557080916
5380    69.2803202731871
5460    68.99893937330171
5540    68.74926817969904
5620    68.53718878156502
5700    68.36655845467408
5780    68.24506336165462
5860    68.17030398327478
5950    68.1404242615752
6040    68.16887267479328
6130    68.25898139800933
6220    68.41311660790657
6310    68.62988750878574
6400    68.9019246464302
6490    69.22917709993914
6580    69.60313664952443
6680    70.05886589368916
6780    70.53903366575025
6880    71.01449943062258
6980    71.44513088770701
7080    71.78346747847762
7180    71.97882290826682
7280    71.99012481819932
7390    71.77214091257412
7500    71.32620613718096
7610    70.70859238710389
7720    70.01378256799757
7830    69.31365925815103
7940    68.64305355928187
8060    67.96722576273312
8180    67.36071240812123
8300    66.82966111122721
8420    66.38213598937315
8540    66.02335271333179
8660    65.75142769610164
8790    65.55818406865296
8920    65.48200427405138
9050    65.50769056569058
9180    65.65007172251671
9310    65.90803791144646
9450    66.3131755260606
9590    66.85031439277483
9730    67.50234191527866
9870    68.21599674713033
10010    68.90363886527422
10160    69.50620247496828
10310    69.9026239184598
10460    70.09605925469918
10610    70.13458225729903
10760    70.03065299970919
10920    69.70617650448558
11080    69.14923279063302
11240    68.41345924270318
11400    67.62415284357041
11570    66.85820242097549
11740    66.22280821363442
11910    65.74187783140796
12080    65.30602588888306
12260    64.95127701174161
12440    64.74577538823621
12620    64.64536014054916
12800    64.50351882907212
12990    64.26369347389382
13180    64.00848009998779
13370    63.744425400954654
13560    63.541073863620866
13760    63.45606256688881
13960    63.472094807944785
14160    63.44819810496417
14370    63.34936094592068
14580    63.109992890916246
14790    62.76463846873041
15010    62.3327807163041
15230    61.745530001122134
15450    60.882884842501696
15670    59.65743934186392
15900    57.88217726256396
16130    55.70489069372708
16360    53.51443231590411
16600    51.48962504606628
16840    49.76920641458585
17080    48.826855061224194
17330    48.989766808136466
17580    49.18313167175763
17840    49.21538360984953
18100    49.90560100324112
18360    51.07399480861099
18630    51.939811678186
18900    50.93097918282807
19170    47.748356612815456
19450    43.44617182762493
19730    39.17207253372872
20000    38.737533484848406
