
Frequency	dB	Unweighted
20	65.9
21.189261887185914	65.9
21.49746679841394	65.9
21.810154653305165	65.9
22.449240966187475	65.9
22.77577269513385	65.9
23.44315377638505	65.9
23.784142300054445	65.9
24.837156241469714	65.9
25.56494047120865	65.9
25.936791093020236	65.9
26.3140504066728	65.9
26.69679708340074	65.9
27.08511093873791	65.8
27.47907294916184	65.8
28.284271247461966	65.8
28.695675446220072	65.8
29.536522918790062	65.7
30.402009102982383	65.7
30.844216508158908	65.7
31.29285596815558	65.7
32.67830906482211	65.6
33.153626015361866	65.6
33.63585661014871	65.5
34.125101410453844	65.5
34.62146244024586	65.5
35.12504320746613	65.5
35.635948725613716	65.4
36.15428553564419	65.4
37.21368696608603	65.3
38.30413122794313	65.3
39.4265279456077	65.2
40.000000000000206	65.2
42.37852377437204	65.0
42.9949335968281	65.0
44.89848193237519	64.8
45.55154539026795	64.8
46.21410787489121	64.8
46.88630755277036	64.7
47.56828460010916	64.7
48.260181232021196	64.6
48.962141732186545	64.6
49.674312482939705	64.5
51.129880942417586	64.4
51.873582186040764	64.4
52.628100813345895	64.3
54.95814589832399	64.2
56.56854249492426	64.1
58.226127313687975	63.9
59.073045837580466	63.9
60.804018205965114	63.8
62.58571193631152	63.6
63.49604207872855	63.6
65.35661812964459	63.4
66.3072520307241	63.4
67.27171322029778	63.3
68.25020282090806	63.2
70.25008641493265	63.1
71.27189745122783	63.0
74.42737393217246	62.8
75.50994501453623	62.7
76.60826245588666	62.7
78.85305589121582	62.5
80.00000000000082	62.4
82.34417893148023	62.3
83.541902594194	62.2
84.75704754874454	62.1
85.98986719365665	62.0
87.24061861322157	61.9
88.50956263110764	61.8
89.79696386475084	61.7
92.42821574978288	61.6
93.77261510554118	61.5
96.52036246404286	61.3
97.92428346437356	61.2
100.79368399159105	61.0
102.25976188483567	60.9
105.25620162669229	60.7
108.34044375495276	60.5
109.9162917966485	60.4
111.51506107592134	60.3
114.78270178488147	60.1
121.60803641193078	59.6
123.3768660326369	59.5
125.17142387262359	59.4
128.83922655594208	59.2
130.71323625928977	59.1
134.5434264405962	58.8
140.50017282986593	58.5
142.5437949024563	58.4
146.7206469127495	58.2
151.01989002907314	58.0
155.4451105845792	57.8
160.00000000000236	57.6
164.6883578629612	57.5
167.08380518838874	57.4
169.51409509748981	57.3
174.4812372264439	57.2
179.5939277295025	57.1
182.20618156107355	57.1
184.85643149956664	57.0
190.27313840043846	57.0
195.84856692874806	57.1
201.58736798318304	57.2
204.5195237696723	57.3
210.5124032533856	57.6
219.83258359329807	57.9
223.03012215184378	58.0
226.2741699796992	58.1
229.5654035697641	58.2
232.90450925475412	58.2
236.2921833503241	58.3
243.21607282386276	58.3
250.34284774524843	58.4
253.9841683149166	58.4
257.67845311188546	58.3
261.42647251858085	58.3
265.22900812289896	58.3
269.08685288119375	58.3
285.0875898049141	58.2
293.44129382550057	58.2
297.7094957286928	58.2
302.0397800581479	58.2
306.4330498235497	58.1
315.41222356486645	58.1
320.00000000000654	58.0
324.6545071800142	58.0
334.16761037677935	57.9
339.02819019498156	57.9
343.95946877463007	57.8
348.9624744528898	57.8
354.03825052443415	57.8
359.187855459007	57.7
369.71286299913527	57.6
380.54627680087896	57.5
386.08144985617537	57.5
397.3944998635236	57.4
414.9886574883323	57.4
421.0248065067734	57.5
433.3617750198154	57.6
446.06024430368984	57.8
459.13080713953053	58.1
493.50746413055253	58.7
439.6651671865984	57.7
403.1747359663683	57.4
364.4123631221491	57.7
375.0904604221685	57.6
391.6971338574982	57.4
409.0390475393468	57.4
427.1487533344206	57.5
452.54833995940066	58.0
465.8090185095106	58.2
472.58436670065066	58.3
479.45826460054917	58.5
486.432145647728	58.6
507.9683366298358	58.9
515.3569062237735	59.0
522.8529450371643	59.1
538.1737057623901	59.2
553.9433990439449	59.4
578.4685685703187	59.5
586.8825876510039	59.6
595.4189914573883	59.6
604.0795601162986	59.7
668.3352207535618	60.1
678.0563803899662	60.1
687.9189375492632	60.2
697.9249489057827	60.2
718.3757109180171	60.3
739.425725998274	60.4
750.1809208443404	60.5
772.1628997123541	60.6
783.3942677149998	60.7
794.7889997270506	60.7
806.34947193274	60.8
818.0780950786972	60.9
829.9773149766683	61.0
842.0496130135506	61.1
866.7235500396347	61.2
879.3303343732008	61.3
892.1204886073838	61.4
905.0966799188055	61.5
918.2616142790653	61.5
931.6180370190256	61.6
945.1687334013056	61.7
958.9165292011028	61.8
972.8642912954606	61.9
987.0149282611097	62.0
1001.3713909810035	62.1
1030.7138124475518	62.2
1060.916032491606	62.4
1076.3474115247852	62.5
1107.8867980878947	62.7
1124.0013826389438	62.8
1156.9371371406426	63.0
1173.765175302013	63.1
1190.837982914782	63.2
1208.1591202326028	63.3
1225.73219929421	63.4
1243.5608846766518	63.5
1261.648894259477	63.6
1298.6180287200684	63.8
1375.8378750985323	64.3
1395.8498978115715	64.4
1416.153002097749	64.5
1436.7514218360407	64.7
1457.6494524886093	64.8
1478.8514519965543	65.0
1522.1851072035295	65.3
1589.5779994541087	65.7
1612.6989438654878	65.8
1636.156190157402	65.9
1659.9546299533442	66.0
1684.099226027109	66.1
1733.4471000792773	66.4
1758.6606687464096	66.5
1784.2409772147755	66.6
1836.5232285581387	66.8
1890.3374668026197	67.0
1917.833058402214	67.1
1974.0298565222283	67.4
2031.8733465193618	67.6
2061.4276248951132	67.7
2091.411780148677	67.9
2121.832064983222	68.0
2152.694823049581	68.1
2215.7735961758003	68.4
2248.002765277899	68.5
2313.874274281297	68.8
2347.530350604038	68.9
2381.6759658295764	69.1
2416.318240465218	69.2
2487.1217693533167	69.5
2560.0000000000887	69.7
2635.0137258074315	69.9
2832.3060041955137	70.4
2873.502843672097	70.5
2915.2989049772345	70.6
2957.7029039931244	70.6
3000.723683377391	70.7
3044.370214407075	70.7
3088.6515988494466	70.7
3133.57707086003	70.7
3319.9092599067053	70.7
3517.3213374928373	70.4
3568.4819544295697	70.4
3620.386719675257	70.3
3673.0464571162966	70.2
3726.472148076138	70.1
3780.6749336052594	70.0
3835.6661168044484	69.9
3891.45716518188	69.8
4005.4855639240527	69.6
4122.855249790247	69.3
4182.823560297375	69.2
4243.664129966465	69.1
4305.389646099183	68.9
4368.012980538242	68.8
4695.060701208099	67.9
4832.63648093046	67.6
4974.243538706657	67.2
5046.595577037959	67.0
5194.472114880326	66.5
5270.027451614888	66.3
5346.6817660285715	66.1
5424.451043119808	65.9
5503.351500394186	65.7
5664.612008391055	65.3
5830.597809954497	65.0
5915.405807986278	64.8
6001.447366754812	64.7
6088.740428814181	64.6
6267.154141720092	64.4
6450.795775462017	64.3
6639.818519813445	64.3
6736.396904108505	64.3
6834.380053350861	64.3
6933.788400317181	64.4
7136.963908859177	64.6
7240.773439350552	64.8
7346.092914232631	64.9
7452.944296152315	65.1
7561.349867210557	65.3
7671.332233608935	65.5
7782.914330363799	65.7
7896.119426088994	65.8
8010.971127848146	65.9
8127.49338607753	65.8
8245.710499580537	65.6
8365.647120594791	65.3
8487.328259932974	64.8
8610.77929219841	64.2
8736.025961076528	63.6
8863.094384703289	63.0
9255.497097125279	61.2
9390.121402416245	60.7
9526.7038633184	60.3
9665.272961860968	59.9
9805.857594353829	59.7
9948.487077413367	59.5
10093.19115407597	59.5
10388.944229760706	59.7
10540.05490322983	59.9
10693.363532057198	60.1
10848.902086239672	60.3
11006.703000788428	60.4
11166.799182492743	60.2
11329.224016782166	59.9
11494.0113746885	59.4
11661.195619909053	58.8
11830.811615972614	58.5
12002.894733509682	58.4
12534.308283440243	59.2
12716.62399563306	59.1
13279.637039626952	56.8
13472.793808217073	55.9
7034.642674985712	64.5
8992.011061111683	62.3
9122.802873757471	61.7
12177.48085762842	58.6
12354.606395397908	59.0
12901.591550924093	58.5
13089.249521259411	57.7
13668.760106701786	55.1
13867.576800634426	54.6
14481.54687870117	54.8
14692.18582846533	55.5
14905.888592304698	56.4
15122.699734421185	57.4
15342.664467217943	58.2
15565.828660727671	58.5
16021.942255696367	56.8
16491.42099916115	52.4
16731.294241189662	50.2
16974.65651986603	48.2
17221.558584396902	46.5
17726.188769406665	43.8
17984.022122223458	42.8
18245.605747515034	42.0
18510.99419425065	41.4
18780.242804832582	40.7
19053.40772663689	39.7
19330.545923722028	38.6
19611.71518870775	38.3
19896.974154826825	38.5
20186.382308152035	38.5
17472.051922153143	45.0
16254.986772155136	54.7
14273.927817718419	54.4
14069.285349971487	54.4
10240.000000000457	59.5
6544.624760629676	64.2
6358.3119978165005	64.3
6177.303197698925	64.5
5747.005687344222	65.2
5583.399591246343	65.5
4902.928797176889	67.4
4496.00553055582	68.5
4431.5471923516225	68.6
3466.8942001585724	70.5
3417.190026675413	70.6
2712.225521559891	70.1
2673.340883014273	70.0
1810.193359837619	66.7
1544.3257994247153	65.4
1356.112760779938	64.1
1336.6704415071292	64.0
1280.0000000000375	63.7
1015.9366732596762	62.1
854.2975066688449	61.1
728.8247262443015	60.4
640.0000000000159	59.9
570.1751796098309	59.5
310.89022116916016	58.1
276.97169952197106	58.3
187.54523021108326	57.0
171.97973438731407	57.3
153.216524911774	57.9
138.48584976098482	58.6
118.14609167516147	59.8
106.78718833360406	60.6
77.72255529228926	62.6
61.68843301631817	63.7
43.62030930661056	64.9
29.966141537533712	65.7
24.130090616010463	65.9
