
Frequency	dB	Unweighted
20.586044732869844	67.4
21.189261887185914	67.3
21.49746679841394	67.3
21.810154653305165	67.3
22.12739065777668	67.2
22.449240966187475	67.2
22.77577269513385	67.2
23.107053937445478	67.1
23.44315377638505	67.1
23.784142300054445	67.0
24.130090616010463	67.0
24.481070866093134	66.9
24.837156241469714	66.9
25.1984209978975	66.8
25.56494047120865	66.8
25.936791093020236	66.7
26.69679708340074	66.6
27.47907294916184	66.6
27.878765268980047	66.5
28.284271247461966	66.5
28.695675446220072	66.4
29.11306365684382	66.4
29.536522918790062	66.3
29.966141537533712	66.3
30.402009102982383	66.2
30.844216508158908	66.2
31.29285596815558	66.1
31.74802103936409	66.0
32.20980663898519	66.0
33.153626015361866	65.9
33.63585661014871	65.8
34.125101410453844	65.8
34.62146244024586	65.7
35.12504320746613	65.6
35.635948725613716	65.6
36.15428553564419	65.5
37.21368696608603	65.4
38.30413122794313	65.3
38.86127764614443	65.2
40.000000000000206	65.1
40.58181339750116	65.0
41.1720894657399	65.0
41.77095129709678	64.9
42.37852377437204	64.9
43.62030930661056	64.7
44.25478131555359	64.7
44.89848193237519	64.6
45.55154539026795	64.5
46.88630755277036	64.4
47.56828460010916	64.3
48.260181232021196	64.3
48.962141732186545	64.2
49.674312482939705	64.1
50.39684199579528	64.1
51.129880942417586	64.0
54.17022187747612	63.7
54.95814589832399	63.7
55.75753053796041	63.6
56.56854249492426	63.6
58.226127313687975	63.4
59.073045837580466	63.3
60.804018205965114	63.2
61.68843301631817	63.1
62.58571193631152	63.1
64.41961327797075	62.9
67.27171322029778	62.7
68.25020282090806	62.6
69.2429248804921	62.5
70.25008641493265	62.4
71.27189745122783	62.4
73.36032345637442	62.2
74.42737393217246	62.1
76.60826245588666	62.0
77.72255529228926	61.9
82.34417893148023	61.6
83.541902594194	61.5
84.75704754874454	61.4
85.98986719365665	61.3
89.79696386475084	61.1
91.10309078053635	61.0
92.42821574978288	60.9
93.77261510554118	60.8
95.13656920021877	60.7
96.52036246404286	60.6
99.34862496587989	60.4
102.25976188483567	60.3
103.74716437208203	60.2
105.25620162669229	60.1
106.78718833360406	60.0
108.34044375495276	59.9
111.51506107592134	59.7
114.78270178488147	59.6
118.14609167516147	59.4
125.17142387262359	59.0
128.83922655594208	58.8
130.71323625928977	58.7
134.5434264405962	58.5
136.50040564181674	58.4
140.50017282986593	58.2
142.5437949024563	58.1
144.61714214257822	58.0
146.7206469127495	57.9
148.8547478643456	57.8
151.01989002907314	57.7
153.216524911774	57.6
155.4451105845792	57.5
157.70611178243232	57.4
160.00000000000236	57.3
162.3272535900062	57.2
164.6883578629612	57.1
167.08380518838874	57.0
171.97973438731407	56.9
169.51409509748981	57.0
174.4812372264439	56.8
177.01912526221608	56.8
179.5939277295025	56.7
187.54523021108326	56.6
190.27313840043846	56.6
193.04072492808663	56.6
195.84856692874806	56.7
198.69724993176072	56.7
201.58736798318304	56.8
204.5195237696723	56.9
207.49432874416505	57.0
210.5124032533856	57.0
213.57437666720915	57.1
216.68088750990657	57.2
219.83258359329807	57.2
223.03012215184378	57.2
226.2741699796992	57.2
232.90450925475412	57.2
236.2921833503241	57.2
239.72913230027333	57.1
246.75373206527502	57.1
253.9841683149166	57.0
257.67845311188546	57.0
261.42647251858085	56.9
265.22900812289896	56.9
269.08685288119375	56.9
273.0008112836349	56.8
276.97169952197106	56.8
281.00034565973334	56.8
285.0875898049141	56.7
289.23428428515797	56.7
293.44129382550057	56.7
297.7094957286928	56.6
302.0397800581479	56.6
306.4330498235497	56.6
310.89022116916016	56.6
315.41222356486645	56.6
320.00000000000654	56.5
324.6545071800142	56.5
329.3767157259242	56.5
334.16761037677935	56.5
339.02819019498156	56.5
343.95946877463007	56.4
354.03825052443415	56.4
364.4123631221491	56.4
369.71286299913527	56.4
375.0904604221685	56.4
386.08144985617537	56.3
391.6971338574982	56.3
397.3944998635236	56.3
403.1747359663683	56.3
409.0390475393468	56.3
414.9886574883323	56.3
421.0248065067734	56.3
433.3617750198154	56.3
439.6651671865984	56.3
452.54833995940066	56.4
459.13080713953053	56.5
472.58436670065066	56.7
486.432145647728	56.9
500.6856954904994	57.1
515.3569062237735	57.3
538.1737057623901	57.6
553.9433990439449	57.8
562.0006913194694	57.9
570.1751796098309	58.0
586.8825876510039	58.2
595.4189914573883	58.2
612.8660996471021	58.4
658.7534314518515	58.8
668.3352207535618	58.9
687.9189375492632	59.1
697.9249489057827	59.2
708.0765010488715	59.2
718.3757109180171	59.3
739.425725998274	59.5
772.1628997123541	59.7
783.3942677149998	59.8
794.7889997270506	59.9
806.34947193274	60.0
829.9773149766683	60.1
842.0496130135506	60.2
879.3303343732008	60.5
972.8642912954606	61.3
987.0149282611097	61.4
1001.3713909810035	61.5
1015.9366732596762	61.7
1030.7138124475518	61.8
1060.916032491606	62.0
1092.0032451345498	62.2
958.9165292011028	61.2
931.6180370190256	61.0
892.1204886073838	60.6
728.8247262443015	59.4
522.8529450371643	57.4
446.06024430368984	56.4
380.54627680087896	56.3
250.34284774524843	57.0
138.48584976098482	58.3
132.61450406144883	58.6
119.86456615013608	59.3
80.00000000000082	61.7
88.50956263110764	61.1
493.50746413055253	57.0
546.0016225672724	57.7
621.780442338323	58.4
630.8244471297356	58.5
649.3090143600314	58.7
678.0563803899662	59.0
818.0780950786972	60.0
866.7235500396347	60.4
945.1687334013056	61.1
1076.3474115247852	62.1
1107.8867980878947	62.4
1124.0013826389438	62.5
1140.350359219667	62.6
1156.9371371406426	62.7
1173.765175302013	62.8
1208.1591202326028	63.1
1225.73219929421	63.2
1243.5608846766518	63.3
1261.648894259477	63.4
1298.6180287200684	63.6
1317.5068629037087	63.7
1336.6704415071292	63.8
1375.8378750985323	64.0
1416.153002097749	64.3
1457.6494524886093	64.5
1478.8514519965543	64.6
1500.3618416886875	64.7
1522.1851072035295	64.8
1544.3257994247153	64.9
1566.788535430007	65.0
1589.5779994541087	65.1
1612.6989438654878	65.2
1636.156190157402	65.3
1684.099226027109	65.6
1708.5950133376978	65.7
1758.6606687464096	65.9
1784.2409772147755	66.1
1810.193359837619	66.2
1836.5232285581387	66.3
1917.833058402214	66.8
1945.7285825909298	66.9
1974.0298565222283	67.1
2002.7427819620161	67.2
2031.8733465193618	67.4
2061.4276248951132	67.6
2091.411780148677	67.8
2121.832064983222	67.9
2152.694823049581	68.1
2184.0064902691106	68.3
2248.002765277899	68.8
2280.7007184393456	69.0
2313.874274281297	69.2
2451.4643985884327	70.1
2487.1217693533167	70.3
2560.0000000000887	70.7
2597.236057440151	71.0
2635.0137258074315	71.2
2791.699795623158	71.8
2751.6757501970797	71.7
2712.225521559891	71.5
2673.340883014273	71.4
2523.2977885189675	70.5
2416.318240465218	69.9
2381.6759658295764	69.6
2215.7735961758003	68.5
2832.3060041955137	72.0
2873.502843672097	72.1
2957.7029039931244	72.2
3133.57707086003	72.1
3179.1559989082334	72.0
3225.3978877309914	71.9
3319.9092599067053	71.7
3368.198452054235	71.6
3466.8942001585724	71.3
3517.3213374928373	71.1
3620.386719675257	70.8
3726.472148076138	70.5
3835.6661168044484	70.2
3891.45716518188	70.1
4005.4855639240527	69.9
4063.746693038744	69.8
4122.855249790247	69.7
4182.823560297375	69.6
4243.664129966465	69.5
4305.389646099183	69.4
4431.5471923516225	69.3
4627.748548562617	69.2
4695.060701208099	69.1
4763.351931659176	69.1
4832.63648093046	69.1
4902.928797176889	69.0
4974.243538706657	69.0
5046.595577037959	68.9
5120.000000000202	68.8
5194.472114880326	68.7
5270.027451614888	68.6
5424.451043119808	68.4
5503.351500394186	68.3
5583.399591246343	68.2
5664.612008391055	68.1
5747.005687344222	68.0
5830.597809954497	68.0
5915.405807986278	67.9
6001.447366754812	67.9
6177.303197698925	67.9
6450.795775462017	67.7
6544.624760629676	67.6
6639.818519813445	67.5
6736.396904108505	67.3
6933.788400317181	66.9
7240.773439350552	66.4
7346.092914232631	66.2
7452.944296152315	66.1
7561.349867210557	66.0
7671.332233608935	66.0
7782.914330363799	65.9
7896.119426088994	65.9
8127.49338607753	65.6
8245.710499580537	65.4
8610.77929219841	64.3
8736.025961076528	64.1
8863.094384703289	64.2
8992.011061111683	64.3
9122.802873757471	64.1
9255.497097125279	63.6
9390.121402416245	63.2
9526.7038633184	62.9
9805.857594353829	62.6
9948.487077413367	62.5
10240.000000000457	62.7
10540.05490322983	63.0
11006.703000788428	63.0
11329.224016782166	62.2
11494.0113746885	61.6
11661.195619909053	61.0
11830.811615972614	60.4
12002.894733509682	59.9
12177.48085762842	59.4
12354.606395397908	58.9
12716.62399563306	58.4
12901.591550924093	58.3
13089.249521259411	58.4
13472.793808217073	58.8
13668.760106701786	59.2
13867.576800634426	59.7
14273.927817718419	60.3
14481.54687870117	60.4
14692.18582846533	60.1
15122.699734421185	59.4
15342.664467217943	59.2
15565.828660727671	59.0
15792.238852178061	58.8
16021.942255696367	58.6
16491.42099916115	57.7
16731.294241189662	56.1
16974.65651986603	54.1
17221.558584396902	52.6
17726.188769406665	49.6
17984.022122223458	47.3
18245.605747515034	44.9
19053.40772663689	40.8
19330.545923722028	40.5
19611.71518870775	40.2
19896.974154826825	39.8
20186.382308152035	39.7
18780.242804832582	41.4
18510.99419425065	42.8
17472.051922153143	51.3
16254.986772155136	58.4
