
Frequency	dB	Unweighted
20	67.5
20.3	67.4
20.6	67.4
20.9	67.4
21.2	67.4
21.5	67.3
21.8	67.3
22.1	67.3
22.4	67.3
22.7	67.2
23	67.2
23.3	67.2
23.6	67.2
23.9	67.1
24.2	67.1
24.6	67.1
25	67.0
25.4	67.0
25.8	67.0
26.2	66.9
26.6	66.9
27	66.9
27.4	66.8
27.8	66.8
28.2	66.7
28.6	66.7
29	66.7
29.4	66.6
29.8	66.6
30.2	66.6
30.6	66.5
31	66.5
31.5	66.4
32	66.4
32.5	66.4
33	66.3
33.5	66.3
34	66.2
34.5	66.2
35	66.1
35.5	66.1
36	66.0
36.5	66.0
37	65.9
37.5	65.9
38	65.9
38.6	65.8
39.2	65.7
39.8	65.7
40.4	65.6
41	65.6
41.6	65.5
42.2	65.5
43.4	65.4
44	65.3
44.6	65.3
45.2	65.2
45.9	65.2
46.6	65.1
47.3	65.1
48	65.0
48.7	64.9
49.4	64.9
50.1	64.8
50.8	64.8
51.5	64.7
52.2	64.7
53	64.6
53.8	64.5
54.6	64.5
55.4	64.4
56.2	64.3
57	64.3
57.8	64.2
58.6	64.2
59.5	64.1
60.4	64.0
61.3	64.0
62.2	63.9
63.1	63.8
64	63.8
64.9	63.7
65.8	63.7
66.8	63.6
67.8	63.6
68.8	63.5
69.8	63.4
70.8	63.4
71.8	63.3
72.8	63.2
73.9	63.2
75	63.1
76.1	63.0
77.2	63.0
78.3	62.9
79.4	62.8
80.6	62.8
81.8	62.7
83	62.6
84.2	62.6
85.4	62.5
86.6	62.4
87.9	62.4
89.2	62.3
90.5	62.2
91.8	62.2
94.5	62.0
95.9	62.0
97.3	61.9
100	61.8
102	61.7
104	61.6
106	61.5
108	61.4
110	61.3
112	61.2
114	61.0
116	60.9
118	60.8
120	60.7
122	60.6
124	60.6
126	60.5
128	60.4
130	60.4
132	60.3
134	60.3
136	60.2
138	60.2
140	60.1
142	60.1
144	60.0
146	59.9
148	59.8
150	59.8
152	59.7
154	59.7
156	59.6
158	59.6
160	59.6
164	59.6
166	59.6
170	59.6
173	59.6
176	59.7
182	59.8
185	59.8
188	59.9
191	60.1
194	60.2
197	60.3
200	60.3
203	60.4
206	60.4
209	60.4
212	60.4
215	60.4
218	60.3
221	60.3
224	60.2
227	60.1
230	60.0
233	60.0
236	59.9
239	59.8
243	59.7
247	59.6
263	59.3
271	59.2
283	59.0
291	59.0
295	58.9
303	58.9
307	58.8
312	58.8
317	58.7
322	58.7
327	58.6
332	58.5
337	58.5
347	58.4
352	58.3
357	58.2
362	58.2
367	58.1
372	58.1
377	58.0
383	58.0
389	57.9
395	57.9
401	57.9
407	57.9
413	57.9
419	57.9
425	58.0
431	58.1
437	58.2
449	58.3
463	58.6
470	58.7
477	58.8
484	58.9
491	59.0
498	59.1
505	59.2
512	59.3
527	59.4
535	59.5
543	59.5
551	59.6
559	59.6
567	59.7
575	59.7
583	59.8
592	59.8
601	59.9
610	59.9
628	60.0
637	60.1
646	60.1
655	60.2
665	60.2
675	60.3
685	60.3
695	60.4
705	60.4
715	60.5
725	60.5
736	60.6
747	60.6
758	60.7
769	60.7
780	60.8
791	60.9
803	60.9
815	61.0
827	61.1
839	61.1
851	61.2
863	61.2
876	61.3
889	61.4
902	61.5
915	61.5
928	61.6
942	61.7
956	61.8
970	61.9
984	62.0
998	62.1
1010	62.1
1030	62.3
1050	62.4
1090	62.7
1110	62.8
1130	63.0
1150	63.1
1170	63.2
1190	63.3
1210	63.5
1230	63.6
1250	63.7
1270	63.8
1290	64.0
1310	64.1
1330	64.2
1350	64.3
1370	64.4
1390	64.5
1410	64.6
1430	64.7
1450	64.8
1470	64.9
1490	65.0
1510	65.1
1530	65.2
1550	65.3
1570	65.4
1590	65.5
1610	65.6
1650	65.8
1690	66.0
1710	66.1
1730	66.1
1760	66.3
1790	66.4
1820	66.5
1850	66.6
1880	66.8
1910	66.9
1940	67.0
1970	67.1
2000	67.3
2030	67.4
2060	67.5
2090	67.6
2120	67.7
2150	67.8
2180	68.0
2210	68.1
2240	68.2
2270	68.3
2300	68.4
2330	68.5
2360	68.6
2390	68.6
2420	68.7
2460	68.8
2500	68.9
2540	69.0
2580	69.1
2620	69.2
2660	69.3
2700	69.3
2740	69.4
2780	69.4
2820	69.5
2900	69.6
2940	69.6
2980	69.6
3020	69.7
3060	69.7
3100	69.7
3150	69.7
3200	69.7
3300	69.7
3350	69.7
3400	69.6
3450	69.6
3500	69.6
3550	69.5
3600	69.5
3650	69.5
3700	69.4
3750	69.4
3800	69.3
3860	69.3
3920	69.2
3980	69.2
4040	69.1
4100	69.0
4160	69.0
4280	68.8
4340	68.7
4400	68.7
4520	68.5
4590	68.4
4660	68.2
4730	68.1
4800	67.9
4870	67.7
4940	67.5
5010	67.3
5080	67.0
5150	66.8
5220	66.6
5300	66.3
5380	66.0
5460	65.8
5540	65.6
5620	65.4
5860	64.9
5950	64.7
6130	64.5
6220	64.4
6310	64.3
6400	64.3
6490	64.2
6580	64.2
6780	64.2
6880	64.2
6980	64.2
7080	64.2
7180	64.3
7280	64.3
7390	64.4
7500	64.4
7610	64.4
7720	64.3
7830	64.1
7940	63.8
8060	63.4
8180	62.7
8300	62.0
8420	61.2
8540	60.3
8660	59.5
8920	57.7
9050	56.9
9180	56.2
9310	55.6
9730	55.8
9870	56.5
10010	57.3
10160	58.0
10310	58.6
10460	58.9
10610	59.2
10760	59.3
10920	59.4
11080	59.6
11240	60.0
11400	60.5
11570	61.2
11740	62.2
11910	63.5
12080	65.0
12260	66.7
12440	68.0
12620	68.5
12800	67.8
12990	66.2
13180	64.4
13370	62.7
13560	61.5
13760	60.5
14160	59.3
14370	59.1
14580	59.1
14790	59.3
15010	59.5
15230	59.5
15450	59.2
15670	58.5
15900	57.5
16130	56.1
16360	54.7
16600	53.5
16840	52.3
17080	51.1
17330	49.9
17580	48.7
17840	47.4
18100	46.0
18360	44.4
18630	42.6
18900	40.7
19170	38.6
19450	36.2
19730	33.4
20000	31.5
