
Frequency	dB	Unweighted
20.3	66.15
20.6	66.15
20.9	66.15
21.2	66.15
21.5	66.15
21.8	66.15
22.1	66.15
22.4	66.15
22.7	66.15
23	66.15
23.3	66.15
23.6	66.1
23.9	66.1
24.2	66.1
24.6	66.1
25	66.1
25.4	66.1
25.8	66.05000000000001
26.2	66.05000000000001
26.6	66.05000000000001
27	66.0
27.4	66.0
27.8	66.0
28.6	66.0
29	65.94999999999999
29.4	65.9
29.8	65.9
30.2	65.9
30.6	65.9
31	65.8
31.5	65.8
32	65.8
32.5	65.8
33	65.7
33.5	65.7
34	65.7
34.5	65.65
38.6	65.4
38	65.45
37.5	65.45
37	65.5
36.5	65.5
36	65.55
35.5	65.6
35	65.6
28.2	66.0
39.8	65.3
44	65.05
48	64.75
48.7	64.7
49.4	64.65
50.8	64.55
51.5	64.55
52.2	64.45
53	64.4
53.8	64.35
54.6	64.3
55.4	64.25
56.2	64.2
57	64.1
57.8	64.05
58.6	64.0
59.5	63.95
60.4	63.900000000000006
61.3	63.8
62.2	63.75
63.1	63.7
64	63.599999999999994
65.8	63.5
66.8	63.400000000000006
67.8	63.35
68.8	63.3
69.8	63.2
70.8	63.099999999999994
71.8	63.05
72.8	63.0
73.9	62.900000000000006
75	62.8
76.1	62.8
77.2	62.7
78.3	62.599999999999994
79.4	62.55
80.6	62.5
81.8	62.400000000000006
83	62.3
84.2	62.2
85.4	62.15
86.6	62.05
89.2	61.85
90.5	61.8
91.8	61.7
93.1	61.65
94.5	61.55
95.9	61.45
97.3	61.35
98.7	61.25
100	61.15
104	60.9
106	60.75
108	60.65
112	60.4
114	60.25
116	60.1
118	60.0
120	59.9
122	59.8
124	59.6
126	59.5
128	59.4
130	59.3
132	59.150000000000006
134	59.0
136	58.9
138	58.8
140	58.7
142	58.6
144	58.45
146	58.35
148	58.25
150	58.2
152	58.099999999999994
156	57.95
158	57.900000000000006
160	57.85
162	57.75
166	57.6
168	57.6
170	57.55
173	57.45
176	57.349999999999994
179	57.25
182	57.2
185	57.1
191	57.05
194	57.05
197	57.05
200	57.150000000000006
203	57.25
209	57.4
212	57.55
215	57.7
218	57.8
221	57.9
224	58.0
227	58.1
233	58.25
236	58.3
239	58.4
243	58.4
247	58.45
251	58.5
255	58.55
259	58.55
263	58.55
267	58.55
271	58.55
275	58.45
283	58.45
291	58.349999999999994
295	58.349999999999994
299	58.349999999999994
303	58.3
307	58.25
312	58.25
317	58.2
322	58.150000000000006
332	58.05
337	58.05
342	57.95
357	57.849999999999994
362	57.75
367	57.7
372	57.650000000000006
383	57.6
389	57.5
395	57.45
407	57.45
413	57.5
419	57.5
425	57.6
431	57.650000000000006
437	57.75
443	57.8
449	57.9
456	58.05
463	58.2
470	58.3
477	58.45
484	58.599999999999994
491	58.7
505	58.900000000000006
512	59.0
527	59.25
535	59.3
543	59.4
551	59.45
559	59.5
567	59.6
575	59.6
592	59.75
601	59.8
610	59.9
619	59.9
628	60.0
646	60.1
655	60.150000000000006
665	60.2
675	60.25
685	60.25
695	60.349999999999994
725	60.5
747	60.55
780	60.75
803	60.9
815	60.95
827	61.05
839	61.1
851	61.2
863	61.25
876	61.349999999999994
889	61.45
915	61.55
928	61.650000000000006
942	61.75
956	61.849999999999994
970	61.9
984	61.95
998	62.05
1010	62.150000000000006
1020	62.150000000000006
1030	62.25
1050	62.349999999999994
1070	62.45
1110	62.650000000000006
1130	62.8
1150	62.95
1170	63.05
1190	63.150000000000006
1230	63.349999999999994
1250	63.45
1270	63.55
1290	63.65
1310	63.8
1330	63.9
1350	64.0
1370	64.1
1410	64.3
1450	64.6
1470	64.69999999999999
1490	64.9
1510	65.0
1530	65.1
1550	65.30000000000001
1570	65.4
1590	65.5
1630	65.69999999999999
1650	65.80000000000001
1760	66.3
1790	66.5
1820	66.65
1880	66.9
1910	67.0
1940	67.1
1970	67.25
2000	67.35
2090	67.75
2120	67.85
2150	67.94999999999999
2180	68.1
2210	68.25
2240	68.35
2270	68.44999999999999
2300	68.6
2330	68.75
2390	68.94999999999999
2460	69.2
2500	69.35
2540	69.5
2580	69.6
2620	69.75
2660	69.9
2700	70.0
2780	70.2
2860	70.35
2980	70.55
3150	70.65
3300	70.6
3350	70.6
3400	70.5
3450	70.5
3500	70.4
3550	70.35
3600	70.3
3650	70.2
3750	70.05000000000001
3800	69.94999999999999
3920	69.65
4100	69.30000000000001
4160	69.15
4220	69.05000000000001
4280	68.9
4340	68.75
4400	68.6
4590	68.1
4660	67.95
4730	67.80000000000001
4800	67.6
4870	67.4
4940	67.19999999999999
5010	67.0
5080	66.80000000000001
5150	66.65
5220	66.45
5380	66.0
5620	65.5
5780	65.1
5860	65.0
5950	64.85
6040	64.75
6130	64.6
6220	64.5
6310	64.44999999999999
6490	64.4
6580	64.4
6680	64.45
6780	64.45
6980	64.65
7390	65.3
7500	65.55
7610	65.8
8060	66.25
8180	66.05
8300	65.65
8420	65.05
8540	64.35
8660	63.65
9050	61.5
9180	60.900000000000006
9450	59.95
9590	59.6
9870	59.1
10010	58.95
10160	59.0
10310	59.05
10610	59.5
10920	60.05
11080	60.2
11240	60.05
11570	59.400000000000006
11740	59.150000000000006
11910	59.2
12080	59.650000000000006
12260	60.1
12620	59.95
12800	59.150000000000006
12990	58.0
13180	56.849999999999994
13370	55.9
13760	54.75
13960	54.55
14160	54.650000000000006
14370	55.0
14580	55.6
14790	56.6
15010	57.85
15230	59.0
15450	59.400000000000006
15670	58.45
15900	56.05
16360	50.55
16600	48.5
16840	46.6
17080	44.8
17330	43.2
17580	41.7
17840	40.349999999999994
18100	39.0
18360	37.65
18630	36.15
18900	34.8
19170	34.35
19450	35.349999999999994
19730	37.45
20000	39.0
