20    59.17142812985864
20.3    59.24053440644069
20.6    59.30829515406397
20.9    59.374290712277755
21.2    59.43834955145258
21.5    59.50104454849631
21.8    59.56385962018537
22.1    59.62874651617358
22.4    59.69731663904746
22.7    59.76994264532775
23    59.845148974944706
23.3    59.91976811308405
23.6    59.989829882154126
23.9    60.05182315943193
24.2    60.10379191680922
24.6    60.15786122186755
25    60.19870797687175
25.4    60.23224638050915
25.8    60.26315786520154
26.2    60.29350293066847
26.6    60.323282009837754
27    60.35190748030851
27.4    60.37924681079768
27.8    60.40580139227566
28.2    60.43223778401452
28.6    60.458928201035576
29    60.48586614172733
29.4    60.51287896905451
29.8    60.53992386250003
30.2    60.5672225779977
30.6    60.59519983941799
31    60.624288494664505
31.5    60.662450729205304
32    60.702074075165896
32.5    60.74174895931231
33    60.779856903270044
33.5    60.81537258701809
34    60.848035843210155
34.5    60.877798856516364
35    60.904329883791334
35.5    60.927230646631514
36    60.946656618050255
36.5    60.963478929635215
37    60.9787063757653
37.5    60.99279376161147
38    61.00558062699008
38.6    61.01887297918622
39.2    61.03006357257336
39.8    61.03980900065189
40.4    61.04883707128162
41    61.05778745524984
41.6    61.067406909931876
42.2    61.07854250108916
42.8    61.09187727692493
43.4    61.107741492001296
44    61.126110196553
44.6    61.146694942295426
45.2    61.1690033890682
45.9    61.19624387995198
46.6    61.22322377520106
47.3    61.24772218299948
48    61.267459669209266
48.7    61.28118635095959
49.4    61.289063884912736
50.1    61.29212317332762
50.8    61.291882079480075
51.5    61.29046003391642
52.2    61.290120020936214
53    61.29249880723809
53.8    61.29720583540953
54.6    61.302723277152246
55.4    61.3085216977629
56.2    61.31503362352563
57    61.32197795194123
57.8    61.327900745645266
58.6    61.331652726584984
59.5    61.33314910215166
60.4    61.33232037039919
61.3    61.32951962368503
62.2    61.32465363242672
63.1    61.31772796795768
64    61.30955015021611
64.9    61.301529863328184
65.8    61.294852950975724
66.8    61.28951093480129
67.8    61.28612343416601
68.8    61.28415760864195
69.8    61.28280241070725
70.8    61.28085196362578
71.8    61.27664491016494
72.8    61.26836544725601
73.9    61.25371346818142
75    61.23389895478283
76.1    61.20970202329079
77.2    61.18203339467999
78.3    61.151906267449334
79.4    61.120176765710255
80.6    61.08431792429691
81.8    61.047373392743765
83    61.009479273305026
84.2    60.9707849504169
85.4    60.93118635560627
86.6    60.89014146548051
87.9    60.84348974747104
89.2    60.795036365692425
90.5    60.745649055896024
91.8    60.69589296187124
93.1    60.64614615433299
94.5    60.59329811877316
95.9    60.542649580452405
97.3    60.49573902445446
98.7    60.454046685212596
100    60.421685178550476
102    60.388034464707985
104    60.378170218310586
106    60.39261374066615
108    60.42458774597749
110    60.46307733129156
112    60.49725178170751
114    60.521061907069424
116    60.53476067468892
118    60.541776316571635
120    60.54686225254396
122    60.55431099539229
124    60.56502667901899
126    60.57828868559254
128    60.59448719161858
130    60.61618446014394
132    60.64678937342049
134    60.687172207686345
136    60.733905415471895
138    60.781897396926865
140    60.82839133980447
142    60.87251731883711
144    60.91335868876554
146    60.95012834268084
148    60.982581750337175
150    61.0109114646
152    61.035420117654894
154    61.05622557413575
156    61.07314106859485
158    61.08583629574923
160    61.09398287832111
162    61.09741424171864
164    61.09648648123647
166    61.0920939104949
168    61.08521959101684
170    61.076540798609244
173    61.06053253495881
176    61.04044954349748
179    61.016086306174444
182    60.987881592409764
185    60.95622360021885
188    60.92119278403712
191    60.88350658010029
194    60.84434255239182
197    60.80432111348412
200    60.76361982675899
203    60.72243654880092
206    60.68096674696511
209    60.6394721814005
212    60.59870608805178
215    60.56000590540658
218    60.52535195726125
221    60.49649742390654
224    60.473632798578706
227    60.455978148030894
230    60.44238080161478
233    60.43150830208094
236    60.422203241059485
239    60.41351398911577
243    60.4016288471651
247    60.38909257392747
251    60.37625183528364
255    60.36199587089105
259    60.34431015152121
263    60.32170637069865
267    60.2937787274232
271    60.26089425861511
275    60.223906718533215
279    60.18355616828588
283    60.14068187975153
287    60.09665757627282
291    60.052632772637956
295    60.008846304304164
299    59.96493588077786
303    59.9210600228208
307    59.87835911979304
312    59.827580389597685
317    59.778894393358115
322    59.7312773313531
327    59.68388937962506
332    59.63601833629244
337    59.58723037292394
342    59.53764293843028
347    59.487538043993354
352    59.43695216305326
357    59.38570385792199
362    59.33384992974014
367    59.28227412528254
372    59.23273531455112
377    59.18751759039654
383    59.14245888650153
389    59.1114565762945
395    59.09830394707106
401    59.10492766004519
407    59.13048793385825
413    59.17266168118623
419    59.228322747048885
425    59.293502673912734
431    59.363753435723865
437    59.435295157304
443    59.50642217257561
449    59.57696520379716
456    59.6576676787371
463    59.734545254900986
470    59.80684025295976
477    59.87653990503986
484    59.94563469204874
491    60.01508201226599
498    60.085371476606475
505    60.15683909992988
512    60.22958576604416
519    60.30356197795845
527    60.38946303821075
535    60.47633114415427
543    60.56308983513563
551    60.648698043277605
559    60.732594984851616
567    60.81476197608987
575    60.89575235385327
583    60.97627034873033
592    61.06672223657886
601    61.15693255888077
610    61.24664384495371
619    61.33551710308251
628    61.42315057818227
637    61.509223047166046
646    61.59377215411176
655    61.6772395023097
665    61.76958029428822
675    61.86233598220758
685    61.95582934247116
695    62.05004720588704
705    62.144930616930836
715    62.24026343273893
725    62.3355368151598
736    62.43961181058004
747    62.542661140987505
758    62.64485553172477
769    62.74650390492268
780    62.847987901912894
791    62.94974449550135
803    63.06150586645439
815    63.17425831921642
827    63.28786364136893
839    63.402113366310715
851    63.51684739453751
863    63.63173726487189
876    63.756136363516916
889    63.88055249358357
902    64.0050596660859
915    64.12986108189396
928    64.25521633972262
942    64.3911447728864
956    64.52820780749107
970    64.66569834779492
984    64.8012714150473
998    64.930858313692
1010    65.03356994278997
1020    65.11180396524549
1030    65.18407272608931
1050    65.32398546211815
1070    65.482567844855
1090    65.6654486824363
1110    65.86127761800766
1130    66.05814513010745
1150    66.2497597086483
1170    66.4376426000384
1190    66.6242775565978
1210    66.80782679208923
1230    66.98386373228078
1250    67.14963661622593
1270    67.30589473350724
1290    67.4565920858136
1310    67.6056217787645
1330    67.75529506234065
1350    67.90655938762961
1370    68.05947978412632
1390    68.21364067837206
1410    68.36833737047715
1430    68.52279635734315
1450    68.67631272509928
1470    68.82835466551299
1490    68.97855886488637
1510    69.12669393190728
1530    69.27264902737713
1550    69.41645526955884
1570    69.55827670843311
1590    69.69833535965057
1610    69.83694176770058
1630    69.97441953536926
1650    70.11099755321271
1670    70.24678872475587
1690    70.38189894564513
1710    70.51649923856152
1730    70.65070284993013
1760    70.85115650408494
1790    71.05015074121035
1820    71.24709151028279
1850    71.44116607163627
1880    71.63136177091084
1910    71.81701183160841
1940    71.99742889369796
1970    72.17190539701764
2000    72.33961445630314
2030    72.4996674816859
2060    72.65155553997887
2090    72.79474084803363
2120    72.92871147444681
2150    73.05331007655654
2180    73.16854341171253
2210    73.27397516274506
2240    73.3697300082627
2270    73.45556407910877
2300    73.5314374521096
2330    73.59777006792484
2360    73.65515468638823
2390    73.704427509978
2420    73.74658937775891
2460    73.79271666817803
2500    73.82832705267296
2540    73.85438585026992
2580    73.8721084647938
2620    73.88284422494343
2660    73.8877629150528
2700    73.88815384877476
2740    73.88518079440112
2780    73.87958251375215
2820    73.87165428758125
2860    73.86136786231138
2900    73.84824675444126
2940    73.83175334489437
2980    73.81188511313205
3020    73.78933354639815
3060    73.76524305208432
3100    73.74096301972217
3150    73.7121850680259
3200    73.68709021694903
3250    73.66703900049113
3300    73.65287795987987
3350    73.64529017756345
3400    73.64498923349953
3450    73.65197665365679
3500    73.66579952230103
3550    73.68501225407942
3600    73.70846790647343
3650    73.73521354122678
3700    73.76431110435594
3750    73.79424716950925
3800    73.822666590495
3860    73.85026309862235
3920    73.86497353221158
3980    73.86296555321564
4040    73.83834155887394
4100    73.78678762589573
4160    73.7036445267232
4220    73.58472296835748
4280    73.42848700697971
4340    73.23253495303457
4400    72.99626629276672
4460    72.72019381237173
4520    72.40223474468189
4590    71.9844934905503
4660    71.55531502305259
4730    71.18164791228452
4800    70.88207235488565
4870    70.57605686619846
4940    70.19661222545187
5010    69.77014550556058
5080    69.3391025460983
5150    68.92269071332134
5220    68.52459875885457
5300    68.0921949731999
5380    67.68355622749462
5460    67.30006704994453
5540    66.94229477951873
5620    66.60749113572535
5700    66.29440740720972
5780    66.00877971304575
5860    65.7500009583064
5950    65.48972608344309
6040    65.26339021493311
6130    65.07443037683544
6220    64.92520444898217
6310    64.81554607115389
6400    64.74166584545843
6490    64.70554861284052
6580    64.70567643469573
6680    64.74472881051643
6780    64.82272605577192
6880    64.9370946372053
6980    65.08611018305547
7080    65.26883911493118
7180    65.48199634157169
7280    65.71899571962159
7390    65.9949662993566
7500    66.26945928184115
7610    66.5220118627949
7720    66.73369985384986
7830    66.88815548347718
7940    66.97098367223265
8060    66.95984785776483
8180    66.8293142924355
8300    66.58240887842928
8420    66.2318792638062
8540    65.79952542417479
8660    65.3181975553903
8790    64.77931156108721
8920    64.25592189153888
9050    63.769965164662004
9180    63.34599732797703
9310    62.99530455977322
9450    62.71057476982314
9590    62.53404581953586
9730    62.47505012527947
9870    62.543401990728825
10010    62.756248083169474
10160    63.159173139482355
10310    63.768979097060324
10460    64.58778123200834
10610    65.52084705328093
10760    66.38770179677948
10920    66.97175950960676
11080    67.14740516333482
11240    67.04161813225406
11400    66.74546924419408
11570    66.14527445614758
11740    65.34762138731324
11910    64.42342587664626
12080    63.47163249689807
12260    62.38419943177922
12440    61.209889510582784
12620    60.04008375830481
12800    59.035151788037965
12990    58.28774007796865
13180    57.63889899339446
13370    57.304019392599535
13560    57.200999609000434
13760    57.30106830207416
13960    57.59624857358811
14160    58.05665872891565
14370    58.609352326037666
14580    59.185977783562436
14790    59.680347702854505
15010    59.9293967107523
15230    59.5480670760557
15450    58.36911312373892
15670    56.63074593337215
15900    54.47650010228729
16130    52.16037969080713
16360    50.00395527712212
16600    47.98185291553101
16840    45.82121738458174
17080    43.40106996403358
17330    40.754959431062474
17580    37.97466728619533
17840    34.98623971468186
18100    32.7039722414562
18360    32.388374144548024
18630    33.651093704043284
18900    35.29401828069774
19170    37.20684051615592
19450    38.906515630487135
19730    38.797902295793115
20000    38.72632534363358
