20    70.04262794226733
20.3    70.02001818178633
20.6    69.9974868357298
20.9    69.97477205648502
21.2    69.95169276198936
21.5    69.92817309638878
21.8    69.90420850717196
22.1    69.87982106722583
22.4    69.85501759211279
22.7    69.8297831774311
23    69.80410294422123
23.3    69.77799146638418
23.6    69.75151560562458
23.9    69.72479667789607
24.2    69.69798914252769
24.6    69.66236439969433
25    69.627097900156
25.4    69.59225734169597
25.8    69.5577332871674
26.2    69.52330679279835
26.6    69.48873311376266
27    69.45379959042775
27.4    69.41833580342822
27.8    69.38220385330534
28.2    69.3452809661017
28.6    69.3074672557467
29    69.26870872751772
29.4    69.2290179245156
29.8    69.18847590368188
30.2    69.14721422214947
30.6    69.10538121112197
31    69.06310857328263
31.5    69.00980564446326
32    68.95613880811993
32.5    68.90224895045895
33    68.84826404203211
33.5    68.79428954712114
34    68.7404043676063
34.5    68.68667158311462
35    68.63314321735105
35.5    68.57983879697258
36    68.5267261282593
36.5    68.47374158454264
37    68.42081735816913
37.5    68.36788554808226
38    68.31486704587118
38.6    68.25101375388638
39.2    68.1868340673939
39.8    68.12238105891609
40.4    68.05778507693614
41    67.99309655698556
41.6    67.92821204250001
42.2    67.86296128557697
42.8    67.79726774679884
43.4    67.73126571143666
44    67.66529624513595
44.6    67.59976767867329
45.2    67.53496817867173
45.9    67.46039078674644
46.6    67.38683967994263
47.3    67.31424663822995
48    67.24254759070332
48.7    67.17159147637229
49.4    67.10121567302022
50.1    67.03140555519894
50.8    66.96231428858283
51.5    66.8941525614371
52.2    66.8270862066164
53    66.75187867322397
53.8    66.67819121743423
54.6    66.6058990793571
55.4    66.53479000235811
56.2    66.46459092222382
57    66.394980670189
57.8    66.32557279815236
58.6    66.25593851896602
59.5    66.17688808273024
60.4    66.09682293938693
61.3    66.01566324619328
62.2    65.93344645928221
63.1    65.85030527360905
64    65.76642859518245
64.9    65.68201286080463
65.8    65.5972493499914
66.8    65.50290608439303
67.8    65.40871476662599
68.8    65.31510331183668
69.8    65.22260475496714
70.8    65.13183765202875
71.8    65.04347160630678
72.8    64.95815781394077
73.9    64.86846647108092
75    64.78352999416481
76.1    64.70338715438896
77.2    64.62760179383613
78.3    64.55523814970823
79.4    64.48499512864731
80.6    64.40915814859517
81.8    64.33265986383148
83    64.25447738958982
84.2    64.17416475259355
85.4    64.0917786699953
86.6    64.00773322629473
87.9    63.9154985700071
89.2    63.82277907819939
90.5    63.73022420213213
91.8    63.638322334962204
93.1    63.547375844030114
94.5    63.45064486079568
95.9    63.35527863226174
97.3    63.26156858684256
98.7    63.169987539405426
100    63.087299551121106
102    62.96504868849543
104    62.84847651871985
106    62.73589566291375
108    62.62469598863893
110    62.51224249141164
112    62.39645621191559
114    62.27604636477763
116    62.15057597319468
118    62.02035539670224
120    61.88613010810503
122    61.748800422324756
124    61.60910040629928
126    61.46766447695079
128    61.3252511273177
130    61.18288228659625
132    61.04185105237721
134    60.90363498962384
136    60.76980553098548
138    60.641941615854634
140    60.52151404954036
142    60.409697725076555
144    60.307332099824876
146    60.21481407551265
148    60.132086809172854
150    60.058713436695804
152    59.993898572115
154    59.93656921212215
156    59.88575194265905
158    59.84112796134643
160    59.803378792354216
162    59.77415787914295
164    59.75577485523187
166    59.75066725776202
168    59.76072927150317
170    59.78663299581288
173    59.85229838954176
176    59.94054002792217
179    60.036082043431755
182    60.12190546719482
185    60.18315173638396
188    60.21074950701933
191    60.20380065530712
194    60.16699835852171
197    60.107406124242075
200    60.03215588480859
203    59.94756283237586
206    59.85929834026259
209    59.772378289778246
212    59.69100696231833
215    59.61853388484106
218    59.557419677145944
221    59.50911050198208
224    59.47391053838936
227    59.45104099796929
230    59.43886460270734
233    59.43498622254661
236    59.43637537272734
239    59.43973506140654
243    59.441551224399475
247    59.43463783701603
251    59.41589201946225
255    59.385288232203166
259    59.34483561030963
263    59.29757914251056
267    59.246828001156445
271    59.19547328017505
275    59.14564103319536
279    59.09876288442889
283    59.05572572049482
287    59.01699904129037
291    58.98278468528442
295    58.95294601518096
299    58.92687661105868
303    58.9037887478481
307    58.88296915897243
312    58.85890030241261
317    58.8354487740741
322    58.81102674262065
327    58.78402131550146
332    58.753078967124296
337    58.717761661742834
342    58.67879939650291
347    58.63745808158811
352    58.59464509043116
357    58.550827048676425
362    58.50648689101979
367    58.46220503153825
372    58.41830103618405
377    58.374790235863195
383    58.32324715398217
389    58.273538618656346
395    58.22825796102547
401    58.19045950505412
407    58.16246941974451
413    58.14587433235589
419    58.1421762260408
425    58.15257168944828
431    58.1775370048865
437    58.21702489085429
443    58.27111860893636
449    58.340421862642934
456    58.44172188064458
463    58.56609219654019
470    58.713333262231714
477    58.881114407245406
484    59.06482633948134
491    59.25791689431903
498    59.452614053526645
505    59.64124740511194
512    59.817643324964514
519    59.977926738961116
527    60.13970741648867
535    60.28005303144984
543    60.40271463863117
551    60.512453236019084
559    60.61374917140455
567    60.71008940330308
575    60.803777899608015
583    60.89600404608408
592    60.99845092377623
601    61.09941390477288
610    61.19854795231754
619    61.29533941467011
628    61.38904344856029
637    61.478214944415285
646    61.55948834605147
655    61.62644398479412
665    61.673217422134485
675    61.68115085599598
685    61.652405166445845
695    61.60697610998233
705    61.57167114130684
715    61.56156614736685
725    61.573708734737814
736    61.59844921829804
747    61.62506671343522
758    61.65639374250623
769    61.70118606118774
780    61.76350346501803
791    61.84047833068507
803    61.93411854904221
815    62.03108584012807
827    62.12724667227395
839    62.22117068979358
851    62.313083100308475
863    62.40387790218892
876    62.502216586397964
889    62.60191945014081
902    62.704321135757624
915    62.810373532488825
928    62.92049648722532
942    63.043674921882456
956    63.171347517544035
970    63.302945827723775
984    63.43766689958203
998    63.57468344643064
1010    63.69340549890794
1020    63.79295756269728
1030    63.892889972638095
1050    64.09348661094286
1070    64.29487037185406
1090    64.49745190472493
1110    64.70195993673366
1130    64.90884590646928
1150    65.11818177506508
1170    65.33044715341562
1190    65.54652827174623
1210    65.76675128023172
1230    65.9908713539266
1250    66.21846356434233
1270    66.44911408515483
1290    66.68252868855029
1310    66.91862784608301
1330    67.15738959356366
1350    67.398724816039
1370    67.64263001147441
1390    67.88950524794188
1410    68.14017042124362
1430    68.39518752610573
1450    68.65469622894621
1470    68.91889644547521
1490    69.1880977341738
1510    69.46249470657156
1530    69.74194632731079
1550    70.02589867259712
1570    70.31338868277871
1590    70.60296063798391
1610    70.89263365139375
1630    71.17989764335246
1650    71.4620548444513
1670    71.73597489464355
1690    71.99749435232991
1710    72.24110218379086
1730    72.46050363420814
1760    72.73177526397919
1790    72.92002945604473
1820    73.01816036870859
1850    73.02658789247161
1880    72.95148361806879
1910    72.80388379506213
1940    72.59820515757751
1970    72.35022801735067
2000    72.07521524570663
2030    71.78553078802146
2060    71.48975055514023
2090    71.19408503521139
2120    70.9033074831627
2150    70.62143522862965
2180    70.35210622337382
2210    70.09886030524203
2240    69.86469964911262
2270    69.65178859267479
2300    69.46163656464142
2330    69.29540406466577
2360    69.15415225172322
2390    69.0390273876472
2420    68.951193811542
2460    68.87743227104991
2500    68.85162456840034
2540    68.87070376918015
2580    68.93141882745148
2620    69.02925354786043
2660    69.15776713894877
2700    69.30853187079845
2740    69.471513745662
2780    69.63663900570245
2820    69.7946192115084
2860    69.93676086731523
2900    70.05595121944089
2940    70.14786851778635
2980    70.21119441831581
3020    70.24678603621919
3060    70.25720416913298
3100    70.24628551617862
3150    70.20966530707307
3200    70.15755463840367
3250    70.102121166347
3300    70.05582566782837
3350    70.03061144812762
3400    70.03974577128326
3450    70.09659112736654
3500    70.21237710568728
3550    70.39677128119891
3600    70.65771429564526
3650    70.99927383050101
3700    71.41926240169991
3750    71.90600108681338
3800    72.43317760487923
3860    73.05425316477883
3920    73.56225379722567
3980    73.85013586766793
4040    73.84128654917689
4100    73.5133427416587
4160    72.90664468935117
4220    72.11287216377045
4280    71.24336268497
4340    70.39369770547987
4400    69.62509625795474
4460    68.96595663999379
4520    68.4228400739124
4590    67.92791323784337
4660    67.56314051455004
4730    67.30559480052628
4800    67.13108358258987
4870    67.01820239229431
4940    66.95259150728074
5010    66.92101674926428
5080    66.90852874259332
5150    66.90461205909708
5220    66.90675437148366
5300    66.91977025106154
5380    66.94619344296436
5460    66.98932656170874
5540    67.05868502509153
5620    67.16428349943149
5700    67.31286686885763
5780    67.50877049898185
5860    67.7551026877565
5950    68.09399435362464
6040    68.49526354962526
6130    68.95241944908611
6220    69.45590286215139
6310    69.99491237768879
6400    70.55991502343815
6490    71.13947334737941
6580    71.71098963304028
6680    72.31845095220586
6780    72.92609528379721
6880    73.53013969084662
6980    74.0536789331004
7080    74.4522919771866
7180    74.7160499143032
7280    74.84607787375735
7390    74.84774701503615
7500    74.73011360508593
7610    74.52679527418289
7720    74.26362385477492
7830    73.96024216214053
7940    73.66311324399398
8060    73.38728250236261
8180    73.11855481753403
8300    72.82636319896737
8420    72.52073161512627
8540    72.20639210129724
8660    71.88092293537014
8790    71.51254844601388
8920    71.12529214251953
9050    70.71859830418394
9180    70.29440406323207
9310    69.85840063402539
9450    69.38397223026712
9590    68.91292054690479
9730    68.45428849797133
9870    68.01786250474544
10010    67.61406466947719
10160    67.22811480309187
10310    66.899899972172
10460    66.63991684591514
10610    66.45703743385059
10760    66.36329281721461
10920    66.37229572958925
11080    66.49607249240947
11240    66.74115496931637
11400    67.10577897593474
11570    67.59057091123904
11740    68.07851176421852
11910    68.39161736688091
12080    68.33418701246586
12260    67.75220154971666
12440    66.66155149888044
12620    65.29979585418106
12800    64.00265060527418
12990    62.86349129281793
13180    61.92348837127467
13370    61.07205670818064
13560    60.286869206846944
13760    60.053407002632255
13960    60.342776573940824
14160    60.33135960884959
14370    60.151878111119935
14580    60.164244590023976
14790    60.438028222073356
15010    61.02167848433224
15230    61.886673115008286
15450    62.920184781409205
15670    64.09293619950773
15900    65.0115964856288
16130    64.6274060590446
16360    63.1392671788625
16600    61.57293003608247
16840    60.23190738010258
17080    58.928678368444324
17330    57.64751283551305
17580    56.6843423483203
17840    56.57366972315543
18100    57.18711920977623
18360    57.48938908733935
18630    56.88353389673994
18900    55.80272322363801
19170    54.545928154696014
19450    52.75745664432624
19730    50.822280695463114
20000    49.753563525379974
