20    70.92950518340501
20.3    70.93943402436476
20.6    70.94906144161115
20.9    70.9582026570348
21.2    70.9666736569234
21.5    70.97433472156918
21.8    70.98109866740108
22.1    70.98691785639747
22.4    70.99176502454222
22.7    70.99560815075924
23    70.9983905208903
23.3    71.00003170367003
23.6    71.00045227327064
23.9    70.99960450782478
24.2    70.99749858501684
24.6    70.99288483744937
25    70.98652494248458
25.4    70.97879499583216
25.8    70.9699868426291
26.2    70.96025244635788
26.6    70.94963886924995
27    70.93817810655062
27.4    70.92595606894216
27.8    70.91311717189642
28.2    70.89981822383513
28.6    70.88617263435941
29    70.87221751285148
29.4    70.85792610387901
29.8    70.84325136073059
30.2    70.82816191657088
30.6    70.8126554137159
31    70.7967490053171
31.5    70.77631925888667
32    70.75524349424538
32.5    70.73340133561189
33    70.71062487931295
33.5    70.68677692126568
34    70.6618111000333
34.5    70.63577673316763
35    70.6087883036376
35.5    70.58098368802776
36    70.55249711709864
36.5    70.52344429668321
37    70.49390972146017
37.5    70.46394918077685
38    70.4336109405357
38.6    70.39679648174419
39.2    70.35965880827045
39.8    70.32229058636057
40.4    70.28470650467027
41    70.24686765403108
41.6    70.20874647457256
42.2    70.17035090135055
42.8    70.13168240743002
43.4    70.09269677029272
44    70.05333196638601
44.6    70.0135845095571
45.2    69.97353811936841
45.9    69.92658575758578
46.6    69.87948179437996
47.3    69.83226650239396
48    69.78499074197802
48.7    69.73772312862236
49.4    69.69050943858434
50.1    69.64336373169687
50.8    69.59626991259759
51.5    69.54918166066258
52.2    69.50204848053725
53    69.44810504530625
53.8    69.39411403428053
54.6    69.34017274315678
55.4    69.28642142851271
56.2    69.23290770649317
57    69.17948167962778
57.8    69.12590511783037
58.6    69.07202789521187
59.5    69.01101868237818
60.4    68.94960840990959
61.3    68.88780706964185
62.2    68.82559091901504
63.1    68.76292500952653
64    68.69978847483547
64.9    68.63616348245242
65.8    68.57203972333045
66.8    68.50022087590648
67.8    68.4278431328089
68.8    68.35498472961119
69.8    68.28178798466662
70.8    68.20846396353747
71.8    68.13528865668317
72.8    68.06261687200802
73.9    67.98380704717047
75    67.90690763294371
76.1    67.83278385443498
77.2    67.76237989472884
78.3    67.69658874002948
79.4    67.63603345779197
80.6    67.57607176437813
81.8    67.5217744832226
83    67.4715941821535
84.2    67.42341993241888
85.4    67.3750189553492
86.6    67.32446557814619
87.9    67.26573500326994
89.2    67.2020865021495
90.5    67.13345457474038
91.8    67.06030388286575
93.1    66.9833820193958
94.5    66.897312902186
95.9    66.80887797102994
97.3    66.71886904829253
98.7    66.62787866271967
100    66.54284950612089
102    66.41129007380144
104    66.27888282799451
106    66.14587619789461
108    66.01286450027993
110    65.88076777690415
112    65.75085999747284
114    65.62480024433461
116    65.50438273651139
118    65.39120679499932
120    65.286351872341
122    65.19027337762057
124    65.10288433496333
126    65.02332484378081
128    64.94986357231281
130    64.88007027183136
132    64.8111636959343
134    64.7404029433801
136    64.66538561792132
138    64.58437797250775
140    64.49657094261917
142    64.4019560998498
144    64.30097550111682
146    64.19424681879667
148    64.08251708742927
150    63.966677477266785
152    63.84768587207311
154    63.72651050090385
156    63.60414338596048
158    63.481665773552976
160    63.36038780617555
162    63.24197302583899
164    63.128384299067605
166    63.02180156464938
168    62.92447151704604
170    62.83846985601565
173    62.7338010544942
176    62.65944463938543
179    62.612377763297374
182    62.5855644679023
185    62.5695231505349
188    62.554159185782794
191    62.53094596208544
194    62.49455363393396
197    62.442840516956174
200    62.37615028056091
203    62.296480477087826
206    62.206874283477056
209    62.111043259277665
212    62.01303459080517
215    61.91686201291347
218    61.826151473682216
221    61.74367176248212
224    61.67087238583606
227    61.60778735817841
230    61.55337608741053
233    61.505834153507585
236    61.4628411923103
239    61.422024954264124
243    61.3678547303721
247    61.31197898564905
251    61.25410314597458
255    61.19478248689417
259    61.13449491658909
263    61.072930311862244
267    61.009101686925824
271    60.941906659348135
275    60.87045761303895
279    60.794343990426114
283    60.713715392270444
287    60.62913273247891
291    60.54132167214941
295    60.45093636421199
299    60.3585035742673
303    60.26449141761216
307    60.169319197594604
312    60.049217754559955
317    59.92831472992835
322    59.80715648970562
327    59.68655684565862
332    59.567671346256574
337    59.45181104783781
342    59.340010798192516
347    59.23281889794899
352    59.130461254938965
357    59.03304938096502
362    58.940765838649696
367    58.85417373614169
372    58.774441919902365
377    58.70315813265882
383    58.631098008672495
389    58.576237303891716
395    58.54069110012219
401    58.52553294557981
407    58.53044637018192
413    58.553786659151015
419    58.59328904611978
425    58.646933575613616
431    58.7134706719399
437    58.792529906033174
443    58.88449706250722
449    58.99021442017641
456    59.13150923763244
463    59.290634264836925
470    59.462825186473815
477    59.64028574622371
484    59.813587246487955
491    59.973728420111485
498    60.11441231449974
505    60.23363399922243
512    60.33427059444358
519    60.42299556464247
527    60.52024633759417
535    60.62353619558519
543    60.74017469857107
551    60.87254885282667
559    61.018291010482216
567    61.17172453293891
575    61.32602010752548
583    61.47533032644078
592    61.63295156662931
601    61.77819664334339
610    61.912288076228776
619    62.03720518730792
628    62.15258070372325
637    62.25240985473038
646    62.32396683695074
655    62.35213016045579
665    62.32520117067905
675    62.258401662067484
685    62.200831459766434
695    62.189078296961036
705    62.22670738219628
715    62.2991364576207
725    62.39077556719383
736    62.50159837666661
747    62.61642255219281
758    62.73275345367078
769    62.849868457786044
780    62.96732739589496
791    63.08453705150552
803    63.21149261722965
815    63.33727628939679
827    63.46214658339152
839    63.58672384249422
851    63.711793717142854
863    63.83815011474001
876    63.97725635916288
889    64.11912658951923
902    64.2638347928895
915    64.41138911576653
928    64.5620399831214
942    64.72820063807403
956    64.89868208341116
970    65.07322128609977
984    65.25123047391276
998    65.43193109898144
1010    65.58831342600288
1020    65.7192969487248
1030    65.85067619447244
1050    66.11430674084575
1070    66.37869676299246
1090    66.64328492946947
1110    66.90728104759427
1130    67.17027129257951
1150    67.43314266948762
1170    67.6970958946265
1190    67.96228376969177
1210    68.2287055169902
1230    68.49609643635586
1250    68.76377353142061
1270    69.03098331596341
1290    69.29762835279553
1310    69.56450953145408
1330    69.83218586896164
1350    70.10028622394242
1370    70.36827110955184
1390    70.63602860824572
1410    70.90381762002951
1430    71.17187790668243
1450    71.44030134038101
1470    71.70903533664236
1490    71.97744024783705
1510    72.2440781141515
1530    72.50718596273708
1550    72.7650155324267
1570    73.01544578232576
1590    73.25547006230924
1610    73.4813472016489
1630    73.6891300567771
1650    73.87485572128773
1670    74.0342997311013
1690    74.16279418599292
1710    74.25542147652793
1730    74.30789956208969
1760    74.30629641450241
1790    74.20613013113885
1820    74.01303152277606
1850    73.73910511338248
1880    73.39976800950569
1910    73.01111300848005
1940    72.58806807166081
1970    72.14375943621567
2000    71.68989749278046
2030    71.23644204761308
2060    70.79140933461872
2090    70.3611089766577
2120    69.95021585943238
2150    69.56181958226726
2180    69.19775010739136
2210    68.85878499332108
2240    68.54433922104636
2270    68.25219603524579
2300    67.97983400872141
2330    67.72543498284631
2360    67.48783772917835
2390    67.26637995723141
2420    67.06090067586669
2460    66.81160950165173
2500    66.58930885489383
2540    66.39314120547948
2580    66.22258492950753
2620    66.07689953718682
2660    65.95516407108639
2700    65.85646320396316
2740    65.78023696441355
2780    65.72650617475085
2820    65.69502688127268
2860    65.685076830914
2900    65.69596501101147
2940    65.72718611680932
2980    65.77839190335303
3020    65.8492694818911
3060    65.9395970414228
3100    66.04921772049246
3150    66.21313886290213
3200    66.40680703553618
3250    66.63060317852691
3300    66.88537387169052
3350    67.17198179884647
3400    67.49015097874589
3450    67.83841023441406
3500    68.21481778623281
3550    68.61522081878317
3600    69.02986902052636
3650    69.43922250303355
3700    69.80994988594782
3750    70.09182386377273
3800    70.21817626688656
3860    70.06395744395253
3920    69.49730675491828
3980    68.52561948836717
4040    67.27503786890264
4100    65.96867053014095
4160    64.8615258015607
4220    64.15248200694364
4280    63.915288593974964
4340    64.09504549830163
4400    64.56662666777206
4460    65.20201614362732
4520    65.90584248914811
4590    66.73640391771595
4660    67.53025509033807
4730    68.26220156195183
4800    68.91875009566836
4870    69.49145885978254
4940    69.97480854451143
5010    70.3670132236243
5080    70.67158577339407
5150    70.89605926180906
5220    71.0496964180358
5300    71.15349172465393
5380    71.20179599901223
5460    71.2152780683061
5540    71.2109343761189
5620    71.20183597427314
5700    71.19755801707174
5780    71.20525519956453
5860    71.23024636377093
5950    71.2832988561727
6040    71.36539523804207
6130    71.4803482091335
6220    71.63397480778349
6310    71.83079830437572
6400    72.07131096896404
6490    72.35026735106663
6580    72.65566609291861
6680    73.00441705562638
6780    73.33656642051164
6880    73.62664305352989
6980    73.8507412158877
7080    73.9832534702648
7180    73.99615214797765
7280    73.86410400211109
7390    73.53828492470149
7500    73.0406390003061
7610    72.41501996027147
7720    71.71590605357079
7830    70.99355367150778
7940    70.28546897437445
8060    69.5558507008185
8180    68.88319475031474
8300    68.27041842093303
8420    67.71855514311221
8540    67.2288419280593
8660    66.80121669588766
8790    66.40527561539913
8920    66.07355446776997
9050    65.80091607143957
9180    65.58326912894807
9310    65.41785960138364
9450    65.29417655154106
9590    65.22035802176548
9730    65.19027840508001
9870    65.1977895222935
10010    65.23892626444548
10160    65.3184141244524
10310    65.43292506217901
10460    65.58072013187834
10610    65.7637760776842
10760    65.98578657505132
10920    66.26661735707012
11080    66.59896621779168
11240    67.02019620200913
11400    67.58068178540532
11570    68.32962808555766
11740    69.19416736495843
11910    70.11572527720179
12080    70.92087531694924
12260    71.29144718908579
12440    70.85669324563055
12620    69.64916857437018
12800    68.01357911656481
12990    66.25948902820369
13180    64.77075645866269
13370    63.63694881797995
13560    62.71198231275075
13760    61.569032807156375
13960    59.94912077988781
14160    58.051650029461754
14370    56.28478928403897
14580    55.03710184141684
14790    54.26656802411098
15010    53.84203348862815
15230    53.73023953342991
15450    53.91173624902864
15670    54.402030960028
15900    55.28887857437876
16130    56.61991985396829
16360    58.4342862194456
16600    60.60670411692832
16840    62.05476962539545
17080    61.60119359585843
17330    59.26316633635078
17580    56.39130055863727
17840    53.87871795960631
18100    52.17983369114884
18360    51.46315625164475
18630    51.6471943244932
18900    52.211522128908
19170    52.66826273528527
19450    52.810235562870034
19730    52.5940537262514
20000    52.346703676978976
