20    65.90661204235786
20.3    65.93585748910951
20.6    65.96636359318701
20.9    65.99929955160744
21.2    66.0345290365115
21.5    66.07058636315058
21.8    66.10537480740277
22.1    66.13705219959635
22.4    66.16469196221011
22.7    66.18840663912202
23    66.20911356755492
23.3    66.22801600905645
23.6    66.24608711267072
23.9    66.26378150800076
24.2    66.28104645002799
24.6    66.30284666599093
25    66.3226678313177
25.4    66.34053914164842
25.8    66.3572309753296
26.2    66.37380446440343
26.6    66.3910929271097
27    66.40943382025972
27.4    66.4287060021758
27.8    66.44850185756931
28.2    66.46830576131654
28.6    66.48762520560155
29    66.5060804402008
29.4    66.52347398493035
29.8    66.53983361166043
30.2    66.55539778283281
30.6    66.57053271098067
31    66.58560357231192
31.5    66.60469072713218
32    66.62411173073377
32.5    66.64361842056006
33    66.66277652204683
33.5    66.6810546318026
34    66.69789959965476
34.5    66.71292106605819
35    66.72610250935409
35.5    66.73780372172627
36    66.7484744001033
36.5    66.75834603682712
37    66.76741219302951
37.5    66.77566528384699
38    66.78327860337734
38.6    66.79195748226343
39.2    66.80043662480549
39.8    66.80878989435816
40.4    66.81703209887472
41    66.82518787958846
41.6    66.83313041048237
42.2    66.84056086505862
42.8    66.84724531950701
43.4    66.85319789615157
44    66.85863087609647
44.6    66.86380509463564
45.2    66.86899670042033
45.9    66.87549468531651
46.6    66.88294565881695
47.3    66.89191976628874
48    66.90318044391216
48.7    66.91715663557912
49.4    66.9329938809565
50.1    66.94860455725052
50.8    66.96223045345837
51.5    66.97354169301495
52.2    66.98336635723192
53    66.99406048218917
53.8    67.00491632998674
54.6    67.01588577484995
55.4    67.02652343869912
56.2    67.03621458766335
57    67.04431984104342
57.8    67.05065413808276
58.6    67.05585388654725
59.5    67.06164182985717
60.4    67.06896936086503
61.3    67.07961358949765
62.2    67.09505691539289
63.1    67.11589105805876
64    67.14180298920544
64.9    67.17165158393686
65.8    67.20358734619425
66.8    67.23892748068877
67.8    67.27166513425524
68.8    67.30022057090328
69.8    67.32384713266353
70.8    67.3422458673054
71.8    67.35541437256884
72.8    67.36360830126308
73.9    67.36738004940817
75    67.36638641646688
76.1    67.36158293530626
77.2    67.35407865602235
78.3    67.34500283647719
79.4    67.33526774342099
80.6    67.32453791578735
81.8    67.31388514037617
83    67.30303305341091
84.2    67.2913747726526
85.4    67.27822453475974
86.6    67.2630210607031
87.9    67.24383741611082
89.2    67.2217245519858
90.5    67.19686348734692
91.8    67.16961380120568
93.1    67.14041638057748
94.5    67.10730610248535
95.9    67.07287927864071
97.3    67.0373758901093
98.7    67.00092251256451
100    66.96628727786808
102    66.9116064633896
104    66.85527181290743
106    66.79728469412257
108    66.73755753484998
110    66.67588043173771
112    66.61217534397389
114    66.54632957781314
116    66.47785931588056
118    66.40610167210683
120    66.33047333664192
122    66.25058125563419
124    66.16617390168591
126    66.07705746348981
128    65.98310488480391
130    65.88423388177048
132    65.78058063129366
134    65.67265820639318
136    65.56159039655097
138    65.44907813118593
140    65.33732352293467
142    65.22924762071405
144    65.12852031323618
146    65.03940581326853
148    64.96653601512985
150    64.91449823195123
152    64.88717407414879
154    64.88722577283401
156    64.9161595082762
158    64.97465226184697
160    65.0628708693381
162    65.1806338999233
164    65.3273699983861
166    65.5019646338701
168    65.7024424857447
170    65.9257244855111
173    66.29364407939372
176    66.68394588865831
179    67.07337103699089
182    67.4366039225537
185    67.7502074103112
188    67.99735860524068
191    68.17126121188048
194    68.27483882973937
197    68.31816117584654
200    68.31516771406535
203    68.28055328165192
206    68.22729605931217
209    68.16507087763605
212    68.09963318821659
215    68.03321181307848
218    67.96566222786328
221    67.89577526404886
224    67.82234383498407
227    67.74471108541407
230    67.66291873676305
233    67.57754665769696
236    67.48951833928655
239    67.3999305499002
243    67.27995640821632
247    67.16147129164514
251    67.04616456759345
255    66.934926072409
259    66.82791920285916
263    66.72479916558473
267    66.62510994039165
271    66.52856731666142
275    66.43505794584203
279    66.34449796582857
283    66.25674516380651
287    66.17158427387598
291    66.08878112479889
295    66.0081009193504
299    65.9292853962321
303    65.85204305848191
307    65.77605473039114
312    65.68233327904488
317    65.58947938133922
322    65.4971121414675
327    65.40513560385614
332    65.3138023852216
337    65.22362615397192
342    65.13518919267665
347    65.04892567327634
352    64.9649482785276
357    64.88301960641223
362    64.80269123651055
367    64.7235835664907
372    64.64565140589156
377    64.56932963222548
383    64.48123488583815
389    64.39927641375604
395    64.32646695721542
401    64.26618344568608
407    64.22179176374912
413    64.19648778484634
419    64.19336243638963
425    64.21522796229723
431    64.26374621971752
437    64.33797553570679
443    64.43349637860979
449    64.54289054441331
456    64.676606578863
463    64.80528804395362
470    64.9206165798951
477    65.01882516831381
484    65.0996895441183
491    65.1653435670666
498    65.21948499254177
505    65.2664161134241
512    65.31009455007938
519    65.35342764843219
527    65.40447262054474
535    65.45761905062744
543    65.5124344524657
551    65.56796592990065
559    65.62288145588309
567    65.67577038736576
575    65.72556931457532
583    65.77164078260353
592    65.81847374369318
601    65.85948228636724
610    65.89436143029857
619    65.92333523327493
628    65.94717487356364
637    65.96701206205135
646    65.984190121273
655    66.00006905795898
665    66.01765242694546
675    66.0363784258519
685    66.05693977548569
695    66.0795085488392
705    66.10389741422205
715    66.12972763977051
725    66.1565888044415
736    66.18688207506699
747    66.2175760670899
758    66.24844143117903
769    66.27942767828003
780    66.31059833455937
791    66.34199361817916
803    66.37636276889648
815    66.41055714692766
827    66.44441836224709
839    66.4781420213801
851    66.51232245710362
863    66.54783710452361
876    66.58873587617256
889    66.63261770769284
902    66.6794486553793
915    66.72904608281976
928    66.78122689734366
942    66.84004770018976
956    66.90120684977727
970    66.96418699319553
984    67.02842898037642
998    67.0934210148622
1010    67.14932985136191
1020    67.19585163649697
1030    67.24219829436308
1050    67.33404149073334
1070    67.42412442612965
1090    67.5117047768181
1110    67.59642378194306
1130    67.67818108474064
1150    67.75663176393125
1170    67.83128785195453
1190    67.90233611108908
1210    67.97051897756432
1230    68.03633525581873
1250    68.09968912194574
1270    68.16023145211794
1290    68.21807753746006
1310    68.27349717324716
1330    68.32633180371491
1350    68.37607900710917
1370    68.42208126687004
1390    68.4638704727412
1410    68.50145065516796
1430    68.53514035865366
1450    68.56494451335246
1470    68.59062724208377
1490    68.61240329551401
1510    68.63065849023309
1530    68.64575315192013
1550    68.65818684515625
1570    68.66870474848785
1590    68.67791397598566
1610    68.68604687436618
1630    68.69318775190689
1650    68.69952728642308
1670    68.70538893383801
1690    68.71110445653045
1710    68.71703216437501
1730    68.72353024949382
1760    68.73472481985803
1790    68.74765987265766
1820    68.76292577845089
1850    68.78169952826084
1880    68.80508026010348
1910    68.83380496569322
1940    68.86833655612742
1970    68.90886391586662
2000    68.95559770552003
2030    69.00897812373535
2060    69.0698387874196
2090    69.13896802967989
2120    69.21652229304564
2150    69.30151564762807
2180    69.3924364970118
2210    69.48810994138964
2240    69.58708320385735
2270    69.68735818545372
2300    69.78598976915241
2330    69.87983049171721
2360    69.96636776871449
2390    70.04366424996019
2420    70.11045700228044
2460    70.18142990070837
2500    70.23046782961258
2540    70.25644730742061
2580    70.2603612752456
2620    70.24464192252515
2660    70.21217078830374
2700    70.16614364737926
2740    70.1093061408217
2780    70.0445228672312
2820    69.97417203575077
2860    69.90069257364989
2900    69.82638490952598
2940    69.75312569249529
2980    69.6826571007821
3020    69.6161546977977
3060    69.55412736538915
3100    69.49712463971049
3150    69.43411771970705
3200    69.3812806027778
3250    69.33935711178117
3300    69.30927087256678
3350    69.2908899029514
3400    69.28323447257551
3450    69.28566518327011
3500    69.29819758393867
3550    69.32047299737991
3600    69.35130000728324
3650    69.38846873832954
3700    69.4304366075647
3750    69.476848836675
3800    69.5262069159431
3860    69.58484539479733
3920    69.63931365066921
3980    69.68673448992845
4040    69.72337413244301
4100    69.74686695277396
4160    69.7560950857154
4220    69.75155328164277
4280    69.73524227579928
4340    69.70936386873714
4400    69.67785985972424
4460    69.64615921535767
4520    69.62003445119583
4590    69.60368231164745
4660    69.61073282894229
4730    69.65285765289627
4800    69.73392156406393
4870    69.85099537107399
4940    70.00214104290961
5010    70.18373907789332
5080    70.39202178559046
5150    70.62475209420111
5220    70.87409892660358
5300    71.17176212457963
5380    71.48372568017047
5460    71.8081557524232
5540    72.1334264883184
5620    72.45334452656041
5700    72.76970934246724
5780    73.08038940775
5860    73.38745480506682
5950    73.76669137275726
6040    74.19087979933288
6130    74.64698240849191
6220    75.15469551647077
6310    75.68389804029741
6400    76.18150085802667
6490    76.5984301488881
6580    76.8662798374311
6680    76.87145262181816
6780    76.43210801754378
6880    75.4894813799648
6980    74.15922618144201
7080    72.74007725157169
7180    71.5898602965263
7280    70.92844126289754
7390    70.74262215642588
7500    70.9172015667431
7610    71.2199026156423
7720    71.49761220100086
7830    71.69863254626955
7940    71.82139649037936
8060    71.89530370008194
8180    71.95507241197717
8300    72.0259383245745
8420    72.10147956546305
8540    72.16504858245655
8660    72.22129901035584
8790    72.2960476451435
8920    72.39758347714456
9050    72.5044247969662
9180    72.56048118527275
9310    72.49568764361297
9450    72.26815188377728
9590    71.89413082314712
9730    71.3146648361616
9870    70.45411539683735
10010    69.34480905451579
10160    67.97882892707393
10310    66.66382506816505
10460    65.7406186614958
10610    64.85599409851312
10760    64.14285920331807
10920    63.52645367083865
11080    62.736577327584634
11240    62.17015871285028
11400    61.96441593212573
11570    62.261801751905196
11740    62.88570032288401
11910    63.72512263100138
12080    64.50983856811041
12260    64.94510213817517
12440    65.11334338485366
12620    65.20984041720826
12800    65.47094474317805
12990    66.09980133925524
13180    66.86665813927979
13370    67.96468414474808
13560    68.93083621426783
13760    70.11456831145021
13960    71.39122878194553
14160    72.08752704198574
14370    72.2415074033081
14580    71.69833633422428
14790    70.93883595087964
15010    69.89545520845137
15230    68.32311780546077
15450    66.20462783977163
15670    63.6703526194262
15900    60.90042014916794
16130    58.379006747075856
16360    56.363899589408284
16600    54.86822995943584
16840    53.68007251098756
17080    52.196836116916835
17330    49.87973168548041
17580    46.65590284659283
17840    42.64053649231296
18100    38.42511077448206
18360    34.451236013911455
18630    31.07419025130872
18900    28.625509366856445
19170    26.661527608226365
19450    26.691918907873433
19730    28.73891418126999
20000    28.996443088669693
