20    79.10970305541571
20.3    79.10134871866143
20.6    79.09298826155208
20.9    79.08445945299775
21.2    79.07560238904281
21.5    79.06630638572122
21.8    79.05651998765346
22.1    79.04624290568474
22.4    79.0355100697623
22.7    79.02436842398606
23    79.0128622513476
23.3    79.00102426609298
23.6    78.98886962516306
23.9    78.9764012508979
24.2    78.96361586660655
24.6    78.94607277746778
25    78.92797164110257
25.4    78.90934498723234
25.8    78.89024600401183
26.2    78.87074535326393
26.6    78.8509168160185
27    78.83082109349095
27.4    78.81049548144142
27.8    78.78994300896362
28.2    78.76912555094331
28.6    78.74797833605214
29    78.72644368487126
29.4    78.70449821171155
29.8    78.68215782421932
30.2    78.65946315749503
30.6    78.63645809792818
31    78.61318166170918
31.5    78.58376735658464
32    78.55408919983178
32.5    78.52425429004124
33    78.494336336294
33.5    78.46433651274705
34    78.43421546046702
34.5    78.40395442227504
35    78.37358119885714
35.5    78.34313663086112
36    78.31263667896317
36.5    78.28208286342013
37    78.25149368153293
37.5    78.2208998509158
38    78.19029627134987
38.6    78.15347274294817
39.2    78.11643358735817
39.8    78.0791243874545
40.4    78.04146061523379
41    78.00323019218641
41.6    77.96418787963276
42.2    77.92429506530495
42.8    77.8838017417653
43.4    77.84307012331865
44    77.80236586331866
44.6    77.76180427261946
45.2    77.72141279327121
45.9    77.67448693049474
46.6    77.62769619290907
47.3    77.58091545109889
48    77.53400725419297
48.7    77.48683941752299
49.4    77.43929250381443
50.1    77.39128907418412
50.8    77.34286012382245
51.5    77.29419409718341
52.2    77.24560604590346
53    77.19063507288608
53.8    77.13672950196278
54.6    77.08418556854001
55.4    77.0330313889906
56.2    76.98308589449454
57    76.93398918029416
57.8    76.88528731263955
58.6    76.8366283340057
59.5    76.7817932633345
60.4    76.72696962169024
61.3    76.67214612971222
62.2    76.61695955507773
63.1    76.56122035855532
64    76.50538841736685
64.9    76.45016709621648
65.8    76.39571327429803
66.8    76.33584342349269
67.8    76.27687769866148
68.8    76.21902694553168
69.8    76.16187507499335
70.8    76.10487771541085
71.8    76.0476560739136
72.8    75.99005075032802
73.9    75.92620479927227
75    75.86180283730255
76.1    75.79667929134862
77.2    75.73058264849656
78.3    75.66328243872098
79.4    75.59466802490459
80.6    75.51838427319339
81.8    75.44084726002936
83    75.36237169135495
84.2    75.2832607534239
85.4    75.20375918182884
86.6    75.1240279948079
87.9    75.03749857127055
89.2    74.95089393311252
90.5    74.86434565304242
91.8    74.77805301841906
93.1    74.69224923237311
94.5    74.60060666223072
95.9    74.50985265814104
97.3    74.41993977494025
98.7    74.33066388967072
100    74.24803844786159
102    74.1207617418433
104    73.99245190964086
106    73.86236377679393
108    73.73021060043024
110    73.59617602763007
112    73.46078301472906
114    73.32453677658324
116    73.187637817694
118    73.04994323370022
120    72.91104811295384
122    72.77046341120732
124    72.62776495442782
126    72.48268240634872
128    72.33502358249712
130    72.18468810903218
132    72.03185119385046
134    71.8769139981109
136    71.72048654398799
138    71.56344184062357
140    71.40697253737359
142    71.25258465805939
144    71.10213369702572
146    70.95790427521084
148    70.82271932101932
150    70.70007678089158
152    70.59418046594845
154    70.50983794849023
156    70.45222875108018
158    70.42639781926964
160    70.43647132054889
162    70.48464768272281
164    70.57021257290089
166    70.68924074239871
168    70.83485878953442
170    70.9980196540281
173    71.25383831356231
176    71.49544315413328
179    71.6995687716362
182    71.85277036368062
185    71.9503038193252
188    71.99386697520967
191    71.98927408971758
194    71.94412673415238
197    71.86635594042079
200    71.76359628658508
203    71.64301168142805
206    71.51111549051824
209    71.37343663353653
212    71.2343438492004
215    71.0969933350986
218    70.96339436764535
221    70.83459010082176
224    70.71086138490708
227    70.59197195711634
230    70.47737241537489
233    70.36636088465147
236    70.25821807693367
239    70.15226971643895
243    70.01334576712877
247    69.875938943357
251    69.73905084458694
255    69.60204167854532
259    69.46469543797747
263    69.3271553149398
267    69.1897740465688
271    69.05290069253417
275    68.91666262569171
279    68.78091084117145
283    68.6453497224596
287    68.50966784867649
291    68.37360910138636
295    68.23704568123296
299    68.10002707362014
303    67.96272974353703
307    67.82539785026277
312    67.65411804030641
317    67.4838120917559
322    67.31498476074856
327    67.14794575737446
332    66.98278479695483
337    66.8194420114237
342    66.65790020290262
347    66.49828551996856
352    66.34081977168447
357    66.18584790685074
362    66.03399881940439
367    65.88635105204065
372    65.74452037107562
377    65.61063080215874
383    65.46395548461899
389    65.3367552967149
395    65.23292186533126
401    65.15540675880885
407    65.10543583444111
413    65.08246759616578
419    65.08418064594261
425    65.10680074539574
431    65.14563911887055
437    65.19546355141327
443    65.25085659272341
449    65.3065651189242
456    65.36570208662947
463    65.412771328654
470    65.44349265689138
477    65.4556545572324
484    65.44897278548886
491    65.42477287608386
498    65.3855005215045
505    65.33405453424857
512    65.27348456838686
519    65.20689296804949
527    65.12733327276915
535    65.04814524983976
543    64.97303350717166
551    64.90500037087966
559    64.84610853833424
567    64.79734019719443
575    64.75857496664085
583    64.72891996206496
592    64.7047918554661
601    64.68829621048597
610    64.67697338312584
619    64.66824388460984
628    64.65967937145342
637    64.6491962091803
646    64.6352998944001
655    64.61709162025764
665    64.59131312240086
675    64.55973934243852
685    64.52301882747409
695    64.48221697885165
705    64.43844610951196
715    64.39277355742665
725    64.346295148488
736    64.2955002191949
747    64.24618048960352
758    64.19901344261413
769    64.15407352903048
780    64.11102395680756
791    64.0694595611155
803    64.0255606149882
815    63.983186693347236
827    63.94256715905159
839    63.904190534866046
851    63.868646428417186
863    63.836503266658376
876    63.806240057256375
889    63.78138339297661
902    63.76260513493977
915    63.750538605843566
928    63.74555805515641
942    63.74829918510159
956    63.759371056310414
970    63.778132328821
984    63.80349412644338
998    63.834212587438394
1010    63.86391457500887
1020    63.89055532741423
1030    63.91860391793603
1050    63.97799564344285
1070    64.04053472703151
1090    64.10577667508346
1110    64.17405247413487
1130    64.24567671794851
1150    64.32122097484395
1170    64.40120463407526
1190    64.48520870804103
1210    64.5721914810847
1230    64.66110879242429
1250    64.75096797889904
1270    64.8410731933549
1290    64.93138202969536
1310    65.02194401694759
1330    65.11273029863568
1350    65.20365822172053
1370    65.29469454422275
1390    65.38602076908688
1410    65.47799200969595
1430    65.57094047187019
1450    65.66504031170652
1470    65.76028094741422
1490    65.85685759038569
1510    65.95521361061881
1530    66.05593937611275
1550    66.15974414021842
1570    66.26724586773678
1590    66.3785144596493
1610    66.49353454089848
1630    66.612395294133
1650    66.73507995826805
1670    66.86122342921783
1690    66.99027487371298
1710    67.1220903210307
1730    67.2569976186971
1760    67.46610300062247
1790    67.68396350342383
1820    67.91092522187331
1850    68.14734671096689
1880    68.39376002172537
1910    68.65033054031335
1940    68.91715834626365
1970    69.19430576720242
2000    69.48132503897543
2030    69.77697336386264
2060    70.07890654358576
2090    70.38359090302536
2120    70.68641540208681
2150    70.98180931441837
2180    71.26372207545884
2210    71.5257241665911
2240    71.7626660696393
2270    71.96833208451517
2300    72.1379047265184
2330    72.26849935683232
2360    72.35898535227868
2390    72.41047540280081
2420    72.42650520801979
2460    72.39781448751609
2500    72.31923801948139
2540    72.19838207705286
2580    72.0452065914136
2620    71.86972065376045
2660    71.68089510799254
2700    71.48720840158016
2740    71.2959945083578
2780    71.11340943100643
2820    70.94433884052857
2860    70.79244979473532
2900    70.66273757007757
2940    70.5618381766937
2980    70.49406929198386
3020    70.46156705826183
3060    70.46709327764484
3100    70.51257001217554
3150    70.62486088252334
3200    70.792349636999
3250    70.99266399160366
3300    71.19164496712645
3350    71.36097161711459
3400    71.48609724585086
3450    71.56522052658727
3500    71.60649811773501
3550    71.62228435609518
3600    71.62543848912122
3650    71.63126391568184
3700    71.6559577919935
3750    71.71045032892562
3800    71.8005417354588
3860    71.95765098628533
3920    72.17013453130254
3980    72.42866753279158
4040    72.73034840811992
4100    73.0678291204215
4160    73.43380469749685
4220    73.82632499919004
4280    74.2430737687765
4340    74.68039810938495
4400    75.13252468723479
4460    75.59197448375565
4520    76.04939954305314
4590    76.5652056756406
4660    77.04395598405154
4730    77.4636978129718
4800    77.8069883684482
4870    78.05906831594899
4940    78.20379763612083
5010    78.24377270881072
5080    78.19485783526552
5150    78.06640094702688
5220    77.87678499783948
5300    77.61361067595124
5380    77.3281352069531
5460    77.04119368995171
5540    76.76590879219572
5620    76.50880422861596
5700    76.27377205030966
5780    76.06722045290331
5860    75.8888472516343
5950    75.72028034070445
6040    75.5872036432013
6130    75.49532704372355
6220    75.4511829987344
6310    75.45864550031288
6400    75.51455602987596
6490    75.62172074865862
6580    75.7766081686626
6680    75.99749039723201
6780    76.2665722009393
6880    76.58130106441823
6980    76.94032220567651
7080    77.34083547126394
7180    77.77161182462864
7280    78.21344457909281
7390    78.68420449146558
7500    79.10776791591778
7610    79.45625499238466
7720    79.7221429961975
7830    79.91514597739902
7940    80.0464700099955
8060    80.13145890561397
8180    80.16973216710699
8300    80.1652693338307
8420    80.10054681148515
8540    79.92932059082028
8660    79.59037113433286
8790    78.96680670820137
8920    78.02506727225543
9050    76.83333146569154
9180    75.43303299200926
9310    73.91288111097656
9450    72.21763008304663
9590    70.50127479839699
9730    68.78516040190755
9870    67.09011764934601
10010    65.44151948406898
10160    63.75200133342227
10310    62.17990069173463
10460    60.78151231307555
10610    59.61537270424549
10760    58.763617816715424
10920    58.18057716039434
11080    57.834242604481986
11240    57.649905802608586
11400    57.56900796485265
11570    57.601423753801676
11740    57.736463723478266
11910    58.04456287798402
12080    58.465257337187126
12260    59.15743038441605
12440    60.07479425456154
12620    61.30374798664933
12800    62.83716034825571
12990    64.79260219709641
13180    66.71610737150031
13370    67.96795290136151
13560    68.14374514672639
13760    67.41502481945489
13960    66.459817755342
14160    65.88111393728593
14370    65.62003213263847
14580    65.74738704980015
14790    65.8868896894342
15010    65.71777855802074
15230    65.05570056044598
15450    63.943862992685254
15670    62.510825356466995
15900    60.47236245445465
16130    57.455847619173674
16360    53.291810892641976
16600    48.308601017213434
16840    43.38590060201564
17080    38.6863587620949
17330    34.32444435892381
17580    30.552121758299023
17840    27.006653244505088
18100    23.436851295025292
18360    19.52675323220853
18630    15.78598101093333
18900    13.903735620635471
19170    13.09244334136751
19450    14.25842538784632
19730    18.528504024353403
20000    19.05604939376086
