20    69.44848552170872
20.3    69.50286555136125
20.6    69.55643845011346
20.9    69.60916300244304
21.2    69.66090276008511
21.5    69.71141325812386
21.8    69.76038246143753
22.1    69.80749892309171
22.4    69.85253529105877
22.7    69.89539486016862
23    69.93613196906499
23.3    69.97492837937725
23.6    70.01203380320905
23.9    70.0476957509793
24.2    70.08210838698517
24.6    70.12624421691399
25    70.16848756555504
25.4    70.2088591713013
25.8    70.24733668187444
26.2    70.28389145682797
26.6    70.31852060949518
27    70.35126491443458
27.4    70.38222804208475
27.8    70.41158009713625
28.2    70.4395215568002
28.6    70.46622874021944
29    70.4918078462818
29.4    70.51628155002332
29.8    70.5396152436422
30.2    70.56175724722695
30.6    70.58266715267064
31    70.60232449939122
31.5    70.62513353230497
32    70.64602599967871
32.5    70.6651275999019
33    70.6826390049624
33.5    70.69876940768285
34    70.71364585216634
34.5    70.72727290464547
35    70.7395671850399
35.5    70.75044428258076
36    70.75989257832808
36.5    70.76799479426825
37    70.77489752769245
37.5    70.78076497590669
38    70.78573793956208
38.6    70.79064044858085
39.2    70.79444783859735
39.8    70.79724420563349
40.4    70.79917289815138
41    70.80040596141424
41.6    70.80107072346019
42.2    70.80124296272672
42.8    70.80098588913853
43.4    70.80034537340359
44    70.79930110521406
44.6    70.7977389958681
45.2    70.79548565266214
45.9    70.79174367958518
46.6    70.78656072952738
47.3    70.77972933434418
48    70.7711232275228
48.7    70.76073448900704
49.4    70.74868653203356
50.1    70.73516995493009
50.8    70.7203263946997
51.5    70.70422536768656
52.2    70.68694526804902
53    70.66592707076154
53.8    70.64380733012266
54.6    70.62098072852234
55.4    70.59797494537568
56.2    70.57518608125812
57    70.55268483685063
57.8    70.53031125816916
58.6    70.50784031352107
59.5    70.48217253483278
60.4    70.45585855097607
61.3    70.42869211625234
62.2    70.40046059521563
63.1    70.37097395923593
64    70.3401086589511
64.9    70.30782455500105
65.8    70.27418565978189
66.8    70.23537080515584
67.8    70.19521940440472
68.8    70.15393225801418
69.8    70.1117437474218
70.8    70.06891976941537
71.8    70.025734867559
72.8    69.98244343317313
73.9    69.93497229453162
75    69.88787857917961
76.1    69.84117753933285
77.2    69.79472508987809
78.3    69.74836405151886
79.4    69.70188203380687
80.6    69.65063549973348
81.8    69.59828148873191
83    69.54433853471619
84.2    69.48853541094309
85.4    69.430813154812
86.6    69.37131553700317
87.9    69.3051892864345
89.2    69.23767585245542
90.5    69.16906522969299
91.8    69.09966133858632
93.1    69.02979693134053
94.5    68.95447907600779
95.9    68.87959400906193
97.3    68.8056921645933
98.7    68.73337860418802
100    68.66806142428722
102    68.57150031540496
104    68.48008810364553
106    68.39394570006334
108    68.31229750788356
110    68.233458721494
112    68.15539885398175
114    68.07619679191268
116    67.99437703490045
118    67.90922331519567
120    67.82049513938469
122    67.7282444940152
124    67.63312765664604
126    67.53677319884093
128    67.44222880134254
130    67.35418281139503
132    67.27831347509652
134    67.2212859463742
136    67.18939918370022
138    67.18588132436486
140    67.21092343012134
142    67.2631609037872
144    67.34070278320644
146    67.4412774274281
148    67.561761828458
150    67.69784070279768
152    67.84403312325217
154    67.99415779692652
156    68.14182242308388
158    68.28058683344933
160    68.40405349988657
162    68.50628036521111
164    68.58267431292816
166    68.63072845274817
168    68.6502467034298
170    68.64312361251129
173    68.59041039467066
176    68.50049244385937
179    68.38757394400847
182    68.26324879872313
185    68.13581420374493
188    68.01036580187562
191    67.88924936556602
194    67.77291167023557
197    67.66089607718298
200    67.5525514764145
203    67.44744822603964
206    67.34554820024675
209    67.2471993736819
212    67.15288909598628
215    67.06305658831036
218    66.97800024457558
221    66.89780158773773
224    66.8222212242409
227    66.75073337118398
230    66.68256343149207
233    66.6168282744267
236    66.55272586643622
239    66.48966897113789
243    66.40672942173742
247    66.32500876128859
251    66.24468793928338
255    66.1659494147431
259    66.08880684708478
263    66.01305160172274
267    65.93831209536968
271    65.8640861386598
275    65.78979603430689
279    65.71486290901612
283    65.63886432005071
287    65.5616069784169
291    65.48306116175243
295    65.4033128639482
299    65.32255134784202
303    65.2410167463998
307    65.15895046744076
312    65.05593200086037
317    64.95275055379584
322    64.8496338564467
327    64.74669432729723
332    64.64400585980317
337    64.54163314272375
342    64.43957977017129
347    64.33774288971506
352    64.2359512488822
357    64.13407053602896
362    64.03216933814544
367    63.93069884496001
372    63.83069305980061
377    63.733996906411605
383    63.62630343102442
389    63.53363568342913
395    63.462988833668895
401    63.42132801314219
407    63.41415314464996
413    63.444399524793354
419    63.511444365101056
425    63.61066906620777
431    63.733719254260535
437    63.869479611712066
443    64.00588788339964
449    64.13192915333235
456    64.25496591394312
463    64.34585187881584
470    64.4050398619514
477    64.43948743293043
484    64.45995112355627
491    64.47740465375577
498    64.49970591352833
505    64.53002162083419
512    64.56728376135639
519    64.60815514718368
527    64.65477164202713
535    64.69789912382248
543    64.7361570607817
551    64.7698140830241
559    64.80003478566881
567    64.82841963523354
575    64.85673747433022
583    64.88645408138963
592    64.9224503538837
601    64.96067658076058
610    64.99883051441296
619    65.03316459037377
628    65.05968104627597
637    65.07542797868699
646    65.0792503181603
655    65.07182727656782
665    65.05297866708872
675    65.02687049383648
685    64.9977894031872
695    64.96957675356705
705    64.94513593618905
715    64.92622691227751
725    64.91349605616355
736    64.9063232454852
747    64.9053365040489
758    64.90936213445224
769    64.91726157436213
780    64.92801664675109
791    64.94074334313969
803    64.95604091804147
815    64.97228231478374
827    64.98939892958546
839    65.00766164655117
851    65.0275427513667
863    65.04963041845517
876    65.0767172117103
889    65.10757245194799
902    65.1425218728895
915    65.18184455127121
928    65.22560609032864
942    65.27750094399248
956    65.33386001456908
970    65.39397907542906
984    65.45697739948905
998    65.52196013097142
1010    65.57858411423186
1020    65.6260635756392
1030    65.6736222819078
1050    65.7687381175904
1070    65.86395695878254
1090    65.9599766942913
1110    66.05715961358878
1130    66.15539026629888
1150    66.25442811103898
1170    66.35408797536311
1190    66.45432314763555
1210    66.55541832253621
1230    66.65791935851641
1250    66.76238011916602
1270    66.86917877132655
1290    66.97811032102184
1310    67.08874597951082
1330    67.20095609255395
1350    67.31479106846083
1370    67.43036689658112
1390    67.5478197362713
1410    67.66695452615663
1430    67.78742726173468
1450    67.9091482009519
1470    68.03217037705178
1490    68.15672351489013
1510    68.28313390155995
1530    68.41180990504466
1550    68.54321530425824
1570    68.67776590508946
1590    68.81579723460176
1610    68.95780402286982
1630    69.10437629651295
1650    69.2558669692186
1670    69.41209706510074
1690    69.57251169200873
1710    69.73673840895879
1730    69.90461817657621
1760    70.16290238534766
1790    70.42810073791154
1820    70.69909521143299
1850    70.9739840062152
1880    71.25004626736302
1910    71.52392443640491
1940    71.79159168619269
1970    72.04842475224098
2000    72.28886787988309
2030    72.50640687156186
2060    72.69437197939138
2090    72.84624492854562
2120    72.95655247679673
2150    73.02271586944971
2180    73.04484667251361
2210    73.02213496131711
2240    72.95728986024716
2270    72.85259935863036
2300    72.71280789871567
2330    72.54437655820101
2360    72.35411369212395
2390    72.14815140265574
2420    71.93177892474652
2460    71.63379049769998
2500    71.33210251170877
2540    71.03390832053337
2580    70.74540651466253
2620    70.47127556474268
2660    70.21432331072191
2700    69.97519735640864
2740    69.75560238694814
2780    69.557338882366
2820    69.38244954668906
2860    69.23277434032576
2900    69.11136505511999
2940    69.02044270849231
2980    68.95806384501257
3020    68.92308049048208
3060    68.91631239146065
3100    68.93766950840254
3150    69.00077415422513
3200    69.09816732374055
3250    69.21690114664514
3300    69.34032927372587
3350    69.45159157249775
3400    69.536705249036
3450    69.58984193686311
3500    69.61596183306024
3550    69.62594611679339
3600    69.6320917302607
3650    69.64608887659023
3700    69.67786957930247
3750    69.7335302037926
3800    69.81523379160856
3860    69.94659714791544
3920    70.11583476512055
3980    70.31906423954695
4040    70.55759730932002
4100    70.82965204106512
4160    71.1320270692485
4220    71.46139886178345
4280    71.81379624158069
4340    72.186078093834
4400    72.57356119164564
4460    72.97046299690658
4520    73.37120170363366
4590    73.83565923445587
4660    74.28877853367297
4730    74.72370075045663
4800    75.13579621540345
4870    75.51941137318667
4940    75.86797903863427
5010    76.18058537029445
5080    76.45815589219646
5150    76.69512116834302
5220    76.88654416666122
5300    77.04803001508193
5380    77.15581777786826
5460    77.22793137013909
5540    77.28310095613767
5620    77.33295222047482
5700    77.38257719728796
5780    77.43289753178466
5860    77.48363194613654
5950    77.5406910286743
6040    77.59708850418926
6130    77.65296604378139
6220    77.70936061886249
6310    77.76581857346767
6400    77.82229281924066
6490    77.87653851050229
6580    77.91905789533502
6680    77.93401845432712
6780    77.89149604265258
6880    77.76531246177586
6980    77.53686831883506
7080    77.20252554002454
7180    76.76245438300538
7280    76.227081301581
7390    75.57094643796421
7500    74.88609550681545
7610    74.19725670501504
7720    73.5324926524803
7830    72.91282222395661
7940    72.35167298482418
8060    71.82059407241971
8180    71.3813613757568
8300    71.03568129282496
8420    70.79065413434247
8540    70.65524366122276
8660    70.62682305338922
8790    70.69911869778637
8920    70.84782669109455
9050    71.05255056462681
9180    71.35369890489771
9310    71.74815280805115
9450    72.16676986032056
9590    72.39791519189941
9730    72.28746913977898
9870    71.79861711934058
10010    70.9932180786641
10160    69.9280900668058
10310    68.80983820128742
10460    67.75515512744155
10610    66.83651585039334
10760    66.1051976950651
10920    65.52721941511484
11080    65.1644646902082
11240    65.04509665330595
11400    65.15556818612674
11570    65.58449602518257
11740    66.1041913376693
11910    66.19112548944602
12080    65.95118779807078
12260    65.48608940285291
12440    64.91970269378642
12620    63.873095365151435
12800    62.517846398266954
12990    61.04300786981521
13180    59.624605568000476
13370    58.49438570851444
13560    57.636014784492836
13760    57.02014302279409
13960    56.7211717591027
14160    56.75985281505409
14370    57.03006896277603
14580    57.66993854010632
14790    58.63961158775943
15010    60.03610537698883
15230    61.649267363467956
15450    62.94895562934427
15670    63.4138523241174
15900    62.68679700524834
16130    60.64775579170123
16360    57.74424138724947
16600    54.450510917924944
16840    51.17063026919928
17080    47.96068179853253
17330    44.86058908586239
17580    42.02489206758669
17840    39.37849714060895
18100    36.988374015221495
18360    34.80158233266221
18630    32.806875647947294
18900    31.02503098022475
19170    28.879920259219986
19450    25.8063053039755
19730    25.03938630984902
20000    25.052805746928023
