20    70.38401481228397
20.3    70.41045172826377
20.6    70.43632333106616
20.9    70.46140845738213
21.2    70.48547301630089
21.5    70.50832308092765
21.8    70.52982568239216
22.1    70.54989672423929
22.4    70.56848602120661
22.7    70.58556997256967
23    70.60115538888925
23.3    70.61530066652358
23.6    70.62813449268421
23.9    70.63985691351664
24.2    70.6507129265152
24.6    70.6642539815308
25    70.6771275213552
25.4    70.68955067394674
25.8    70.70150076797395
26.2    70.71278349406865
26.6    70.72314146308918
27    70.73233942810751
27.4    70.74021109505308
27.8    70.74667065342203
28.2    70.75169910509409
28.6    70.75532689981026
29    70.75761198956914
29.4    70.7586238748575
29.8    70.75843854551985
30.2    70.75714123189485
30.6    70.75482825106539
31    70.75160106814567
31.5    70.74642959991752
32    70.74015054957601
32.5    70.73289472984476
33    70.72475067257508
33.5    70.71577512824811
34    70.706007997151
34.5    70.69547943736814
35    70.68421563571664
35.5    70.67224362397685
36    70.65958739013081
36.5    70.64623569630868
37    70.63209426732179
37.5    70.61697977718522
38    70.60069070934199
38.6    70.57944455528452
39.2    70.55640015245115
39.8    70.53173830169587
40.4    70.50558758812585
41    70.47799126935348
41.6    70.44900425448189
42.2    70.41875273140512
42.8    70.3874152924356
43.4    70.35521052850632
44    70.32242928504903
44.6    70.28945703339124
45.2    70.25674685946605
45.9    70.21948304537935
46.6    70.18358750033744
47.3    70.14904828095621
48    70.11541606076928
48.7    70.08208635577634
49.4    70.04868205375163
50.1    70.01522482060408
50.8    69.98197588989376
51.5    69.94918937186631
52.2    69.91708347691477
53    69.88173800184974
53.8    69.84881157453037
54.6    69.81939955793752
55.4    69.79431960231717
56.2    69.77424548393118
57    69.75951636712585
57.8    69.74939421468451
58.6    69.74206544238459
59.5    69.73468433172883
60.4    69.72607604373593
61.3    69.71466391868212
62.2    69.6994462837203
63.1    69.67978795936662
64    69.65526505296658
64.9    69.62562516355615
65.8    69.59077921356291
66.8    69.54608054054856
67.8    69.49534454621777
68.8    69.43867551975389
69.8    69.3759109819998
70.8    69.30732956345199
71.8    69.2347120675015
72.8    69.16075991329386
73.9    69.08039127643654
75    69.00261126961888
76.1    68.92831776231841
77.2    68.8579483440788
78.3    68.79174258308825
79.4    68.72975381739148
80.6    68.66675263392312
81.8    68.60840079708385
83    68.55473365603893
84.2    68.50580227025566
85.4    68.46157339765706
86.6    68.4220061587632
87.9    68.38424498430248
89.2    68.35127127406237
90.5    68.32216276879345
91.8    68.29580472611781
93.1    68.27107706914595
94.5    68.24495864564153
95.9    68.21787353932218
97.3    68.18806217609226
98.7    68.15335182442485
100    68.11469064296584
102    68.03993083353913
104    67.94538469910864
106    67.83361551682769
108    67.71129776854872
110    67.58577569476941
112    67.46370099621288
114    67.3513556460807
116    67.2540399531608
118    67.17477742587997
120    67.11320874103066
122    67.06592431711154
124    67.0276589102433
126    66.99318730952263
128    66.95915933725841
130    66.92522640531166
132    66.89368311063548
134    66.86822704176113
136    66.85279947362767
138    66.85081467519166
140    66.86446147909481
142    66.89423183395009
144    66.93854339170542
146    66.99376890208251
148    67.05478458097107
150    67.11573955463118
152    67.17089018931921
154    67.21543584302596
156    67.24616237325488
158    67.26163103822978
160    67.26190923664343
162    67.24811971851268
164    67.22194562766974
166    67.18528215191682
168    67.13999617619228
170    67.08776084898447
173    66.99932191334244
176    66.90195290524008
179    66.79867464166526
182    66.69199548556884
185    66.58373984280979
188    66.47524278832628
191    66.36748474403078
194    66.26097791522349
197    66.15587781075641
200    66.05225090842188
203    65.95020964415896
206    65.84983673534674
209    65.75118926412728
212    65.65437019768822
215    65.55947229087023
218    65.46653964534528
221    65.37559510745263
224    65.28662141240548
227    65.19955435646807
230    65.11432654688865
233    65.03085379877396
236    64.94897281470693
239    64.86844685091239
243    64.76285235924544
247    64.65905950023821
251    64.55712580917088
255    64.45729746011801
259    64.35983760862277
263    64.26490210829952
267    64.17242117042113
271    64.0820479177582
275    63.99314923127275
279    63.90488493371751
283    63.81642821862237
287    63.72713739178317
291    63.63664292787523
295    63.54488461097487
299    63.45204216493022
303    63.358411680369144
307    63.26434691477808
312    63.14673371069596
317    63.02974851734221
322    62.91410998947596
327    62.800390974649325
332    62.68868589726773
337    62.578577569853806
342    62.46939294222048
347    62.360380162204606
352    62.2508632930771
357    62.14030921668632
362    62.028468251744215
367    61.91547986348812
372    61.8018611508161
377    61.688510226630925
383    61.55471253460762
389    61.426057082674205
395    61.30553334020932
401    61.195933521390174
407    61.09995874803509
413    61.02032911454634
419    60.959426813555254
425    60.9185512473894
431    60.89766797914103
437    60.895664177908564
443    60.910599018739184
449    60.93977107484333
456    60.987151221202055
463    61.04299748853342
470    61.10156018995613
477    61.157970830898975
484    61.208243621715184
491    61.24958371871699
498    61.28055812585824
505    61.30115090956416
512    61.31275220353393
519    61.31791530309435
527    61.32003470591493
535    61.32268244706607
543    61.329807195542855
551    61.34403085850779
559    61.366535143208864
567    61.39722445654094
575    61.43482516744173
583    61.47725231842862
592    61.52772511643622
601    61.577976849720756
610    61.625557155993874
619    61.66900973878808
628    61.70790517367583
637    61.74255660157068
646    61.77352957326875
655    61.80131220652833
665    61.828878342620854
675    61.85348808045414
685    61.876117873864516
695    61.89874105475542
705    61.92439378694503
715    61.95603133143847
725    61.995108963222656
736    62.04610346166813
747    62.10320045897649
758    62.163619670168416
769    62.225158576442205
780    62.286607430688335
791    62.34782172543237
803    62.41500116117821
815    62.48343758782167
827    62.553584453350325
839    62.62536174642227
851    62.69837878479065
863    62.77219232497044
876    62.852856096454396
889    62.93459304447197
902    63.0180694014646
915    63.10394363083179
928    63.19247231398537
942    63.290635959773034
956    63.39126774559781
970    63.493853760985246
984    63.59807603319629
998    63.70370495601135
1010    63.795101653886604
1020    63.8716575071807
1030    63.94839433950603
1050    64.10184115847771
1070    64.25442568710274
1090    64.40522315502454
1110    64.55383465351798
1130    64.7004309783241
1150    64.84513673992392
1170    64.98804338898402
1190    65.12931334426443
1210    65.26961021061412
1230    65.40954238820916
1250    65.54945120334625
1270    65.6892982907579
1290    65.82856582302963
1310    65.96669641892343
1330    66.10352006537109
1350    66.23935560345126
1370    66.37485772983975
1390    66.51058338632171
1410    66.64657899810106
1430    66.78237084896827
1450    66.91739703459373
1470    67.05142838330032
1490    67.18455103170953
1510    67.3172649085549
1530    67.4505082091872
1550    67.58486324844448
1570    67.72009177571036
1590    67.85583282723891
1610    67.99191150983418
1630    68.12843294333507
1650    68.26565940894784
1670    68.40394243097242
1690    68.5438136484389
1710    68.68567142927034
1730    68.82943119904098
1760    69.0482593040843
1790    69.27057052502684
1820    69.49568131575793
1850    69.72304813557724
1880    69.95245078963852
1910    70.18361273817986
1940    70.41625916767663
1970    70.65007260093853
2000    70.88451656065564
2030    71.11912467096487
2060    71.3538924763071
2090    71.58858256567434
2120    71.82235559922927
2150    72.05414049826021
2180    72.28270314698206
2210    72.50654556603288
2240    72.72440298659583
2270    72.93518479551612
2300    73.13782979103195
2330    73.33147930437505
2360    73.51519406102052
2390    73.68773031998288
2420    73.84784414502022
2460    74.04080074276382
2500    74.20987345283245
2540    74.35352248622885
2580    74.47004949298787
2620    74.55919273766713
2660    74.62157890713813
2700    74.65817593708978
2740    74.67030237421363
2780    74.65964906874643
2820    74.62834778132287
2860    74.57904138439989
2900    74.51455851867232
2940    74.43754182814763
2980    74.35042739843827
3020    74.25567551596156
3060    74.1560503983659
3100    74.05430151698931
3150    73.92732612876108
3200    73.80331830215923
3250    73.68459823493413
3300    73.57314308560932
3350    73.47069674467713
3400    73.37875497417468
3450    73.29895299966392
3500    73.23288915984091
3550    73.18120476526973
3600    73.14383243379382
3650    73.1213701575138
3700    73.11513416566368
3750    73.1258054449979
3800    73.15289006077947
3860    73.20516537697321
3920    73.27704180938684
3980    73.36960740879462
4040    73.48474120204574
4100    73.62187805025192
4160    73.78031218065681
4220    73.95005551766008
4280    74.11108499638632
4340    74.24643903641785
4400    74.34713551255533
4460    74.40869962153589
4520    74.42807087320278
4590    74.3933258144283
4660    74.2923646295348
4730    74.1214454443317
4800    73.88056653606012
4870    73.57777315454027
4940    73.22821871525122
5010    72.84703472606816
5080    72.44619894603122
5150    72.03531310975684
5220    71.62186722820293
5300    71.15291969682306
5380    70.6929989481854
5460    70.24740458733064
5540    69.82128360003802
5620    69.4184596437621
5700    69.04189205920252
5780    68.69439102051206
5860    68.37887503528856
5950    68.06532409522207
6040    67.79727628674664
6130    67.57642800382669
6220    67.4057881537726
6310    67.28710234979681
6400    67.21963384645682
6490    67.2017760017599
6580    67.23289720206836
6680    67.32444841142461
6780    67.47173785144048
6880    67.66885589979165
6980    67.91047446997682
7080    68.19210322456667
7180    68.50780060283742
7280    68.84703380467582
7390    69.23003057224417
7500    69.60162598409738
7610    69.93274299976117
7720    70.18792040113229
7830    70.33799255375845
7940    70.36393382105041
8060    70.23350181022904
8180    69.92578837898499
8300    69.44152960891125
8420    68.80384053659063
8540    68.05889101764248
8660    67.25820595164735
8790    66.37760253245784
8920    65.52525658251807
9050    64.73212751093136
9180    64.01368540644111
9310    63.37777923710259
9450    62.790674833678025
9590    62.3051555831947
9730    61.9193632721926
9870    61.63241423137294
10010    61.44614489348557
10160    61.360569246947705
10310    61.39481252687666
10460    61.55823519053091
10610    61.87478704182634
10760    62.35257874564793
10920    63.01498080188355
11080    63.807192739845036
11240    64.67880606627077
11400    65.5484138197332
11570    66.37599577599825
11740    67.00712568470249
11910    67.40084650798107
12080    67.61085792832051
12260    67.68744388170259
12440    67.554917669399
12620    67.09445810399076
12800    66.31436825801576
12990    65.34841460581666
13180    64.48371785801228
13370    63.86397995702697
13560    63.541471508501246
13760    63.539520844696206
13960    63.88330693222755
14160    64.56324217204642
14370    65.58456347865733
14580    66.72109604850834
14790    67.55602698691071
15010    67.56153431110927
15230    66.430580256487
15450    64.52173711328882
15670    62.474997506582866
15900    60.62638229574034
16130    59.19742118597732
16360    58.30514790030856
16600    57.94544148477815
16840    57.91418721520115
17080    58.18476933334165
17330    58.915343648782894
17580    60.040533123414775
17840    61.30804291701655
18100    62.035305821554076
18360    61.643041158685335
18630    60.159463738826844
18900    58.36695915039658
19170    56.926583601634604
19450    55.8817180203812
19730    54.97512185875141
20000    54.36899654418605
