20    70.43216916982672
20.3    70.40931789390262
20.6    70.38669245786815
20.9    70.36415450834681
21.2    70.34158183424418
21.5    70.31889461476169
21.8    70.29606273013209
22.1    70.2731057012377
22.4    70.2500842358678
22.7    70.22708830475511
23    70.20421598814619
23.3    70.18153967765653
23.6    70.1590744431716
23.9    70.13675976478767
24.2    70.11446235943475
24.6    70.08444579809708
25    70.05370983547583
25.4    70.02194424704263
25.8    69.9890026093243
26.2    69.95488336527781
26.6    69.91968599991122
27    69.88356551435746
27.4    69.84670186354205
27.8    69.80928476896716
28.2    69.77150419689657
28.6    69.73353207800066
29    69.6955123439793
29.4    69.65755672746525
29.8    69.61974784900545
30.2    69.58214426203887
30.6    69.54477864721657
31    69.50765722049707
31.5    69.46158781776776
32    69.41589741131408
32.5    69.37067911941243
33    69.32615278058611
33.5    69.28266355676136
34    69.24062453455946
34.5    69.20041989356895
35    69.1622950405031
35.5    69.12626534348152
36    69.09207504587991
36.5    69.05922204920466
37    69.02704748786473
37.5    68.99487575358486
38    68.9621482225661
38.6    68.92164038271883
39.2    68.87953903151765
39.8    68.83586293832403
40.4    68.79082174680096
41    68.7447341434384
41.6    68.69798246977555
42.2    68.65097855290674
42.8    68.60413295313535
43.4    68.55782317735117
44    68.51237406540929
44.6    68.46804594439084
45.2    68.42501185971034
45.9    68.37649329856923
46.6    68.3296302591917
47.3    68.28406415408352
48    68.23927844661115
48.7    68.19465631170182
49.4    68.14967322415687
50.1    68.10408887463797
50.8    68.0578934522938
51.5    68.01113338937975
52.2    67.96390630312621
53    67.9096800789651
53.8    67.85569183255933
54.6    67.8024433863722
55.4    67.75029896784932
56.2    67.69927620092612
57    67.64899355584343
57.8    67.59896825126526
58.6    67.5487874127743
59.5    67.49161041765059
60.4    67.4331214405077
61.3    67.37305471056435
62.2    67.3114770130437
63.1    67.24872278091433
64    67.18531482123925
64.9    67.12187239436676
65.8    67.05903031638209
66.8    66.99057763290052
67.8    66.92408176562327
68.8    66.8597901737939
69.8    66.79760741446495
70.8    66.73712450867328
71.8    66.6777396586745
72.8    66.61882510308995
73.9    66.55396378205349
75    66.48867758967725
76.1    66.42290657199241
77.2    66.35681929312825
78.3    66.29069464460875
79.4    66.22480248011854
80.6    66.15336599321472
81.8    66.08242013235413
83    66.01180790875729
84.2    65.94118688773398
85.4    65.87013309997604
86.6    65.79827053722703
87.9    65.71923701541911
89.2    65.63892118006171
90.5    65.55749276844
91.8    65.47523695697919
93.1    65.39244170076945
94.5    65.30288508911534
95.9    65.2129470726724
97.3    65.12258803573332
98.7    65.0318807055667
100    64.94761646494763
102    64.81934581625598
104    64.69580884383112
106    64.58154044075245
108    64.48190645737822
110    64.40231985031718
112    64.34704407990907
114    64.31819990533839
116    64.31570641722153
118    64.33779594432835
120    64.38163591574508
122    64.44331840073801
124    64.5182942380691
126    64.59969131527723
128    64.6776492728603
130    64.74139971158863
132    64.7822124248102
134    64.79523623538358
136    64.7797093051721
138    64.73818935605591
140    64.67539272109588
142    64.59708509542428
144    64.50928460106778
146    64.41774771006307
148    64.32762898692829
150    64.24330680118167
152    64.16827845203154
154    64.10510587578156
156    64.0555348546165
158    64.02069220304959
160    64.0011042299929
162    63.99647308260674
164    64.00533702327557
166    64.02497978065404
168    64.05169456038978
170    64.08125502285367
173    64.12194736147828
176    64.14823695427222
179    64.15336079487223
182    64.13618334665733
185    64.10050827643983
188    64.05338514703294
191    64.00291461586181
194    63.956297701773366
197    63.91835751611438
200    63.890626865847736
203    63.87140520859665
206    63.85671481189357
209    63.84178134847106
212    63.822486801688434
215    63.796325301836134
218    63.76267266351864
221    63.72249387190428
224    63.677807604038975
227    63.63119702393065
230    63.585365339828115
233    63.54260769374787
236    63.50446802219808
239    63.47164157637911
243    63.43568442370577
247    63.40627334117259
251    63.37949517770588
255    63.351185962906655
259    63.31791469006012
263    63.27755952617329
267    63.229409887133215
271    63.17396388488358
275    63.11253770357246
279    63.04681210397153
283    62.97844666120553
287    62.90889645145819
291    62.83931195945091
295    62.77047014161875
299    62.702833825159956
303    62.63664932309007
307    62.57202048750662
312    62.4934850159012
317    62.417499585867944
322    62.34406071831136
327    62.27297189489143
332    62.20369646592778
337    62.13530911944938
342    62.06661136471432
347    61.99647104501192
352    61.92413917702818
357    61.849448572122654
362    61.772818182202045
367    61.69512304763197
372    61.617677139650475
377    61.54222194383186
383    61.45731274265985
389    61.382677756358866
395    61.32325224635238
401    61.284036563351826
407    61.26920301870964
413    61.281093428375115
419    61.31936853124581
425    61.38066885544454
431    61.45916109195292
437    61.548054365848785
443    61.640994866748414
449    61.73263283656915
456    61.83266141592209
463    61.92184029536918
470    61.99882079688432
477    62.063804516918175
484    62.117905892519175
491    62.16278458345414
498    62.200433248299035
505    62.23311177737376
512    62.26320790397459
519    62.292943043361774
527    62.32866208311255
535    62.36745193946794
543    62.40899082502109
551    62.45149815716144
559    62.492639972490224
567    62.530768100927254
575    62.56606698641821
583    62.601223658214906
592    62.64705662920858
601    62.708536897460746
610    62.794086646898606
619    62.90721052436511
628    63.0419563657149
637    63.18141716059192
646    63.30369811258335
655    63.39263616309226
665    63.44750469391596
675    63.46380603045993
685    63.45490433483273
695    63.43421520384429
705    63.41244458311535
715    63.39592324472315
725    63.38638210747098
736    63.38276292176218
747    63.3851525654704
758    63.39491470378462
769    63.41560545166169
780    63.449949881200084
791    63.497260561462426
803    63.55926561561147
815    63.62667602982394
827    63.69582503998042
839    63.76548716714593
851    63.83603853914191
863    63.908478892017
876    63.99011248235739
889    64.07573855724723
902    64.16566962864191
915    64.25967146503406
928    64.3569911739313
942    64.46427143300531
956    64.57278253917909
970    64.68123314831249
984    64.78844447064114
998    64.89336781168313
1010    64.98078366544166
1020    65.0515107793517
1030    65.12012697437393
1050    65.25086934923416
1070    65.37354184462916
1090    65.48961596501343
1110    65.60074352934076
1130    65.70806691234489
1150    65.81234411632258
1170    65.91419322111548
1190    66.01407371963988
1210    66.11221651423381
1230    66.20851887309415
1250    66.30218407026067
1270    66.39176505338096
1290    66.47588613863465
1310    66.55356020178644
1330    66.6240320946275
1350    66.68662644122722
1370    66.74083242829968
1390    66.786294574925
1410    66.82281258919481
1430    66.85058953989005
1450    66.87047582838164
1470    66.88373414472113
1490    66.8916666374111
1510    66.8954712443255
1530    66.89624401715585
1550    66.8951147432912
1570    66.89345707515302
1590    66.89284788183126
1610    66.89465889964458
1630    66.89977094574662
1650    66.90876397147116
1670    66.92225299543458
1690    66.94092178720015
1710    66.96546643501638
1730    66.99662384571694
1760    67.05730000483165
1790    67.13611224611628
1820    67.23379783163648
1850    67.3504302168578
1880    67.48591270634492
1910    67.64016282141216
1940    67.8129521625371
1970    68.00390310914611
2000    68.21237707888542
2030    68.43763728389047
2060    68.67877866538241
2090    68.93468349950447
2120    69.20434740385903
2150    69.48667303316765
2180    69.78067239393494
2210    70.085252328097
2240    70.39875881849575
2270    70.71895828611196
2300    71.04362461957001
2330    71.37078814477232
2360    71.69840193898891
2390    72.0240281404129
2420    72.34472841288522
2460    72.75874634739988
2500    73.14946497899571
2540    73.50799296326065
2580    73.8255062094245
2620    74.09394785270298
2660    74.30616969794562
2700    74.4568720652069
2740    74.54415416842318
2780    74.56981235658523
2820    74.53934545701983
2860    74.46043471773709
2900    74.34109805592743
2940    74.18963002886585
2980    74.01486314442025
3020    73.82554878747902
3060    73.62938751971205
3100    73.43276807572681
3150    73.19444454676564
3200    72.97201861194878
3250    72.77137017201619
3300    72.59609856305892
3350    72.44681911432379
3400    72.3220485258842
3450    72.2238014152471
3500    72.1604937086185
3550    72.1385924365575
3600    72.15721532560212
3650    72.21181909395233
3700    72.29768156465778
3750    72.41021057153715
3800    72.54440414992925
3860    72.72511567912204
3920    72.9143657430546
3980    73.09866219569659
4040    73.26687845436277
4100    73.4138239445811
4160    73.54478924987309
4220    73.67611246822116
4280    73.83071137608746
4340    74.03109900721458
4400    74.2911695402082
4460    74.60857091850761
4520    74.9589219450202
4590    75.34201826859378
4660    75.59108075665475
4730    75.59470926293545
4800    75.28498628155216
4870    74.66686933390451
4940    73.81078995150473
5010    72.81629517600982
5080    71.77452595119168
5150    70.75003236857123
5220    69.78107846399936
5300    68.76610311841246
5380    67.8607456540672
5460    67.07131579771318
5540    66.4034622835996
5620    65.86445411801833
5700    65.46409390632225
5780    65.21473427026072
5860    65.13130646457182
5950    65.25319766967665
6040    65.60919702396635
6130    66.18773811524485
6220    66.95284897282161
6310    67.83669302828059
6400    68.7456737259017
6490    69.58034986462904
6580    70.26101203606255
6680    70.79308788174598
6780    71.11202422728738
6880    71.28047744709275
6980    71.34331938927882
7080    71.33163498408999
7180    71.30268541432648
7280    71.30164251001582
7390    71.32905556523066
7500    71.35604039260306
7610    71.35085626377443
7720    71.2875454528716
7830    71.15429514718244
7940    70.9542206941093
8060    70.67683855951063
8180    70.36511589745028
8300    70.04676955412444
8420    69.73662795762314
8540    69.41890369482634
8660    69.03027270275474
8790    68.40704671713797
8920    67.46672157492175
9050    66.24364529290106
9180    64.95315905887117
9310    63.90802295963941
9450    63.315439422586834
9590    63.22509745668771
9730    63.360491607182816
9870    63.48973326087618
10010    63.50986001573179
10160    63.41190747163439
10310    63.27890580250833
10460    63.21261819751034
10610    63.27829693430504
10760    63.51938608894992
10920    64.00520502466995
11080    64.72411993322379
11240    65.59741929832697
11400    66.47431705713129
11570    67.22439717881255
11740    67.66915645876864
11910    67.82993821460411
12080    67.83369086155793
12260    67.82446008552077
12440    67.91921740118093
12620    68.17294830916714
12800    68.58157375187338
12990    69.11935600292207
13180    69.65017862012915
13370    70.04315027716854
13560    70.20042094203029
13760    70.0846807359339
13960    69.77737905510226
14160    69.44292761363266
14370    69.17349743445585
14580    68.94088069550212
14790    68.56636390831882
15010    67.78622334127131
15230    66.36414707841539
15450    64.17897793575062
15670    61.45763983081138
15900    58.506074127479906
16130    55.81656638646601
16360    53.71372420083766
16600    52.249959568674186
16840    51.534608025274466
17080    51.664714063958726
17330    52.21086784720276
17580    52.873160374296106
17840    54.11067800647338
18100    55.62073194782528
18360    56.787641239296605
18630    57.87138088151562
18900    59.059284410417746
19170    59.990144455536814
19450    60.179772383817394
19730    59.63162965342649
20000    59.10068271815897
