20    66.35368247014262
20.3    66.4224514944812
20.6    66.48972375388965
20.9    66.55505771139013
21.2    66.61826396183875
21.5    66.67953794689481
21.8    66.73939275646129
22.1    66.7984384748511
22.4    66.85709615107176
22.7    66.91538509989901
23    66.97286059208432
23.3    67.02869873632412
23.6    67.0819057106082
23.9    67.13157440849017
24.2    67.17711727621003
24.6    67.23130072265101
25    67.27893054518245
25.4    67.32180235863586
25.8    67.3619768560834
26.2    67.40116892568946
26.6    67.44037786117909
27    67.4798754078409
27.4    67.51946066529976
27.8    67.5587542888345
28.2    67.59736676329689
28.6    67.63492962154915
29    67.67111128668333
29.4    67.70571291562506
29.8    67.73880279960733
30.2    67.77075439356852
30.6    67.80209467968581
31    67.83321583533102
31.5    67.87177469458294
32    67.90916365827144
32.5    67.94429147426388
33    67.97650097483933
33.5    68.00588486056071
34    68.03303208618577
34.5    68.05854785469728
35    68.08274443468079
35.5    68.10561404419899
36    68.12695256956475
36.5    68.1465020547771
37    68.16406373010128
37.5    68.17957503426533
38    68.19315004813353
38.6    68.20729976416514
39.2    68.21980632581622
39.8    68.23150827242026
40.4    68.24325590369774
41    68.25579643762283
41.6    68.26964289549393
42.2    68.28496771798538
42.8    68.30157079288739
43.4    68.31894124109064
44    68.33639169340492
44.6    68.35321046279985
45.2    68.36878545167083
45.9    68.38479782451883
46.6    68.3980871979235
47.3    68.40847945836484
48    68.41600711983538
48.7    68.42083407643896
49.4    68.42317410786545
50.1    68.4232589677132
50.8    68.42135177661686
51.5    68.41773445818035
52.2    68.41265538140217
53    68.40530539751944
53.8    68.39653842386704
54.6    68.3865996335568
55.4    68.3757395900304
56.2    68.36419556016713
57    68.3521742471754
57.8    68.33984774476147
58.6    68.3273747723033
59.5    68.31335860034847
60.4    68.29952486817584
61.3    68.28597483265122
62.2    68.27274809731107
63.1    68.25984865435416
64    68.24732477596079
64.9    68.23531098271204
65.8    68.22399133687225
66.8    68.21243388593848
67.8    68.20200936054037
68.8    68.19249723021449
69.8    68.18343889819707
70.8    68.17421190132714
71.8    68.1640798163896
72.8    68.15227947811354
73.9    68.136596969143
75    68.11758101058136
76.1    68.09518664046489
77.2    68.06978597513094
78.3    68.04198525470127
79.4    68.01256634554161
80.6    67.97977625482476
81.8    67.94761636754023
83    67.91738527700575
84.2    67.89003192636255
85.4    67.86604705208725
86.6    67.84550038333259
87.9    67.8266803449786
89.2    67.81045448340933
90.5    67.79548168362315
91.8    67.78030624628954
93.1    67.76363053197656
94.5    67.74298677519039
95.9    67.71912373405016
97.3    67.69218025672195
98.7    67.66270398117585
100    67.63368044841073
102    67.58702900185223
104    67.53892935983698
106    67.4903517064762
108    67.44243928295741
110    67.3954697314935
112    67.34856197203234
114    67.29992724247742
116    67.24685033468867
118    67.18618555068394
120    67.11537812518577
122    67.0330351010009
124    66.93911563228727
126    66.83539505978685
128    66.72589061054552
130    66.61733961191612
132    66.51916666831292
134    66.44220017202761
136    66.39700544146868
138    66.39247929101799
140    66.43416731325581
142    66.52237496510526
144    66.65108574120246
146    66.80839253729809
148    66.97874734281137
150    67.14616928526402
152    67.29699178948655
154    67.42174817132658
156    67.51594640801724
158    67.57974566693113
160    67.61685988589021
162    67.63299576342382
164    67.63464296129767
166    67.62801298115734
168    67.61871137140076
170    67.61153114132995
173    67.61244985368066
176    67.63395522323216
179    67.67911270696936
182    67.74619636019173
185    67.828779163017
188    67.91709944884968
191    68.00081729998826
194    68.07160361732855
197    68.12438592188705
200    68.15734400416233
203    68.17117639114537
206    68.16822817210462
209    68.15165444263816
212    68.12478664112672
215    68.0907697267535
218    68.05233648315266
221    68.01171363523804
224    67.97057968287322
227    67.92993226497717
230    67.89009127749591
233    67.85097743175481
236    67.81236743293806
239    67.77393380633572
243    67.72245169910977
247    67.6703367985092
251    67.61752174052486
255    67.56410097925107
259    67.51026775002816
263    67.45629299433273
267    67.40242992975152
271    67.34889124991378
275    67.29587344676335
279    67.2435250336909
283    67.19199062884974
287    67.14141724574255
291    67.09192047985843
295    67.04362206598381
299    66.99664328908294
303    66.95102177393142
307    66.90666214097483
312    66.85260380317754
317    66.79943235998311
322    66.7464634133707
327    66.69299355239151
332    66.63818054199763
337    66.5811251514867
342    66.52102491278305
347    66.457236938748
352    66.38945977236364
357    66.31793005490297
362    66.2434623521461
367    66.16746317538791
372    66.09193304890383
377    66.01937440159344
383    65.9402333031257
389    65.87455746622054
395    65.82714075928078
401    65.80188755383301
407    65.80121793611842
413    65.82561909341986
419    65.87364747188946
425    65.94235206210433
431    66.02789488192522
437    66.1260390295937
443    66.23233615958682
449    66.3423574019107
456    66.4698787044935
463    66.59065452710692
470    66.69935720731458
477    66.79222780270749
484    66.86730044368386
491    66.92450477464699
498    66.96548926695985
505    66.99321636103608
512    67.0114435176238
519    67.0240242387946
527    67.03595082330898
535    67.04928646372656
543    67.06677151684342
551    67.08948016015634
559    67.11710553178361
567    67.1485415680895
575    67.18228869388307
583    67.21655284357604
592    67.25333772753908
601    67.28589484529164
610    67.31240698685735
619    67.33188955948401
628    67.34407984693846
637    67.34917843497834
646    67.3477368719673
655    67.3407145792113
665    67.32794497235771
675    67.31181777490667
685    67.29413255071103
695    67.27635359931307
705    67.25964009196693
715    67.24486910722607
725    67.23258526336575
736    67.22215718719457
747    67.21468544212138
758    67.20950288422792
769    67.20588720126148
780    67.20324673150836
791    67.20117673198433
803    67.1993160946126
815    67.197814756059
827    67.19686309267479
839    67.1969155001137
851    67.1984074671033
863    67.20144990432738
876    67.2064905735757
889    67.21355897049318
902    67.22310467189752
915    67.235621325115
928    67.2514428848173
942    67.27231094119229
956    67.2970121473953
970    67.3250862645404
984    67.35579351012362
998    67.3883480399049
1010    67.41717043263195
1020    67.44154325383253
1030    67.46606751118405
1050    67.51505873100456
1070    67.56302864158587
1090    67.60878563217042
1110    67.65110069135685
1130    67.68930162527766
1150    67.72331152483619
1170    67.75335468004795
1190    67.77952199496382
1210    67.80201868632454
1230    67.82310263640628
1250    67.8483093787438
1270    67.88352387848775
1290    67.92875624299427
1310    67.9780438928882
1330    68.02905008359821
1350    68.08265764085563
1370    68.13417580470464
1390    68.17532125179576
1410    68.20157562354495
1430    68.2144737955978
1450    68.22046774414031
1470    68.22885884996704
1490    68.24854549716295
1510    68.28406310553436
1530    68.33354894488639
1550    68.39066210408113
1570    68.44879310366167
1590    68.50401377874144
1610    68.55533480018778
1630    68.60339867239037
1650    68.64922804268136
1670    68.6936626180958
1690    68.73731800613187
1710    68.7806894261897
1730    68.82419543430919
1760    68.8903681698296
1790    68.95829113551531
1820    69.02888333854753
1850    69.10321343733423
1880    69.18151712711644
1910    69.26309909666676
1940    69.34719061737599
1970    69.43354068595605
2000    69.52217618367148
2030    69.61294091745975
2060    69.70532311928993
2090    69.79871353022986
2120    69.89274433972307
2150    69.9869390253995
2180    70.08041682057063
2210    70.17232989388884
2240    70.2620140187272
2270    70.34886687021898
2300    70.43211715743357
2330    70.51090319206497
2360    70.58444706541381
2390    70.65207395275729
2420    70.71306646455946
2460    70.78291877414944
2500    70.83887889680737
2540    70.87942624019973
2580    70.90297708539676
2620    70.90858404345684
2660    70.89547769573971
2700    70.86263501079951
2740    70.80970663187296
2780    70.73733219467559
2820    70.64647403090905
2860    70.53806373671901
2900    70.41319557547779
2940    70.2734655697582
2980    70.1208882559429
3020    69.95749053714701
3060    69.78518424221028
3100    69.60576995902908
3150    69.37401364758679
3200    69.1369840389303
3250    68.89834498614334
3300    68.66164099419198
3350    68.42868435988333
3400    68.20072477269052
3450    67.97942495834235
3500    67.76662791666936
3550    67.56472421345092
3600    67.37561406286508
3650    67.20012547486488
3700    67.03797469740283
3750    66.88908882164486
3800    66.75463114510221
3860    66.61400739762573
3920    66.49617979716112
3980    66.40017813771686
4040    66.32385974915822
4100    66.2660867348527
4160    66.22750373402238
4220    66.20867322515763
4280    66.20942302890137
4340    66.22981946614937
4400    66.27028280613865
4460    66.3314868151858
4520    66.41450374662755
4590    66.53981200061739
4660    66.69590337671895
4730    66.88434983342805
4800    67.10593321160394
4870    67.35855437276034
4940    67.63917379338275
5010    67.94541829417801
5080    68.27509607475255
5150    68.6258391457298
5220    68.99550696203823
5300    69.43650211650021
5380    69.8793299994611
5460    70.27829860739446
5540    70.58974257353645
5620    70.87003031663656
5700    71.25729633315228
5780    71.7574680099712
5860    72.23612033328307
5950    72.66526354624312
6040    72.99536605456885
6130    73.2553553128535
6220    73.46398133028342
6310    73.6365940542739
6400    73.78872097249109
6490    73.93569698648432
6580    74.09094993745185
6680    74.28515967678184
6780    74.50898090807384
6880    74.75866951113419
6980    75.01741009639306
7080    75.25760604126123
7180    75.44323202022164
7280    75.53227579639623
7390    75.46747689048865
7500    75.1892127410116
7610    74.68220778134264
7720    73.97445875579396
7830    73.12915725448434
7940    72.21831504724639
8060    71.22034878192342
8180    70.26781539326201
8300    69.38818977345997
8420    68.59640747723682
8540    67.9011934386157
8660    67.30731993212785
8790    66.78106565549227
8920    66.37841924537014
9050    66.10154713707902
9180    65.9520806055116
9310    65.93632775396475
9450    66.08244249416984
9590    66.41300219672604
9730    66.94540285115298
9870    67.69616724181418
10010    68.65560130624254
10160    69.79946288106936
10310    70.77992049001838
10460    71.27979327223912
10610    71.16375228544237
10760    70.44529579623413
10920    69.06945781015347
11080    67.2777958507578
11240    65.43098441721148
11400    63.78038975533512
11570    62.32463761905218
11740    61.156926111886776
11910    60.24032908909943
12080    59.552910723805724
12260    59.076054517807385
12440    58.86657375884295
12620    58.92700781216215
12800    59.23766241766372
12990    59.825059352046004
13180    60.72330283723946
13370    61.95996199603587
13560    63.37863771007611
13760    64.5219594562402
13960    64.57432435987297
14160    63.32216408631652
14370    61.20453529228871
14580    59.05549884557756
14790    57.25516894303994
15010    55.84711612418241
15230    54.91498128313083
15450    54.3904997634249
15670    54.21323778035145
15900    54.3804009326805
16130    54.964491684164585
16360    56.115894021875334
16600    57.866154945484865
16840    59.51900001434301
17080    60.053057528470816
17330    58.772386632087546
17580    56.15779525444299
17840    53.34698897844919
18100    51.31806416144295
18360    50.289759085635225
18630    50.18352109639514
18900    50.193327914915216
19170    49.08021339917257
19450    46.73833549432803
19730    44.199648291623475
20000    42.661651230146234
