20    69.76860453740986
20.3    69.81182841069452
20.6    69.85424138888698
20.9    69.89557102324405
21.2    69.93548848942442
21.5    69.97373794289393
21.8    70.01023877508598
22.1    70.04511271775264
22.4    70.07861538965803
22.7    70.11100858831931
23    70.14242599083197
23.3    70.1727933872792
23.6    70.20183888420507
23.9    70.22918634954696
24.2    70.25449655120687
24.6    70.28482492852383
25    70.311486584491
25.4    70.33526190419754
25.8    70.35717145515912
26.2    70.37807365215832
26.6    70.39841923316959
27    70.41827497396952
27.4    70.43753403129969
27.8    70.45610983629223
28.2    70.47396532033716
28.6    70.49100410173776
29    70.5069780042837
29.4    70.52155191522294
29.8    70.53452384145993
30.2    70.54603169585927
30.6    70.55657281985391
31    70.56680134609667
31.5    70.5798933935213
32    70.59358537069556
32.5    70.60759081333043
33    70.6214436644816
33.5    70.63476795554155
34    70.64721789417284
34.5    70.65835620210257
35    70.66774893310046
35.5    70.67520137416963
36    70.6808398723496
36.5    70.68493937666946
37    70.68766777572819
37.5    70.68897386080153
38    70.68867709940875
38.6    70.68603328715366
39.2    70.68101092386681
39.8    70.6741078115647
40.4    70.66602844455895
41    70.65739244692958
41.6    70.64853143894997
42.2    70.63947685106925
42.8    70.6300876294068
43.4    70.62018381323807
44    70.60962287551655
44.6    70.59833573393577
45.2    70.58635660631047
45.9    70.57175551660754
46.6    70.55703445590905
47.3    70.54304249115793
48    70.53076676418979
48.7    70.52105560671814
49.4    70.51432669316603
50.1    70.51040728510526
50.8    70.50859461334315
51.5    70.50790221711298
52.2    70.50733509516802
53    70.50581894015662
53.8    70.50270093041011
54.6    70.49781239616283
55.4    70.49132738105078
56.2    70.48348829177039
57    70.47458251950283
57.8    70.46500102288104
58.6    70.45517535486135
59.5    70.4442989603202
60.4    70.43398428798076
61.3    70.42439500676446
62.2    70.41538546831285
63.1    70.40653981312249
64    70.39731053628915
64.9    70.38706869996285
65.8    70.3751296342144
66.8    70.35918438717906
67.8    70.34004092512495
68.8    70.31765918389944
69.8    70.29217736803903
70.8    70.26377360788099
71.8    70.23264362729645
72.8    70.19902363291662
73.9    70.15946616135969
75    70.11750995917382
76.1    70.07336328686063
77.2    70.02722023533278
78.3    69.97948639879317
79.4    69.9307275253186
80.6    69.87713958100902
81.8    69.82407471935277
83    69.77255040363208
84.2    69.72361448166507
85.4    69.67813407000355
86.6    69.63642449472663
87.9    69.5949482378043
89.2    69.55596012844606
90.5    69.5176857511758
91.8    69.47827022988591
93.1    69.43583632480667
94.5    69.38466721687846
95.9    69.32584642771872
97.3    69.25772431428072
98.7    69.17908043383238
100    69.09588521159523
102    68.94788377660983
104    68.77600476981277
106    68.58354006656538
108    68.37771217109179
110    68.17064783575738
112    67.97917190589347
114    67.82334103089934
116    67.72294569897058
118    67.69310872219506
120    67.74013943940476
122    67.85917878869535
124    68.03485897776366
126    68.2446127339389
128    68.46348564014673
130    68.66908866586773
132    68.84525731676996
134    68.98350079059975
136    69.08228133295351
138    69.14524099196971
140    69.17890722814559
142    69.19071893091743
144    69.18763656728885
146    69.17533182806629
148    69.1578226276415
150    69.13752532720366
152    69.11558399733767
154    69.09224055661993
156    69.06708045222766
158    69.03931690923986
160    69.00825228738601
162    68.97360325140073
164    68.93544215255099
166    68.89400574882241
168    68.84967261101212
170    68.80294618648134
173    68.72943561473375
176    68.65285420488853
179    68.57404611200855
182    68.49377680799611
185    68.41265049642772
188    68.33128808710319
191    68.25055832343465
194    68.1714397356354
197    68.09467740985599
200    68.0205416379557
203    67.94896199262797
206    67.87954904405417
209    67.81130787977293
212    67.74304710764787
215    67.67399745287234
218    67.6038982075756
221    67.53279763899783
224    67.46101444732244
227    67.38922153344612
230    67.31817506039441
233    67.24827451615175
236    67.17943794114491
239    67.11153908201902
243    67.0223297367707
247    66.93445276313346
251    66.84768768548734
255    66.76180253636662
259    66.67638539745218
263    66.59100483920484
267    66.50514844751802
271    66.4184170895124
275    66.33105020735005
279    66.24368181630571
283    66.15669066921107
287    66.07010715795914
291    65.98372726323512
295    65.89712424884806
299    65.80983385466848
303    65.7215261501756
307    65.63183791767761
312    65.51723499537587
317    65.40080854620138
322    65.28528377446378
327    65.16944535412556
332    65.0499641047073
337    64.92583971266666
342    64.798258641829
347    64.66895327403762
352    64.53943026208484
357    64.41021965215788
362    64.28118856624582
367    64.15296362293716
372    64.02735130181539
377    63.90703791730233
383    63.774071576847426
389    63.65795841523787
395    63.562290960504846
401    63.49012104070481
407    63.44282990398398
413    63.41876737187178
419    63.41317210745567
425    63.421327265327555
431    63.43873981528323
437    63.46130333306364
443    63.485309984895196
449    63.508378619598275
456    63.533282450013786
463    63.55645349217275
470    63.57845585612728
477    63.59790897411004
484    63.61130207042607
491    63.61607440803965
498    63.612396351405
505    63.602242829548345
512    63.58770665135685
519    63.57110257211185
527    63.55298545000538
535    63.53884085933366
543    63.53037576399018
551    63.52795919556216
559    63.5311464932766
567    63.53897206421928
575    63.55018800995932
583    63.56350369278064
592    63.57947530009213
601    63.5949577335746
610    63.608543778988874
619    63.61952078023141
628    63.628153884495816
637    63.63503206327778
646    63.64012423993377
655    63.64409321136183
665    63.648752324907434
675    63.65331711255058
685    63.65433343058904
695    63.647061326267604
705    63.62798016794031
715    63.59795241969867
725    63.56377667620878
736    63.531884180196485
747    63.51218560013291
758    63.50402695302266
769    63.50305624675122
780    63.505534838397
791    63.510235500962025
803    63.51796675980691
815    63.52798317821792
827    63.53890925955858
839    63.54895067420029
851    63.557216346576645
863    63.56519295161547
876    63.577461543229376
889    63.59699732574809
902    63.62448421292938
915    63.65758304274503
928    63.69221844204263
942    63.727237674560925
956    63.76018650910824
970    63.79781596314584
984    63.847616838823775
998    63.91303097943781
1010    63.980747873107006
1020    64.04396615686784
1030    64.11234961455975
1050    64.26335702841361
1070    64.43443438477749
1090    64.62958807752352
1110    64.85300147044035
1130    65.10640523566204
1150    65.3868286567685
1170    65.68793815592838
1190    66.00156480336929
1210    66.31843510590463
1230    66.62876892815038
1250    66.92369508624208
1270    67.19637554151447
1290    67.44245451775444
1310    67.6602694573549
1330    67.85042074409122
1350    68.01527405604708
1370    68.15850092918322
1390    68.28432045337564
1410    68.39673995669271
1430    68.49897958719859
1450    68.5936448355742
1470    68.6830127594387
1490    68.76897787581504
1510    68.85291650431584
1530    68.935763980173
1550    69.01821218878973
1570    69.10079234691533
1590    69.18389076244573
1610    69.26783887151441
1630    69.35287989111026
1650    69.43918606358031
1670    69.52699078257695
1690    69.61648324599338
1710    69.7077175130183
1730    69.80065207181151
1760    69.94291558305761
1790    70.08784793353111
1820    70.23434833168214
1850    70.38207707775403
1880    70.53106012372217
1910    70.68104443918
1940    70.8315042594966
1970    70.98221519637073
2000    71.13360004661885
2030    71.28579181557564
2060    71.43830821708634
2090    71.59015814083278
2120    71.73997919270876
2150    71.88697706826596
2180    72.03046723032463
2210    72.16973664118468
2240    72.30443073739062
2270    72.43440763773896
2300    72.55946599161322
2330    72.67920659221815
2360    72.7931854793544
2390    72.90099159986751
2420    73.00200032341345
2460    73.1247293747976
2500    73.23306990460833
2540    73.32684768697953
2580    73.40601273656578
2620    73.47069973429029
2660    73.52107296456657
2700    73.55749010660625
2740    73.580759174661
2780    73.59161200381689
2820    73.59087732326653
2860    73.58024204676724
2900    73.56163592957449
2940    73.53650776632429
2980    73.50549721683392
3020    73.46901944901983
3060    73.42802931912877
3100    73.38387379327418
3150    73.32576007140727
3200    73.2655481456361
3250    73.20499882933876
3300    73.14557446804108
3350    73.08715265772506
3400    73.0299952930857
3450    72.97548390298077
3500    72.92574097900322
3550    72.88242076227155
3600    72.84639691457764
3650    72.8185723303449
3700    72.80005043585993
3750    72.79141712888114
3800    72.79311906497526
3860    72.81103615057211
3920    72.84940326575392
3980    72.91022292959296
4040    72.99477578543696
4100    73.10308206101725
4160    73.23574738579262
4220    73.39339313334855
4280    73.57737866888712
4340    73.78676788542842
4400    74.01888301036877
4460    74.27078007078677
4520    74.53929744411343
4590    74.87141234930462
4660    75.22266290466752
4730    75.59151128014628
4800    75.97407784770984
4870    76.36304872040624
4940    76.74810342891143
5010    77.10582056219383
5080    77.40761076551888
5150    77.66656594716221
5220    77.92455249426555
5300    78.20238366396457
5380    78.38504622067853
5460    78.44882508001886
5540    78.42274391279057
5620    78.34581289096734
5700    78.22255317852942
5780    78.03963619604707
5860    77.80566992422754
5950    77.5092482119034
6040    77.20436461332038
6130    76.90793523289045
6220    76.62975368961992
6310    76.37790761910978
6400    76.16056811678426
6490    75.98510014040528
6580    75.85697574866428
6680    75.77429767176878
6780    75.7572234507112
6880    75.80698693449214
6980    75.9239572001641
7080    76.10805582910791
7180    76.35663237439547
7280    76.66214136965237
7390    77.04779998469878
7500    77.45800330864114
7610    77.85118022558525
7720    78.1715311673803
7830    78.35767063483671
7940    78.36227512186548
8060    78.14031299909122
8180    77.70522869595595
8300    77.11311849582009
8420    76.43114873118253
8540    75.72233558880609
8660    75.03629361252251
8790    74.35719381495056
8920    73.76742037958778
9050    73.27588614291506
9180    72.8829553375153
9310    72.58728211594868
9450    72.37650801962137
9590    72.27347115889798
9730    72.26530290623492
9870    72.32124467902082
10010    72.40159656855313
10160    72.5041857537858
10310    72.69197969386948
10460    73.00782093910658
10610    73.29825643558188
10760    73.31336757223539
10920    72.89270371184907
11080    72.09650621929327
11240    71.09100787370724
11400    70.01935810611523
11570    68.90614042281749
11740    67.87595310686471
11910    66.99792325798322
12080    66.37199207998029
12260    65.97667821039249
12440    65.70101419184729
12620    65.49775742015211
12800    65.43758744198303
12990    65.59454146298262
13180    65.98716809522429
13370    66.49652211823944
13560    66.92571844998184
13760    67.10373892205345
13960    66.91344661812744
14160    66.4314163035554
14370    65.57042344833562
14580    64.3656171963998
14790    63.15707323279187
15010    62.06818463775555
15230    61.154968473106685
15450    60.31253006277244
15670    59.36739891760479
15900    58.08572415633607
16130    56.45687646253785
16360    54.68597770468182
16600    53.003654217168815
16840    51.693290864375854
17080    50.79160449184154
17330    50.134775625180836
17580    49.60309736832143
17840    49.183162399530644
18100    49.12049402321172
18360    49.74420392310408
18630    51.05046016591104
18900    51.944732859921466
19170    51.063290620970974
19450    48.0388337571369
19730    44.042486904073755
20000    41.4790149223191
