20    68.3648983951469
20.3    68.39689629033049
20.6    68.42825467522258
20.9    68.45877466764456
21.2    68.48823662528916
21.5    68.51643640818662
21.8    68.54322679307539
22.1    68.56855903388558
22.4    68.59250416127173
22.7    68.61523240569477
23    68.63694699822989
23.3    68.65780454843132
23.6    68.6778538108587
23.9    68.69702412363549
24.2    68.7151654691198
24.6    68.73748865430593
25    68.75750320913201
25.4    68.77527815296796
25.8    68.79109973404883
26.2    68.80531940233382
26.6    68.81822447323597
27    68.82999141413461
27.4    68.84071332568497
27.8    68.85043746843874
28.2    68.85918413342382
28.6    68.86696472890063
29    68.87381000233785
29.4    68.87978858084637
29.8    68.88500137916246
30.2    68.88953479430396
30.6    68.89341368904459
31    68.89659909767178
31.5    68.8995158920392
32    68.90120583573999
32.5    68.90173692703154
33    68.90124008498961
33.5    68.89982009574692
34    68.89752883519355
34.5    68.89439082859946
35    68.89042548984801
35.5    68.88564937760407
36    68.88007452631108
36.5    68.87372113738496
37    68.86661512825786
37.5    68.85877048677503
38    68.85018363410981
38.6    68.83890077104454
39.2    68.82658726602997
39.8    68.81327389124428
40.4    68.79891147443247
41    68.78341831718816
41.6    68.76682883764155
42.2    68.74934747669057
42.8    68.731224773604
43.4    68.71260611173733
44    68.69353304102651
44.6    68.6740584299065
45.2    68.65429301985833
45.9    68.63098380572418
46.6    68.607389724564
47.3    68.5833581870753
48    68.5586655117704
48.7    68.53306327172729
49.4    68.50636490638725
50.1    68.47852549048758
50.8    68.44961011050349
51.5    68.41971653659567
52.2    68.3889358080308
53    68.35276568578168
53.8    68.31560463434133
54.6    68.2774458783574
55.4    68.23817384298809
56.2    68.19767672691616
57    68.15602843164555
57.8    68.11349517890335
58.6    68.07044031887429
59.5    68.0219619911982
60.4    67.97430348793146
61.3    67.92863681971735
62.2    67.88638631273005
63.1    67.8490153271912
64    67.81762355968125
64.9    67.79257713287947
65.8    67.77340139376153
66.8    67.75755914246633
67.8    67.74541273327941
68.8    67.7348033496819
69.8    67.72389479894784
70.8    67.71124778436862
71.8    67.69579188766285
72.8    67.67682449867914
73.9    67.65154745027874
75    67.62177564784618
76.1    67.5879853170491
77.2    67.55076435212152
78.3    67.51070734681939
79.4    67.46835976702309
80.6    67.42007729518474
81.8    67.37006145685416
83    67.31866903868294
84.2    67.26620724913967
85.4    67.21296671976148
86.6    67.1592164941424
87.9    67.10067866412571
89.2    67.04202664413293
90.5    66.98334451784265
91.8    66.92458193820086
93.1    66.86560428261785
94.5    66.80166745316254
95.9    66.73713806132314
97.3    66.67194587113008
98.7    66.60608863761499
100    66.54433992135642
102    66.44804523180679
104    66.3497216861725
106    66.24895676258132
108    66.1455140295104
110    66.03924171449324
112    65.93008999215903
114    65.81805838241922
116    65.70298701660965
118    65.58460322483106
120    65.46262585054137
122    65.3367799230636
124    65.20681822958124
126    65.07262761682308
128    64.93427464191197
130    64.79198633884428
132    64.64613373996252
134    64.49725983479155
136    64.34606873145384
138    64.19337239741166
140    64.04015554538103
142    63.887842239594804
144    63.73870134062402
146    63.59632181872075
148    63.465854008216525
150    63.353784298996345
152    63.267359924577846
154    63.21381583273482
156    63.19947647385133
158    63.22881026327411
160    63.30361507682556
162    63.422490796230555
164    63.58058533890369
166    63.76995113283431
168    63.98026961045231
170    64.1998892417599
173    64.52144165282115
176    64.8038323969044
179    65.0242717731689
182    65.17318769024763
185    65.25254758145843
188    65.27222591143936
191    65.24566751830515
194    65.18629542766135
197    65.10535162626931
200    65.01120292622478
203    64.90967569692202
206    64.80475448169071
209    64.69895652324388
212    64.59351886766234
215    64.48883063566481
218    64.38494298838243
221    64.28185651821647
224    64.17961100660054
227    64.07831032444292
230    63.97811604784737
233    63.87919123462451
236    63.78164253987143
239    63.68547668617532
243    63.559291977882594
247    63.43525792380353
251    63.313254136591866
255    63.193277794545864
259    63.07537460281364
263    62.95962475020039
267    62.84601741040691
271    62.73438989997399
275    62.62449399369123
279    62.51613009936954
283    62.40913999911078
287    62.303255291957996
291    62.19806379821263
295    62.09311670768837
299    61.98806920796458
303    61.882762567221405
307    61.77729024952535
312    61.645755768412734
317    61.51513496355303
322    61.385662110405114
327    61.25716888345568
332    61.129216124683296
337    61.00138386304515
342    60.87355528313131
347    60.74587614577992
352    60.61872525420536
357    60.493008369836375
362    60.3704807868872
367    60.253762582359805
372    60.14621676246382
377    60.0518436042523
383    59.962125646388735
389    59.904725338476396
395    59.88476063767908
401    59.90403016435637
407    59.95997627366272
413    60.0458835597466
419    60.15229925123201
425    60.26877513121073
431    60.38563223943683
437    60.49524037378616
443    60.5927062034654
449    60.67596037976416
456    60.755602469233054
463    60.81909177100833
470    60.86945601143525
477    60.90850292354757
484    60.93673294444275
491    60.954394212300855
498    60.96269543586109
505    60.964200966130875
512    60.962345878348074
519    60.96043499519146
527    60.960805236457134
535    60.96430960553367
543    60.969405181803296
551    60.97426119005267
559    60.97826248488769
567    60.98220935676048
575    60.987545543124796
583    60.99536859191315
592    61.00722944909231
601    61.02109772234577
610    61.0353209768388
619    61.0488237007378
628    61.06150051420721
637    61.07406999686891
646    61.08766601611852
655    61.103339828604064
665    61.12390221803443
675    61.14785873001237
685    61.17479776356703
695    61.203933141273225
705    61.23423296688764
715    61.2645377087927
725    61.29361935401347
736    61.32269903176676
747    61.34707047946739
758    61.365298234908934
769    61.37691174070046
780    61.383035506397476
791    61.38655818168894
803    61.392106883397986
815    61.404405567405476
827    61.42717461536913
839    61.46215053697237
851    61.50935854205696
863    61.56806044345736
876    61.64393297571151
889    61.73228041582008
902    61.832694217432284
915    61.94355893893028
928    62.06160622064583
942    62.19205725508901
956    62.321716088529506
970    62.44826281593571
984    62.57127043943686
998    62.69125691109146
1010    62.79220439880076
1020    62.87522327910421
1030    62.95730772637718
1050    63.11864710905196
1070    63.27652801260442
1090    63.4327843823941
1110    63.591681926939415
1130    63.758414548685835
1150    63.93552019560681
1170    64.12095991287056
1190    64.30967125452537
1210    64.4964790212785
1230    64.67868364058694
1250    64.85596501843625
1270    65.02885837338658
1290    65.19789524806244
1310    65.36347015675452
1330    65.52598084051186
1350    65.68573983038456
1370    65.84289873360875
1390    65.9975837275945
1410    66.14995859398618
1430    66.30030298163382
1450    66.44888343143674
1470    66.59580803121307
1490    66.74112551626169
1510    66.88501659377091
1530    67.02775854004418
1550    67.16956121924663
1570    67.31053333990778
1590    67.45074941055411
1610    67.5903013891261
1630    67.72939183878893
1650    67.86832640465902
1670    68.00723616219653
1690    68.14611624923995
1710    68.28503069232113
1730    68.42420313789346
1760    68.63411123000657
1790    68.84581414659272
1820    69.05856885500341
1850    69.2718279237085
1880    69.48502843339054
1910    69.69748426128828
1940    69.90896378368595
1970    70.11955657714688
2000    70.32909991971077
2030    70.53699727126718
2060    70.74225742327059
2090    70.94357681777167
2120    71.14030016594204
2150    71.33276331594638
2180    71.52116915349765
2210    71.70502131971257
2240    71.88299554799048
2270    72.05359364050621
2300    72.21626454471999
2330    72.37092577815628
2360    72.517221241258
2390    72.65462052231146
2420    72.78283442739423
2460    72.93974776387881
2500    73.08181748753958
2540    73.21064772219175
2580    73.32676380530779
2620    73.4290828044972
2660    73.51586755366371
2700    73.58683505333903
2740    73.64348739822177
2780    73.68793427090475
2820    73.72243426675465
2860    73.74905720297889
2900    73.76896757792952
2940    73.78316306145335
2980    73.7933141255657
3020    73.80065973954132
3060    73.80586661951925
3100    73.81017902707492
3150    73.81690241843778
3200    73.82729354479986
3250    73.84255442752917
3300    73.86253803005515
3350    73.88661118095789
3400    73.91465151230523
3450    73.94694471917049
3500    73.98326653041138
3550    74.02232360807011
3600    74.06189192635311
3650    74.09942840042677
3700    74.1324941961248
3750    74.15866077560611
3800    74.17534458607898
3860    74.17873486022594
3920    74.15893920414837
3980    74.11090658309288
4040    74.0296058411472
4100    73.90998831663019
4160    73.74923857250238
4220    73.54747156650085
4280    73.30590319974641
4340    73.02647594041858
4400    72.71262444277357
4460    72.36861939275131
4520    71.99835380819741
4590    71.53834310311233
4660    71.05546414941881
4730    70.55886055920294
4800    70.06050064137321
4870    69.57184013317487
4940    69.09863037117178
5010    68.64382756819464
5080    68.21057467506469
5150    67.80096810635581
5220    67.4153916545287
5300    67.00268115251161
5380    66.61572191202946
5460    66.25394610552149
5540    65.93599456109777
5620    65.69201688125634
5700    65.51380999288389
5780    65.35941667141326
5860    65.21319278314614
5950    65.07271752785569
6040    64.97218420328565
6130    64.91864232542797
6220    64.91554942895873
6310    64.96366584817386
6400    65.06216222756163
6490    65.21033335188643
6580    65.40698711335804
6680    65.67833997574331
6780    65.99980143802851
6880    66.36547490749543
6980    66.7633139327336
7080    67.17417811780909
7180    67.57126459213455
7280    67.91944939019672
7390    68.19931070468732
7500    68.33079691868457
7610    68.29330218390507
7720    68.08876943524709
7830    67.73557893113856
7940    67.2609544172102
8060    66.64199831877774
8180    65.96105583658712
8300    65.26326189976305
8420    64.58964998717039
8540    63.96997593222694
8660    63.42060871390539
8790    62.9131355752135
8920    62.49966464102698
9050    62.18294687780187
9180    61.96617694084687
9310    61.85232212323608
9450    61.84776031873153
9590    61.96942856529031
9730    62.224433888579256
9870    62.62378669965389
10010    63.184156416205354
10160    63.98776342438437
10310    65.02530843929165
10460    66.29288359132838
10610    67.69178984890664
10760    68.98689722178744
10920    69.88348171933549
11080    69.99406795880563
11240    69.33068245801572
11400    68.12067401374841
11570    66.57045645932857
11740    65.05671709415441
11910    63.74606602728001
12080    62.67048856013304
12260    61.75694897517498
12440    61.03655829262674
12620    60.48516267189687
12800    60.094748616398476
12990    59.862578257858054
13180    59.82471786152102
13370    59.98798655358675
13560    60.35432330043038
13760    60.93132561746263
13960    61.60917618320535
14160    62.25763815156664
14370    62.826605529604734
14580    63.28453174937506
14790    63.62154166429842
15010    63.759639168828144
15230    63.55938643873694
15450    62.94009210638731
15670    62.01149857569604
15900    61.04144929425168
16130    60.28085862235771
16360    59.6885967042294
16600    59.10833036276209
16840    58.13872472408775
17080    56.59650287677418
17330    54.91602600344069
17580    53.62403409799016
17840    52.84797401750464
18100    52.557491124836375
18360    52.53010357437896
18630    52.48361566313477
18900    52.12940343847964
19170    51.247421331283775
19450    49.437156204313084
19730    46.952222335031955
20000    45.361415418746645
