20    73.08951577677459
20.3    73.11363823395652
20.6    73.13725450443897
20.9    73.16020849717646
21.2    73.18236517208902
21.5    73.20363644234314
21.8    73.22397914431704
22.1    73.24338096831602
22.4    73.261843884283
22.7    73.27937905210035
23    73.29600300299288
23.3    73.31173767998186
23.6    73.32661534200392
23.9    73.34068310844702
24.2    73.35400455642356
24.6    73.37074239353132
25    73.38649426839709
25.4    73.40143400194299
25.8    73.41567088404639
26.2    73.42923633615959
26.6    73.44210547760333
27    73.45423958360959
27.4    73.46561685095834
27.8    73.47622790197485
28.2    73.48605505499532
28.6    73.49504505141502
29    73.50311203908723
29.4    73.51017786928412
29.8    73.51621886383253
30.2    73.52128072915269
30.6    73.52545826956079
31    73.52885368711617
31.5    73.53211009274673
32    73.53434718685419
32.5    73.53563651388944
33    73.5360859072901
33.5    73.53584193924229
34    73.53503410189626
34.5    73.53373962559454
35    73.53199866512406
35.5    73.52984081485343
36    73.52728875880798
36.5    73.52434005858954
37    73.5209617373489
37.5    73.51711645642743
38    73.51278958649567
38.6    73.50696144994254
39.2    73.50042156957457
39.8    73.49313945938867
40.4    73.485139640755
41    73.47648809686058
41.6    73.46716116843297
42.2    73.45698615720937
42.8    73.4457877986438
43.4    73.43359004463883
44    73.42064264357151
44.6    73.40727401249909
45.2    73.39372247177266
45.9    73.37776614307106
46.6    73.36154374376565
47.3    73.34489251450279
48    73.32775525212733
48.7    73.31025045359863
49.4    73.29264832617099
50.1    73.27528845492438
50.8    73.25848018483123
51.5    73.24241502252632
52.2    73.22711703681136
53    73.21038949987243
53.8    73.1940943968795
54.6    73.17772063861428
55.4    73.16066862678261
56.2    73.14235723488568
57    73.12237367132587
57.8    73.10055425688563
58.6    73.07696890212442
59.5    73.04864479611076
60.4    73.01894978481806
61.3    72.98852190969014
62.2    72.958021778436
63.1    72.92806849347562
64    72.89918896380144
64.9    72.87176184924925
65.8    72.84596970121518
66.8    72.81917031065089
67.8    72.79397098548537
68.8    72.76978530934971
69.8    72.74591029177104
70.8    72.7216406766879
71.8    72.6963795944175
72.8    72.66971018348377
73.9    72.63850094194983
75    72.60528380134787
76.1    72.57013199368615
77.2    72.53317485833384
78.3    72.49457371793132
79.4    72.45449198031253
80.6    72.4091910478171
81.8    72.36225004051818
83    72.31363214485167
84.2    72.26331931425923
85.4    72.21135748329661
86.6    72.15791248192156
87.9    72.09860817228736
89.2    72.03810085873513
90.5    71.97659173146926
91.8    71.91420983162124
93.1    71.85099160968215
94.5    71.78182926895192
95.9    71.71123022158076
97.3    71.63887744080895
98.7    71.5645685438877
100    71.49378777004975
102    71.38194027928834
104    71.26751252371781
106    71.15162466829622
108    71.03486030735553
110    70.91730044525585
112    70.79889439988713
114    70.67984940891145
116    70.56085607466612
118    70.4431027625815
120    70.32799276720601
122    70.21714903825887
124    70.1120001522943
126    70.01351140996684
128    69.9217981408892
130    69.83611865597896
132    69.75528589155405
134    69.67859534824049
136    69.60680169329942
138    69.54259800271944
140    69.4903576717021
142    69.45545336088152
144    69.4434400473449
146    69.45903564210155
148    69.50530001175474
150    69.5830639383415
152    69.6905413689085
154    69.82318722890396
156    69.97397332759817
158    70.13419438899822
160    70.29462216039556
162    70.4466499281302
164    70.58324250288968
166    70.69940867386843
168    70.79227840765003
170    70.86094362488508
173    70.92055595742153
176    70.9343119636799
179    70.91080626961553
182    70.85882583344468
185    70.78628101167541
188    70.69970927404461
191    70.6042084007297
194    70.50358807528893
197    70.40066378141691
200    70.29748530937513
203    70.19549231757028
206    70.0956632454226
209    69.99861173887533
212    69.90458302499528
215    69.8134293616057
218    69.72465306685613
221    69.63752208410475
224    69.55122689600427
227    69.46499916816899
230    69.37810544247546
233    69.28983887698837
236    69.19969329949996
239    69.10753897647203
243    68.98194273614233
247    68.85427451926176
251    68.72619485299566
255    68.59977257257248
259    68.4771462898374
263    68.36009649628335
267    68.24970782680883
271    68.14628492915216
275    68.04935961923958
279    67.957685369541
283    67.86944037613345
287    67.78260690039039
291    67.69541225719104
295    67.60654999644265
299    67.51509423693727
303    67.42042271376927
307    67.32225312747207
312    67.19471316346394
317    67.06225496593859
322    66.925369616735
327    66.7845173517501
332    66.64013075022511
337    66.49258646545715
342    66.34229493634852
347    66.18954201525749
352    66.03443026225173
357    65.87704833332032
362    65.71762868108901
367    65.55679082967657
372    65.39581432913221
377    65.23669934026191
383    65.05217301283398
389    64.88049644921671
395    64.72859839527257
401    64.60320041455748
407    64.50961780059725
413    64.4506430254633
419    64.42608672936464
425    64.43266525323259
431    64.46440161915584
437    64.51365729632104
443    64.57235489034653
449    64.63303408099004
456    64.69807923543637
463    64.74985573235409
470    64.78356472660407
477    64.79706339182486
484    64.7905317340014
491    64.76614133656724
498    64.72756972907277
505    64.67937151808817
512    64.62639769562261
519    64.57308892486225
527    64.51628301875868
535    64.46739629336696
543    64.42827684491158
551    64.39900376949686
559    64.3782997637112
567    64.36392469409094
575    64.35324183958151
583    64.34366126848904
592    64.33150103531592
601    64.31590094238825
610    64.29589198202567
619    64.27135850993866
628    64.24279271682693
637    64.21095169401677
646    64.17654579339381
655    64.14015050005145
665    64.09801656326289
675    64.0547564612558
685    64.01103547506294
695    63.96757127134229
705    63.92509736177868
715    63.88423571519635
725    63.84541356572281
736    63.80533687140495
747    63.76811080500947
758    63.73366184234069
769    63.70186130449362
780    63.672706944209935
791    63.64626595114888
803    63.6205221805543
815    63.597986100938336
827    63.578724717458336
839    63.56299005555263
851    63.55123098597461
863    63.54389643469936
876    63.54133802412255
889    63.54473601485499
902    63.55450120898121
915    63.571031668141366
928    63.59454296023076
942    63.62776849508518
956    63.66921461451204
970    63.71876762962259
984    63.77604905520337
998    63.84041022520678
1010    63.90062663322232
1020    63.9539827603043
1030    64.00997542623496
1050    64.12898447889091
1070    64.25553640582433
1090    64.38765928619722
1110    64.5234866713868
1130    64.66155978801605
1150    64.80081634979275
1170    64.94077569233565
1190    65.08139627812383
1210    65.22293573882818
1230    65.36589752219729
1250    65.51107173159296
1270    65.65886384465531
1290    65.80878040729337
1310    65.95975702568279
1330    66.11070445724752
1350    66.26072241967887
1370    66.40919471031076
1390    66.55566254700676
1410    66.69960577736896
1430    66.84056107416276
1450    66.97827785342685
1470    67.11272089168918
1490    67.24411018344507
1510    67.37287313909904
1530    67.49934543213008
1550    67.62348133904678
1570    67.74506357650398
1590    67.8642555583204
1610    67.98162338327727
1630    68.09757512742826
1650    68.21206850287953
1670    68.32488364947038
1690    68.43608731226962
1710    68.54603839674297
1730    68.65502725449406
1760    68.81683595316355
1790    68.9764591905213
1820    69.13397427831944
1850    69.28948558750159
1880    69.44310225458051
1910    69.59483101837264
1940    69.74478016015865
1970    69.89323453167145
2000    70.04012132298232
2030    70.18468468898828
2060    70.32606669364512
2090    70.46379330220503
2120    70.59765234960435
2150    70.72742259409259
2180    70.85322046319445
2210    70.9743487420912
2240    71.08972723602338
2270    71.19928061304103
2300    71.30333316206597
2330    71.40201754897754
2360    71.49533190236853
2390    71.58319715119423
2420    71.66526973209523
2460    71.76518392115054
2500    71.855495879201
2540    71.93822870652515
2580    72.01464114252514
2620    72.08576090105615
2660    72.15274993596307
2700    72.21650348970005
2740    72.27743071164923
2780    72.33552136785401
2820    72.39055696608568
2860    72.44208353107464
2900    72.48982350565423
2940    72.53372188935188
2980    72.57418525728545
3020    72.61200983288009
3060    72.64818499921083
3100    72.68391138107216
3150    72.72984582629722
3200    72.77929915959274
3250    72.83472532736101
3300    72.89851448349361
3350    72.97217863527445
3400    73.05585550119059
3450    73.14999911047312
3500    73.2559229323449
3550    73.37485241571935
3600    73.50687688723477
3650    73.65121069622407
3700    73.80655256718772
3750    73.97126914424672
3800    74.14351011529345
3860    74.35583911018037
3920    74.56622009087178
3980    74.76511704228054
4040    74.94365687183922
4100    75.09222097344318
4160    75.19969503387404
4220    75.25422497773093
4280    75.24472311495347
4340    75.16384880750616
4400    75.01059042382661
4460    74.79100490294032
4520    74.51769852798071
4590    74.15466293962348
4660    73.77386114174799
4730    73.39927722796676
4800    73.03562073691437
4870    72.6688786543387
4940    72.28496263525548
5010    71.88389308159461
5080    71.47692449466548
5150    71.07749254391683
5220    70.69661289166487
5300    70.29382266931259
5380    69.93241466113992
5460    69.61678416664662
5540    69.34892681986454
5620    69.13074220704169
5700    68.9639862127691
5780    68.84885585575796
5860    68.78502504087132
5950    68.7745406725752
6040    68.82839725421329
6130    68.94682275418455
6220    69.13041799878562
6310    69.37755760497708
6400    69.68376256354232
6490    70.04321428048488
6580    70.44691429261303
6680    70.92723370347271
6780    71.40844990877149
6880    71.84701121638291
6980    72.19524354653274
7080    72.41067595975323
7180    72.46461419385346
7280    72.35122789879736
7390    72.0576477641294
7500    71.6402338915142
7610    71.15715068933042
7720    70.65721620375368
7830    70.17869987988786
7940    69.75463255243113
8060    69.38596551199295
8180    69.1189499701385
8300    68.92716686548496
8420    68.80517289483366
8540    68.7728558263401
8660    68.84122403842522
8790    69.0260922035157
8920    69.3093733040997
9050    69.65577029063542
9180    70.00735414722578
9310    70.28875693275218
9450    70.42910284084444
9590    70.34786923128325
9730    70.04554236493689
9870    69.56849678387118
10010    68.98627503638633
10160    68.32587730191834
10310    67.70047217332504
10460    67.16548878257177
10610    66.75990496296066
10760    66.49369363698713
10920    66.32809327954129
11080    66.22549106271771
11240    66.12063848987151
11400    65.94219860850646
11570    65.60540671810548
11740    65.10759951246169
11910    64.50494584146819
12080    63.877231819707184
12260    63.28782543031309
12440    62.87101086803992
12620    62.685317507738205
12800    62.766284948005534
12990    63.14650489920261
13180    63.779056068720855
13370    64.55604129004642
13560    65.31408604934397
13760    65.9047357487126
13960    66.17854778018994
14160    66.17879902387376
14370    66.03255779028568
14580    65.85287502088366
14790    65.61214625155802
15010    65.12359306990638
15230    64.23351878329538
15450    62.94049582677169
15670    61.379461954097266
15900    59.651198911910726
16130    58.00794652043594
16360    56.629668887667286
16600    55.557147590019355
16840    54.80683121770018
17080    54.38876145940611
17330    54.354636528833105
17580    54.714291245095424
17840    55.39326425267535
18100    56.380202676552805
18360    57.682828253553495
18630    58.81548570981163
18900    59.060863320449144
19170    58.26389704410683
19450    56.410249573387404
19730    53.79151623497221
20000    51.93658845011021
