20    65.9666086955941
20.3    65.95635212868989
20.6    65.94618986967984
20.9    65.93604749668205
21.2    65.9258485481006
21.5    65.91552186662857
21.8    65.90500804628246
22.1    65.89427242070899
22.4    65.88331745141113
22.7    65.87218017843722
23    65.86091840488342
23.3    65.84958597433197
23.6    65.83822233980436
23.9    65.82684184941508
24.2    65.81542858962312
24.6    65.80010663271541
25    65.78460556025404
25.4    65.76888637777891
25.8    65.7529295303614
26.2    65.7367204296851
26.6    65.7202382653903
27    65.70347342729761
27.4    65.68644784582952
27.8    65.6692279720663
28.2    65.6519039207405
28.6    65.63455074035991
29    65.61719012337394
29.4    65.59977488585562
29.8    65.58221197657251
30.2    65.56441553390127
30.6    65.54635221411317
31    65.52805533162456
31.5    65.50496768894473
32    65.48175115266886
32.5    65.45843505191596
33    65.43497996825361
33.5    65.41137713210367
34    65.38769583946333
34.5    65.36405750267369
35    65.340559174269
35.5    65.31723336206397
36    65.29405755500804
36.5    65.27100092834252
37    65.24805342379497
37.5    65.22521848134642
38    65.20249952502101
38.6    65.1753912559632
39.2    65.14846726414692
39.8    65.1217689260911
40.4    65.09532514249278
41    65.06911350658648
41.6    65.04305979307765
42.2    65.01705899174118
42.8    64.99099885303339
43.4    64.96478611141974
44    64.9383614615784
44.6    64.91169569471981
45.2    64.88477434759746
45.9    64.85303198970342
46.6    64.82094614277054
47.3    64.78858883432194
48    64.75606317721598
48.7    64.72344639695257
49.4    64.69077068532849
50.1    64.65803900589185
50.8    64.62526358658234
51.5    64.5925057874308
52.2    64.55988027507337
53    64.52292668094182
53.8    64.48648239761712
54.6    64.45060042059448
55.4    64.41517581072958
56.2    64.38000082471945
57    64.34493992805518
57.8    64.31003015227236
58.6    64.27537032420105
59.5    64.23672015825161
60.4    64.19840312396417
61.3    64.16036586588935
62.2    64.12255246947191
63.1    64.08491180565707
64    64.0474037774058
64.9    64.01002234554163
65.8    63.97276722886784
66.8    63.931513813407534
67.8    63.890430134634165
68.8    63.84945456984315
69.8    63.80844419032499
70.8    63.76735364679006
71.8    63.726257826964485
72.8    63.68522964805892
73.9    63.64022758005896
75    63.59543437991351
76.1    63.55091150986892
77.2    63.50660386695791
78.3    63.46243065478303
79.4    63.418382415983025
80.6    63.370530079442396
81.8    63.322927973026765
83    63.27553715490434
84.2    63.22830081757962
85.4    63.18127940953843
86.6    63.134723820793326
87.9    63.085275511582935
89.2    63.03741848187005
90.5    62.99174398612729
91.8    62.94883757149326
93.1    62.909201930981425
94.5    62.87053910383905
95.9    62.83610859070855
97.3    62.805495116122
98.7    62.77787879392879
100    62.75411674757565
102    62.71932142405953
104    62.68427858460402
106    62.64659555617666
108    62.604932738922614
110    62.55904949735401
112    62.50919541110429
114    62.45592530021261
116    62.40010912520364
118    62.342566995399665
120    62.283928380041445
122    62.22463202378748
124    62.16512393872121
126    62.10580851830697
128    62.04716783023818
130    61.98964692909294
132    61.93355158378792
134    61.879141620778285
136    61.826689247560665
138    61.77642274789412
140    61.72841862241967
142    61.68248681557048
144    61.63807948040268
146    61.59435720857505
148    61.550335608752455
150    61.505064670322646
152    61.4577773126543
154    61.408042249713986
156    61.3559612036227
158    61.30229667457158
160    61.24848834594614
162    61.19658862953023
164    61.14916743771164
166    61.10917568173855
168    61.07976564650005
170    61.06402737665802
173    61.07159474802857
176    61.12112042260615
179    61.212919492589336
182    61.34146798396308
185    61.4960009456392
188    61.66232771704088
191    61.8253168182262
194    61.971493244888535
197    62.09100712229233
200    62.178855000743724
203    62.234818671287286
206    62.26220112735025
209    62.266223475633154
212    62.252711123450545
215    62.227190040495685
218    62.194390963734534
221    62.15799906555176
224    62.120608041150675
227    62.08384470824999
230    62.04862549360831
233    62.01546053695027
236    61.984648353048414
239    61.956400104814584
243    61.92309177610282
247    61.895282726973576
251    61.87351954125832
255    61.85843304272872
259    61.85076908945643
263    61.851115806052334
267    61.85961941460387
271    61.875768880539084
275    61.89818206228641
279    61.924684276366314
283    61.952733769789745
287    61.97991225676475
291    62.00419935004547
295    62.02410682647536
299    62.03878684425843
303    62.048055602062334
307    62.05217106236211
312    62.05085970038915
317    62.04358886423523
322    62.031759268688575
327    62.01668317186546
332    61.99944088490885
337    61.98093640747477
342    61.96197518081038
347    61.94332842904409
352    61.925831020588674
357    61.91045250761192
362    61.89830692138638
367    61.89068327471591
372    61.88902620800762
377    61.89482885699727
383    61.91372588483615
389    61.94793106028525
395    61.99925134489787
401    62.06862573253176
407    62.15572198895879
413    62.25898215882761
419    62.375694073156055
425    62.50228504360136
431    62.63487355603584
437    62.76985983637887
443    62.90441239839331
449    63.0364800688525
456    63.185456922130115
463    63.327090797568424
470    63.45964063893837
477    63.58161866138397
484    63.692006091853074
491    63.79066775610446
498    63.87865089687578
505    63.9579760722076
512    64.03128531903559
519    64.10139604073339
527    64.18094120168531
535    64.26280725905019
543    64.34893906408666
551    64.44001864589235
559    64.53563063683863
567    64.63454574642839
575    64.73512490805328
583    64.83564135293946
592    64.94650447653262
601    65.05272858403058
610    65.1522432748002
619    65.2436262007597
628    65.32614073702068
637    65.39962365402563
646    65.4644060574207
655    65.52120288094908
665    65.57614051850383
675    65.62393011480582
685    65.6660808640172
695    65.70407043975243
705    65.73930275305848
715    65.77304995984879
725    65.80641019275514
736    65.8437875974617
747    65.88298894946297
758    65.92491970126332
769    65.96989360203597
780    66.01767869416037
791    66.06780138040205
803    66.1245328215501
815    66.18274051071518
827    66.24177164890108
839    66.30098708189959
851    66.35975308970214
863    66.41756870812594
876    66.47865753173704
889    66.53776154767482
902    66.59469363456833
915    66.64949349588815
928    66.70244812828486
942    66.75792202318345
956    66.81252614562172
970    66.86715411396753
984    66.92247946087579
998    66.9786292889452
1010    67.02724410235585
1020    67.06793984538861
1030    67.10866306973826
1050    67.18961886152209
1070    67.26898577708812
1090    67.3460845924829
1110    67.42106016702066
1130    67.49454662955563
1150    67.567451237019
1170    67.64079412325228
1190    67.71508433004716
1210    67.79000523075783
1230    67.86505856950188
1250    67.94003430696182
1270    68.01457511058436
1290    68.08778761749542
1310    68.15889948058175
1330    68.22743957290541
1350    68.29325778896941
1370    68.35657989046554
1390    68.41779779087858
1410    68.4772579685386
1430    68.53525697133402
1450    68.59218667621143
1470    68.64879768237788
1490    68.7059739907128
1510    68.76436725944964
1530    68.82423032933755
1550    68.885463452079
1570    68.9478720374348
1590    69.01153022481341
1610    69.07679519923863
1630    69.14408851932056
1650    69.21363879232621
1670    69.28538072295453
1690    69.35915177678731
1710    69.43484560888513
1730    69.51243414474003
1760    69.63234175052078
1790    69.75635693729521
1820    69.88451976516076
1850    70.01680292767603
1880    70.15264840995778
1910    70.29168804371884
1940    70.43380331074897
1970    70.57845373732403
2000    70.72468515743563
2030    70.87134244755217
2060    71.0170596667603
2090    71.1604378135967
2120    71.30091446783854
2150    71.43780542126211
2180    71.57027721707533
2210    71.69690436116817
2240    71.81619756017159
2270    71.92633167554558
2300    72.02649886577936
2330    72.11595800013585
2360    72.19397589592472
2390    72.25992688531352
2420    72.31321008996554
2460    72.36381497735252
2500    72.39187815957342
2540    72.39702973661412
2580    72.37898169487008
2620    72.33884523118843
2660    72.27948352592628
2700    72.20323172485539
2740    72.11189967744836
2780    72.00869186038635
2820    71.89742061665727
2860    71.78126215281821
2900    71.6625442791146
2940    71.54355864931222
2980    71.42573690660831
3020    71.31028120081565
3060    71.19839417604462
3100    71.09132026201505
3150    70.96714972699445
3200    70.85747644481322
3250    70.76407339213023
3300    70.68713220493956
3350    70.62751049633101
3400    70.58621052679396
3450    70.56481379480849
3500    70.56310476475969
3550    70.57961268092214
3600    70.61216307122463
3650    70.6574405166768
3700    70.71225815898195
3750    70.77070978420689
3800    70.8224654471306
3860    70.85707952677222
3920    70.8380992740834
3980    70.75110863166498
4040    70.58664449928703
4100    70.36815624652635
4160    70.1408164802315
4220    69.94154579939645
4280    69.77309751149542
4340    69.60660487706554
4400    69.39860025898041
4460    69.11580603242349
4520    68.74309447330333
4590    68.2127155991852
4660    67.62886626030635
4730    67.03168728778219
4800    66.44010748667563
4870    65.859317179181
4940    65.29255918813496
5010    64.74369091205423
5080    64.21731779502296
5150    63.72228794441177
5220    63.268862852466384
5300    62.815331335559435
5380    62.446161410343606
5460    62.176119891068964
5540    62.01436566842793
5620    61.967331584928615
5700    62.05003326171595
5780    62.29623554531415
5860    62.7003939254909
5950    63.3272501134938
6040    64.11276860483383
6130    65.01176405921598
6220    65.93530975733577
6310    66.76683446873383
6400    67.41001614188951
6490    67.79182980764674
6580    67.93374653169147
6680    67.8948195739255
6780    67.75130453031568
6880    67.59922060942893
6980    67.50332578700709
7080    67.49674828173431
7180    67.5884110192585
7280    67.76897642388079
7390    68.04526770506715
7500    68.365444374502
7610    68.67857377111692
7720    68.92646688828144
7830    69.0470160530169
7940    69.00277731842405
8060    68.76874744386491
8180    68.40284308321925
8300    67.96503005408407
8420    67.48050568644702
8540    66.96668826693576
8660    66.43881599589155
8790    65.82908481658106
8920    65.10402776759182
9050    64.20357179866801
9180    63.14143794461391
9310    62.18549497752693
9450    61.618159425327576
9590    61.54153763044287
9730    61.61909452350808
9870    61.57182779958916
10010    61.318557796284296
10160    60.867817719167476
10310    60.329767242706914
10460    59.82882801607583
10610    59.48054627988965
10760    59.36778239001808
10920    59.53785738773049
11080    59.99671305852246
11240    60.69470562058933
11400    61.50541415230201
11570    62.356059736265436
11740    63.07227651877767
11910    63.413910670543224
12080    63.54525593163426
12260    63.4105343306002
12440    63.19687513763878
12620    63.03982904691538
12800    62.99581021533973
12990    63.09060381525313
13180    63.2009873409678
13370    63.25020437572282
13560    63.10903287706022
13760    62.69273721839916
13960    62.06511794571768
14160    61.393243977813775
14370    60.76967130761629
14580    60.37971034022554
14790    60.19979620011263
15010    60.16530335988963
15230    60.02275159444318
15450    59.47279529672444
15670    58.46989132956466
15900    57.03157849478782
16130    55.36259663335777
16360    53.7212137517684
16600    51.83544096649352
16840    49.44090512793086
17080    46.90979221530803
17330    44.54284856334251
17580    42.64366061913486
17840    41.2255452263084
18100    40.40987553735803
18360    40.25787999402148
18630    40.54193030676154
18900    40.64904688167379
19170    41.04659187000678
19450    42.233600570757815
19730    43.368973184423
20000    43.4767900056097
