20    68.77218342655323
20.3    68.77562317746239
20.6    68.7787687227595
20.9    68.78151654767731
21.2    68.78399370938854
21.5    68.78647744400078
21.8    68.78921509594493
22.1    68.79225085414646
22.4    68.79534453011605
22.7    68.79802510251861
23    68.79974197626268
23.3    68.8000443257859
23.6    68.79871965697828
23.9    68.79583572126367
24.2    68.79168474116213
24.6    68.784864334827
25    68.77733647084375
25.4    68.76956219960252
25.8    68.76157746973266
26.2    68.75313742092601
26.6    68.7439186239408
27    68.73367573760683
27.4    68.72232089625032
27.8    68.70993713152134
28.2    68.69673728670163
28.6    68.68298475803576
29    68.66889341820186
29.4    68.654554506029
29.8    68.63993467551576
30.2    68.6249321890308
30.6    68.60944776990374
31    68.59343039578334
31.5    68.57266757358501
32    68.55114355055575
32.5    68.52892841806877
33    68.5060959886716
33.5    68.4827326365218
34    68.45893298145208
34.5    68.43478059256732
35    68.41033006761594
35.5    68.38560682980503
36    68.36062098028358
36.5    68.3353757594001
37    68.30988186892162
37.5    68.28416460989868
38    68.25825432764827
38.6    68.22692904780729
39.2    68.195332817603
39.8    68.16341475308417
40.4    68.13111861377658
41    68.09839934941874
41.6    68.06522556358178
42.2    68.03158571313622
42.8    67.99750015902386
43.4    67.96301588031771
44    67.92818143858642
44.6    67.89303570728197
45.2    67.85761569570695
45.9    67.81601045692366
46.6    67.77418944722484
47.3    67.73223723097018
48    67.69021802368556
48.7    67.64817967804927
49.4    67.60616317973131
50.1    67.56421772638785
50.8    67.52241432362752
51.5    67.48083158230511
52.2    67.43952570710522
53    67.39268270908191
53.8    67.34620732186362
54.6    67.30002311822875
55.4    67.25400834260233
56.2    67.20806200329882
57    67.16216098429474
57.8    67.11634533755708
58.6    67.07066599884817
59.5    67.01945330245206
60.4    66.96834628282215
61.3    66.91717834946418
62.2    66.86577179183018
63.1    66.81399425874781
64    66.76176340448443
64.9    66.70903891635552
65.8    66.65582711507528
66.8    66.59619431354494
67.8    66.5361537662834
68.8    66.4758788360378
69.8    66.41551282854454
70.8    66.35513807369279
71.8    66.29479958098382
72.8    66.23452461944314
73.9    66.16834676405885
75    66.10241597879727
76.1    66.03690401187353
77.2    65.97200766608529
78.3    65.90791763300373
79.4    65.84478867903258
80.6    65.77717576972194
81.8    65.711013362946
83    65.64632402757817
84.2    65.58298529184613
85.4    65.52079681981179
86.6    65.45952190257609
87.9    65.39392345375651
89.2    65.32897290974759
90.5    65.26454882096664
91.8    65.20048460019166
93.1    65.13654919124667
94.5    65.06754517605887
95.9    64.99811575609894
97.3    64.9281142834287
98.7    64.85756987095883
100    64.79175276020752
102    64.69052307781729
104    64.59013224289143
106    64.49106177298162
108    64.39328178568113
110    64.29646269228927
112    64.20032150339442
114    64.1049151728009
116    64.0102368833179
118    63.915935263090674
120    63.82140778154722
122    63.72596024830381
124    63.62878978770372
126    63.52915460666864
128    63.42672038453223
130    63.32159460319623
132    63.214202385825914
134    63.10525873798465
136    62.99586905013836
138    62.88764458013969
140    62.7826536336328
142    62.683419032806434
144    62.59285133612228
146    62.51396551214074
148    62.449483683437506
150    62.40131904197496
152    62.37006895587072
154    62.35476108367493
156    62.35303539607878
158    62.36170834111234
160    62.3774273620157
162    62.39719135824936
164    62.41876409670796
166    62.440750841283034
168    62.462386308568426
170    62.483077089385795
173    62.510403216833836
176    62.52965066672441
179    62.53671503521211
182    62.528633859194116
185    62.50400711285052
188    62.4633009560085
191    62.40875741158268
194    62.34368959388775
197    62.27202156783496
200    62.197773833486025
203    62.12445949380608
206    62.054630872367966
209    61.989696064449966
212    61.929985783962024
215    61.87497275621431
218    61.82352361014286
221    61.77413866377221
224    61.72517862162185
227    61.67510516177987
230    61.622691000483826
233    61.56719718299952
236    61.50844058073129
239    61.446621267912846
243    61.36016469915201
247    61.27024099415779
251    61.1779937243777
255    61.0841790163922
259    60.98908258318416
263    60.892718037816664
267    60.79509608996574
271    60.69630231919281
275    60.5965098706413
279    60.496002104908115
283    60.3951420849414
287    60.29428366357335
291    60.19370913639575
295    60.09361893936554
299    59.994165611692424
303    59.89546549251434
307    59.79757831387934
312    59.676301312281424
317    59.55596607986443
322    59.43643851176737
327    59.317972874094934
332    59.201292465780895
337    59.08753187464174
342    58.9785160083012
347    58.87745820026214
352    58.78934137206261
357    58.72027692828414
362    58.67648391145816
367    58.663428817461735
372    58.684706962894865
377    58.74078898473968
383    58.84898819742995
389    58.99032943949518
395    59.15021688500887
401    59.31584014285424
407    59.47855808709255
413    59.63332075995382
419    59.776691325390885
425    59.90526444107415
431    60.015547845215394
437    60.104906171713694
443    60.17244347284925
449    60.21965284602054
456    60.254460721788014
463    60.275906584818614
470    60.29262609231946
477    60.31121617113195
484    60.33583235705032
491    60.36826962227845
498    60.40895318055743
505    60.45772353240037
512    60.51417204516463
519    60.57770121005312
527    60.65784549886969
535    60.744215506006825
543    60.8343959144323
551    60.92587142946704
559    61.016253921374
567    61.10315345292183
575    61.18411165166697
583    61.25672649838526
592    61.32589503293391
601    61.380148246611746
610    61.419588765761574
619    61.446107255699246
628    61.4630060322966
637    61.4743204699485
646    61.48388460186089
655    61.49463758491723
665    61.510105583826046
675    61.530064521876355
685    61.55419705809227
695    61.58175370055294
705    61.61212172605609
715    61.64503956750315
725    61.68053087168385
736    61.72277175932099
747    61.7687242606285
758    61.81890663072478
769    61.87371353542518
780    61.93315233592794
791    61.99680164035774
803    62.07007723733601
815    62.145969929671736
827    62.22298582177647
839    62.29996434427234
851    62.37638685281415
863    62.45241697121347
876    62.535043888545154
889    62.618838159648504
902    62.70471894221142
915    62.79355738138376
928    62.88613836673562
942    62.990512878393105
956    63.099558414105346
970    63.21245608991312
984    63.32798235686403
998    63.44479219664901
1010    63.54486504582688
1020    63.62752033254553
1030    63.70900657821586
1050    63.86764382514181
1070    64.02091076503143
1090    64.17069604825
1110    64.31961678072005
1130    64.46981620482893
1150    64.62157720181361
1170    64.77346560652342
1190    64.92373828553725
1210    65.07125931370828
1230    65.21523499143615
1250    65.35543214229
1270    65.49225612523091
1290    65.62643777853665
1310    65.7588169779833
1330    65.89025983447118
1350    66.02142710617272
1370    66.1524297620685
1390    66.28290354371887
1410    66.41238660271381
1430    66.5408089432148
1450    66.66846178864381
1470    66.7957048997155
1490    66.92277536905354
1510    67.04968796341566
1530    67.1762971999775
1550    67.30244384854919
1570    67.42804716652057
1590    67.55312014453978
1610    67.67770648269544
1630    67.80185179337909
1650    67.92562640602819
1670    68.0492347616226
1690    68.17289126236327
1710    68.29656662942796
1730    68.41995209683077
1760    68.6039056035867
1790    68.78600434673193
1820    68.96553465616327
1850    69.1418838364633
1880    69.31435000565008
1910    69.48212945190062
1940    69.64480149932623
1970    69.80239431758791
2000    69.95451103822703
2030    70.10012382968407
2060    70.2378923111635
2090    70.36680543172758
2120    70.48624673245598
2150    70.59627486321847
2180    70.69720719186635
2210    70.78967601927809
2240    70.87438314944082
2270    70.9521557800003
2300    71.02386136747799
2330    71.09049815148751
2360    71.15310381974263
2390    71.21238789983025
2420    71.268596926708
2460    71.33870280073485
2500    71.40206730572268
2540    71.4539472747675
2580    71.48649923403352
2620    71.49074151452103
2660    71.45921746818135
2700    71.38856067664443
2740    71.28194686855042
2780    71.14837928200228
2820    70.99912542664754
2860    70.84464663349993
2900    70.69289432931149
2940    70.54941265792544
2980    70.4184815964536
3020    70.3037689101081
3060    70.20861816324532
3100    70.13534568693203
3150    70.07459103274243
3200    70.04490819700034
3250    70.04231233552014
3300    70.06304720174646
3350    70.10401830216566
3400    70.1623158434682
3450    70.23372322128796
3500    70.31098076338091
3550    70.38467536413556
3600    70.44601607874722
3650    70.48825952452589
3700    70.50697936133115
3750    70.50148676349679
3800    70.4758841331716
3860    70.4292671790449
3920    70.37858919852548
3980    70.3351981429187
4040    70.30776403182931
4100    70.30220592428995
4160    70.31958840405551
4220    70.35386240057993
4280    70.39079588783383
4340    70.40977726933076
4400    70.38827954403988
4460    70.30658578643595
4520    70.15278409137164
4590    69.88239531491499
4660    69.5323414233898
4730    69.13221163631357
4800    68.71393415213925
4870    68.30569751465399
4940    67.92878525134063
5010    67.59720821211724
5080    67.31866334151829
5150    67.0959567672157
5220    66.9285109437894
5300    66.80126802480328
5380    66.73484277589034
5460    66.71909198134111
5540    66.74298975096079
5620    66.79415589301794
5700    66.8591456400645
5780    66.92518087080337
5860    66.98151812158028
5950    67.02355644956057
6040    67.0387034318676
6130    67.03055440249801
6220    67.00857693385326
6310    66.98320412154368
6400    66.96520954587794
6490    66.96654411843448
6580    66.99677685651491
6680    67.06873689534552
6780    67.17916676941189
6880    67.31961543178981
6980    67.47598178327696
7080    67.62951600199244
7180    67.75683719287812
7280    67.83353953100206
7390    67.83668618734936
7500    67.7421635888025
7610    67.54953992428878
7720    67.27363238392311
7830    66.94210156723852
7940    66.58651592408592
8060    66.20515596941036
8180    65.85813760905334
8300    65.56288392790418
8420    65.32990344846581
8540    65.16459537369884
8660    65.0657413053408
8790    65.02292295492748
8920    65.02536588794817
9050    65.04778106336823
9180    65.06448336820374
9310    65.0410426880454
9450    64.9216197937235
9590    64.66408317450271
9730    64.25904629458043
9870    63.73282139197701
10010    63.13529456932939
10160    62.4834912644981
10310    61.89286195370808
10460    61.43268105878914
10610    61.156110124848794
10760    61.06535992801283
10920    61.10506955633154
11080    61.184493310229655
11240    61.22511582304763
11400    61.209448487298175
11570    61.175140041065895
11740    61.19460545701922
11910    61.33216282037026
12080    61.62390023722686
12260    62.106214598617555
12440    62.751484781652806
12620    63.52993246183266
12800    64.38626630920999
12990    65.25389936070562
13180    65.89832991895298
13370    66.15968754888243
13560    65.99610991849917
13760    65.47658419347243
13960    64.80977774530668
14160    64.14402635830481
14370    63.4456583944851
14580    62.623754523768284
14790    61.53933292156798
15010    60.06687948487583
15230    58.36464483062282
15450    56.689710677366456
15670    55.29364088053966
15900    54.15507937506939
16130    52.964789473478604
16360    51.973057138077465
16600    51.67949620864723
16840    50.98407131950967
17080    47.96789457269399
17330    41.81445425293237
17580    36.19853148564994
17840    35.590860024223275
18100    37.729853493951666
18360    37.92815903245949
18630    36.07715195825925
18900    33.87102003425241
19170    33.36121838098122
19450    35.275281394080466
19730    37.68556679028771
20000    39.02117713063264
