20    70.37277533061473
20.3    70.37286630218594
20.6    70.37285142888018
20.9    70.37264581146687
21.2    70.37220924172425
21.5    70.37152597518607
21.8    70.37056676076702
22.1    70.36927086469679
22.4    70.36754852601894
22.7    70.36530454160369
23    70.36246491904444
23.3    70.35900736200145
23.6    70.3549720652432
23.9    70.35044529981852
24.2    70.34552692138215
24.6    70.33848960122425
25    70.33097163907632
25.4    70.32295901686008
25.8    70.31441152877096
26.2    70.30536676034889
26.6    70.29600982343356
27    70.28665343201833
27.4    70.27763790559256
27.8    70.26921854228443
28.2    70.26147672971804
28.6    70.2542718899326
29    70.24725445064739
29.4    70.23993148019082
29.8    70.23177296228488
30.2    70.2223406756165
30.6    70.21139236747516
31    70.19892626186767
31.5    70.18153185209309
32    70.16270786780325
32.5    70.14309009486396
33    70.12323401668716
33.5    70.10361744637413
34    70.08462071353372
34.5    70.06645293609276
35    70.049093050372
35.5    70.03231725036817
36    70.01577509475271
36.5    69.99903654906394
37    69.98163307195979
37.5    69.96311352832893
38    69.94312153037008
38.6    69.91690792836738
39.2    69.88819170743355
39.8    69.85711453995023
40.4    69.82402998366453
41    69.78950299678402
41.6    69.75430185870647
42.2    69.71939746669605
42.8    69.68592500718319
43.4    69.655032637995
44    69.62768840817226
44.6    69.60454695595092
45.2    69.58587873596795
45.9    69.56948349833283
46.6    69.55785170500602
47.3    69.54935177295053
48    69.54218411982667
48.7    69.5347461518022
49.4    69.52581907377406
50.1    69.51467979776238
50.8    69.50107152326876
51.5    69.48484102352548
52.2    69.46559249873383
53    69.43931787526977
53.8    69.40823117688703
54.6    69.37223539766822
55.4    69.33094283664511
56.2    69.28376129773653
57    69.23054468638925
57.8    69.17271497231175
58.6    69.11362444431329
59.5    69.04937981567998
60.4    68.98891345494923
61.3    68.93136031917155
62.2    68.87521802840841
63.1    68.81938454684015
64    68.763334934777
64.9    68.70694121426348
65.8    68.65052963780022
66.8    68.5884859053288
67.8    68.52750660497321
68.8    68.46759855519855
69.8    68.40853058644302
70.8    68.34984822241377
71.8    68.29096229771704
72.8    68.23131945654157
73.9    68.16424142705296
75    68.09513896606867
76.1    68.02385619090575
77.2    67.95066520487143
78.3    67.87615696318247
79.4    67.80089419104016
80.6    67.71835878980502
81.8    67.63552309550273
83    67.55225662731746
84.2    67.46838578040061
85.4    67.38386939044526
86.6    67.29872694905222
87.9    67.20577850348349
89.2    67.1120807676738
90.5    67.01767220726424
91.8    66.92250942266669
93.1    66.82641834704525
94.5    66.72158265029643
95.9    66.61492902666845
97.3    66.50608617205593
98.7    66.39503198625815
100    66.29013281352346
102    66.12570496332174
104    65.95745724073996
106    65.78454140691723
108    65.60640805691523
110    65.42432404750366
112    65.24204759814447
114    65.06512515091046
116    64.90014171420981
118    64.7547604231458
120    64.6375516860335
122    64.55651797817931
124    64.51699195744135
126    64.51943230629234
128    64.55818345407785
130    64.6219814896141
132    64.69600033647396
134    64.7654145427735
136    64.81834962173025
138    64.84763098690763
140    64.85085223999155
142    64.8295588835349
144    64.78799692100733
146    64.73153640697555
148    64.66544186899048
150    64.59391643680141
152    64.5196682360043
154    64.44408849438283
156    64.36775398785052
158    64.290886280223
160    64.21362359058313
162    64.13641439688
164    64.06074776053157
166    63.98914911648616
168    63.92458060549281
170    63.869744719259934
173    63.809546902944085
176    63.777266133059115
179    63.76988678708277
182    63.78036484838282
185    63.79971188640963
188    63.81922758274581
191    63.83172979621121
194    63.832373549142766
197    63.81862697520155
200    63.7898592446914
203    63.74696251910536
206    63.691739079596644
209    63.626689020445454
212    63.554850401834805
215    63.47953209977067
218    63.40370128666187
221    63.329726214602545
224    63.2593055604948
227    63.19339577682662
230    63.132253773238524
233    63.0757012481787
236    63.023289525493176
239    62.974431538328616
243    62.91404001088648
247    62.85832263873962
251    62.80635216150773
255    62.75715217704112
259    62.709743557438195
263    62.66318353603276
267    62.6166873302338
271    62.569814680331525
275    62.522441756506936
279    62.47466369085272
283    62.42661563546658
287    62.37832143058742
291    62.32980547148787
295    62.28123686965439
299    62.23290415012082
303    62.185063541277344
307    62.13797479001808
312    62.080599783831346
317    62.02524718605352
322    61.97193566601992
327    61.92030285795637
332    61.86978228330145
337    61.81972861048503
342    61.769470908708854
347    61.71844003213605
352    61.666447785547646
357    61.61383281942666
362    61.561480501220316
367    61.51082234643452
372    61.46373153392915
377    61.422401930530214
383    61.38371080433673
389    61.36047106328892
395    61.355737343200936
401    61.371939697776355
407    61.41007496388911
413    61.46925358541399
419    61.546901761682776
425    61.63908028801107
431    61.740782632828385
437    61.84647112871885
443    61.95041176226548
449    62.047698087603365
456    62.14958361713826
463    62.241319153552524
470    62.33170495074861
477    62.43020636644121
484    62.53600590116162
491    62.63787476242223
498    62.7259568147161
505    62.797191957000564
512    62.85392589832572
519    62.901123282584805
527    62.9508549482849
535    63.00310921944757
543    63.06023039985975
551    63.118961911228425
559    63.174284546975464
567    63.2231896734213
575    63.26537300928643
583    63.302029019435835
592    63.33852494803963
601    63.371585194502025
610    63.40224520675302
619    63.43131891465346
628    63.45964297793651
637    63.48771246181259
646    63.51554986342573
655    63.54305434385301
665    63.57315767796323
675    63.6027437234833
685    63.63168165600392
695    63.65977571731305
705    63.68705091706928
715    63.71388920693744
725    63.74089893685273
736    63.7716220885859
747    63.804320250100176
758    63.839854466286866
769    63.87869239675028
780    63.920749094681895
791    63.965663967756505
803    64.01776860909969
815    64.07358478198805
827    64.13407021949646
839    64.20046933468558
851    64.27411203902118
863    64.35629132823564
876    64.45587438969594
889    64.56613760897369
902    64.68504558768339
915    64.80915998974969
928    64.93449672189439
942    65.0669608480356
956    65.19373276451675
970    65.31238630807522
984    65.421349510282
998    65.51995863736542
1010    65.59652045996394
1020    65.65549967294274
1030    65.71105620925417
1050    65.81567335120953
1070    65.91708902180659
1090    66.02035175283049
1110    66.12729040603472
1130    66.23762400209934
1150    66.35048504218491
1170    66.46460830282265
1190    66.57913365188648
1210    66.6936957859266
1230    66.80821248961065
1250    66.92296819288597
1270    67.03840812255606
1290    67.15437192310281
1310    67.27028007375729
1330    67.38562522010002
1350    67.50002796269837
1370    67.61303894317449
1390    67.72462193395533
1410    67.83556783656451
1430    67.9467916299943
1450    68.0582455375456
1470    68.16874965723233
1490    68.27769451389675
1510    68.38616720570212
1530    68.49547730568851
1550    68.60615971521331
1570    68.71813005362708
1590    68.83080326454234
1610    68.94450375952817
1630    69.05994104932424
1650    69.17751509646516
1670    69.2972408289676
1690    69.41846264922879
1710    69.54046082557653
1730    69.66346415566379
1760    69.8512888933725
1790    70.04320780271985
1820    70.23825270454759
1850    70.433469161715
1880    70.62823865634988
1910    70.82563313619805
1940    71.02654456831502
1970    71.23044296704148
2000    71.43513239725485
2030    71.63749967888963
2060    71.83753322187903
2090    72.03530513219454
2120    72.22969707143898
2150    72.41910906485451
2180    72.60127488208741
2210    72.77208816132003
2240    72.92875930174628
2270    73.07185003247315
2300    73.20077856190844
2330    73.31310808713272
2360    73.40680477421762
2390    73.48177930542005
2420    73.53837957587704
2460    73.58307048438493
2500    73.59298295629648
2540    73.57301504207123
2580    73.52698166717241
2620    73.45860915951474
2660    73.37411895990004
2700    73.28014878769565
2740    73.18094431084407
2780    73.07801908573319
2820    72.97302501937084
2860    72.86846771654143
2900    72.765777174583
2940    72.66597211656017
2980    72.57045992389918
3020    72.4814533199963
3060    72.40195177183017
3100    72.33450784049455
3150    72.26666772589354
3200    72.21502292680866
3250    72.18893990755537
3300    72.1928167851114
3350    72.22540021550066
3400    72.28480300551678
3450    72.3684998827369
3500    72.47407438263627
3550    72.59845154893583
3600    72.7395271997631
3650    72.89421819916575
3700    73.05461194303746
3750    73.21627143470613
3800    73.37961757346127
3860    73.57108924284913
3920    73.74822242713176
3980    73.90551744102805
4040    74.0328598416329
4100    74.12405096567016
4160    74.17469089627068
4220    74.18232539779328
4280    74.1489857078301
4340    74.07657498007939
4400    73.96759103539243
4460    73.82544708690929
4520    73.65555854677942
4590    73.43362479202102
4660    73.19503915986438
4730    72.94509078672313
4800    72.68864590027894
4870    72.4297917677826
4940    72.17014290810877
5010    71.91413670487266
5080    71.66790661932733
5150    71.43555359086051
5220    71.21860231216536
5300    70.99190348762622
5380    70.79591112680646
5460    70.63701992771998
5540    70.5076468552586
5620    70.39819825560619
5700    70.31999367974595
5780    70.27543199877579
5860    70.2535551316538
5950    70.24799043300135
6040    70.26033452172841
6130    70.29112104634811
6220    70.3405478255169
6310    70.40611004553493
6400    70.47764970185204
6490    70.54441093144526
6580    70.59216445135442
6680    70.60808463166666
6780    70.57587839238826
6880    70.48744760922324
6980    70.34561460827825
7080    70.17256480616815
7180    70.00554081732898
7280    69.8740309287753
7390    69.76305526519846
7500    69.65795508492467
7610    69.53835072074557
7720    69.38132844804926
7830    69.19457445329274
7940    68.97551799611162
8060    68.68649740569406
8180    68.32975673450039
8300    67.89581915829004
8420    67.4202302558644
8540    66.97348596877231
8660    66.57658467439919
8790    66.19124629646583
8920    65.84170359653416
9050    65.5173340726736
9180    65.21682099958231
9310    64.92497355478022
9450    64.60222394243328
9590    64.25689580183038
9730    63.89084163264458
9870    63.53537567009562
10010    63.257726521375105
10160    63.11025770542277
10310    63.143840159826425
10460    63.3254996169012
10610    63.58380241828086
10760    63.87771397289985
10920    64.18708305499504
11080    64.49092004444033
11240    64.78761364177765
11400    65.11229823600644
11570    65.50675362499076
11740    65.95141934178884
11910    66.45962391875729
12080    66.97178419836455
12260    67.45564247628018
12440    67.88677736099345
12620    68.29707467489823
12800    68.75657263047674
12990    69.37022663476853
13180    70.01442838043542
13370    70.66366826366489
13560    71.13460726748912
13760    71.26574745070562
13960    70.97039219242157
14160    70.33879086411375
14370    69.57415861119007
14580    68.83011371568973
14790    68.21713908588737
15010    67.75896911201941
15230    67.35392263728113
15450    66.6779506066914
15670    65.54017357568776
15900    63.77301051298926
16130    61.79533982835868
16360    60.342054214257004
16600    60.07305446112946
16840    61.02457546606156
17080    62.002670903038215
17330    61.46367884581035
17580    59.09948469549755
17840    56.238068979456806
18100    54.731728684571316
18360    54.332775306521896
18630    54.31924995274122
18900    53.87859618709065
19170    52.45169180009898
19450    50.03790436961539
19730    47.38286890167575
20000    47.1079893749116
