20    70.17622472715979
20.3    70.17105752382689
20.6    70.16618967366239
20.9    70.16182452306813
21.2    70.1580277223865
21.5    70.15466526500018
21.8    70.1514439698777
22.1    70.1479993190257
22.4    70.14397773823232
22.7    70.13907909962003
23    70.13306925258794
23.3    70.12576905313965
23.6    70.11705752803269
23.9    70.10689201069852
24.2    70.09533190527277
24.6    70.07804765466932
25    70.05913489202484
25.4    70.03908555016534
25.8    70.01816677459414
26.2    69.99642646604221
26.6    69.9738772103698
27    69.95070794921395
27.4    69.92734144691642
27.8    69.9042810850024
28.2    69.88189178276465
28.6    69.86027689473043
29    69.83930928725785
29.4    69.81875139970906
29.8    69.79835079000745
30.2    69.77786755246339
30.6    69.75708435711681
31    69.73586764204572
31.5    69.70882023660658
32    69.68162732658224
32.5    69.65479103942467
33    69.62835118334894
33.5    69.60168708808993
34    69.57389288684595
34.5    69.54439489980533
35    69.51324813228149
35.5    69.48091636152174
36    69.44786926772477
36.5    69.41440059712113
37    69.38070262758787
37.5    69.34696896363961
38    69.31336282295575
38.6    69.27325329388847
39.2    69.23326592507348
39.8    69.19335123636188
40.4    69.15366166275808
41    69.1143786912727
41.6    69.07549264219969
42.2    69.03681148538107
42.8    68.99813099752839
43.4    68.95934628860226
44    68.92043805960483
44.6    68.88139167108372
45.2    68.84212712257144
45.9    68.79589767078053
46.6    68.74925459709912
47.3    68.70265150287105
48    68.65670211471905
48.7    68.61171445871096
49.4    68.56767780714645
50.1    68.52457406166252
50.8    68.48244115500033
51.5    68.44126126512307
52.2    68.40097006963765
53    68.35576069913404
53.8    68.31071585739093
54.6    68.26486830206103
55.4    68.21766183143586
56.2    68.16887195534869
57    68.11834542985368
57.8    68.06625080906724
58.6    68.01315768921987
59.5    67.95304582590715
60.4    67.89326119852441
61.3    67.83435606146492
62.2    67.77666602281056
63.1    67.72035514853687
64    67.66532388188043
64.9    67.6111351105024
65.8    67.55726642839088
66.8    67.49752390406154
67.8    67.43800551004091
68.8    67.37878470772422
69.8    67.31977237525037
70.8    67.2608420240901
71.8    67.2018976016777
72.8    67.14289807766778
73.9    67.07795225642823
75    67.01303363573331
76.1    66.94829533164534
77.2    66.8839629460617
78.3    66.82023172528123
79.4    66.75715703344756
80.6    66.68900955054247
81.8    66.62138689166983
83    66.5540656108842
84.2    66.48684080144713
85.4    66.41967351888098
86.6    66.35275782343234
87.9    66.28099929669301
89.2    66.21053618572131
90.5    66.14148494982904
91.8    66.07342200906217
93.1    66.00586478644004
94.5    65.93331063647469
95.9    65.86058297707285
97.3    65.7871989962965
98.7    65.71294353893524
100    65.64341671411384
102    65.53624777321002
104    65.42946302038891
106    65.3229952754945
108    65.21675355763719
110    65.11099008916509
112    65.00626843285916
114    64.90394443153957
116    64.80610822672024
118    64.71480072517366
120    64.63112019182799
122    64.55514438617756
124    64.48627801593912
126    64.42357202137254
128    64.36600977773847
130    64.31277844989984
132    64.26347232159722
134    64.21802251856342
136    64.17633589366883
138    64.13787178097414
140    64.10146612308648
142    64.06543251095297
144    64.02785642646988
146    63.98691336543314
148    63.94110307239728
150    63.88954970562588
152    63.832125634376446
154    63.76925896633331
156    63.70165467506321
158    63.630112111570085
160    63.55540277428548
162    63.478163155813874
164    63.398874378993014
166    63.31798903821836
168    63.236144272517684
170    63.15427960897286
173    63.03429552441408
176    62.92238663337078
179    62.824375860322874
182    62.74626145097015
185    62.693024081885085
188    62.66732394688577
191    62.66889965327006
194    62.694271164479744
197    62.73751396858952
200    62.79174499215374
203    62.85034301418028
206    62.90786185985485
209    62.96063680376497
212    63.00643223294858
215    63.04365759460158
218    63.07092922151897
221    63.0871297522836
224    63.091719707276695
227    63.0848977731731
230    63.06751271025374
233    63.0409458382252
236    63.00696567056204
239    62.967449643951326
243    62.909037609499514
247    62.84736172468442
251    62.78569472225611
255    62.72659603496105
259    62.67177036563022
263    62.62215206357483
267    62.57799447723257
271    62.539131929742396
275    62.50507582868389
279    62.47497694710415
283    62.4477708987032
287    62.42242364224469
291    62.39814649526646
295    62.37445855480391
299    62.35114505660688
303    62.3282417004374
307    62.305953040250046
312    62.279238069802375
317    62.25397391348049
322    62.23018165022395
327    62.20763112838384
332    62.185787411951395
337    62.163926796775144
342    62.14126484179129
347    62.1172247957109
352    62.091640718203294
357    62.06468210425005
362    62.036687095309034
367    62.00804935238993
372    61.9791722226323
377    61.950504978685075
383    61.91705398128623
389    61.88530840908966
395    61.85579391193009
401    61.82891194220698
407    61.80509792121215
413    61.784816608969344
419    61.76837113195664
425    61.75576133676459
431    61.74683249012527
437    61.74159847138198
443    61.74031954839563
449    61.74350976348158
456    61.753954554052896
463    61.7732556482876
470    61.80334214452207
477    61.8459752105593
484    61.902310840556055
491    61.97238854218741
498    62.05485636958232
505    62.14718701453094
512    62.24613899067592
519    62.34832545603068
527    62.46524303526434
535    62.579063571464005
543    62.68760979122204
551    62.78976291966974
559    62.88515998375606
567    62.97396273048814
575    63.05671378753695
583    63.134307132551555
592    63.21690196545332
601    63.29625299866582
610    63.37369511109707
619    63.44965437497956
628    63.52390613716557
637    63.59629418157
646    63.66718834954328
655    63.73740862918363
665    63.81588068593536
675    63.89633925463431
685    63.98029242997393
695    64.06851873478679
705    64.160573024609
715    64.25507209352486
725    64.3503722775304
736    64.45434674416106
747    64.55595166992896
758    64.65430320483577
769    64.74904759643077
780    64.84002386027399
791    64.92720328107563
803    65.01820331828793
815    65.10553046792873
827    65.19014704002913
839    65.27305840875471
851    65.35518890533352
863    65.4373692584042
876    65.52721460139156
889    65.61828247160685
902    65.71056401454285
915    65.80385008788686
928    65.89773361537544
942    65.99888599101232
956    66.0997913810092
970    66.2005505544309
984    66.3013835434497
998    66.40232595311073
1010    66.48877011165308
1020    66.56055607200639
1030    66.63200121071296
1050    66.77395801592328
1070    66.91511014620649
1090    67.05564828335832
1110    67.19502207987497
1130    67.33218891008303
1150    67.46655204362604
1170    67.59805611826107
1190    67.7267539746447
1210    67.85249810252773
1230    67.97567122394672
1250    68.09708066130588
1270    68.21721515507521
1290    68.33639800627344
1310    68.45493061554127
1330    68.57283443946957
1350    68.68969601062119
1370    68.80507148330778
1390    68.91869139634319
1410    69.03035303490545
1430    69.13993975588167
1450    69.24733000700985
1470    69.352159170616
1490    69.45391664974846
1510    69.5522273134685
1530    69.64694395591629
1550    69.73814710624879
1570    69.8259997522119
1590    69.91052581316232
1610    69.991770805548
1630    70.06989328463408
1650    70.14511345578745
1670    70.21739859795254
1690    70.28643341517267
1710    70.35197084545922
1730    70.4140544229169
1760    70.50077126362862
1790    70.57956080061766
1820    70.64994438981896
1850    70.71162404212384
1880    70.7650666807838
1910    70.81141996345244
1940    70.85145586007928
1970    70.88578724158836
2000    70.915776113014
2030    70.94240333672552
2060    70.96650846912311
2090    70.9892390616622
2120    71.01156325471845
2150    71.03429440330913
2180    71.05897974147433
2210    71.08689815917184
2240    71.11859266574636
2270    71.15472036934334
2300    71.19590262517735
2330    71.24252312063129
2360    71.29463310326867
2390    71.35207022460852
2420    71.41465888754942
2460    71.50526572868876
2500    71.60162689768394
2540    71.7012250618072
2580    71.80163968368464
2620    71.8994870180262
2660    71.99105447309216
2700    72.07399014913483
2740    72.14662146394036
2780    72.20705974737088
2820    72.25411590649558
2860    72.28758849851951
2900    72.30794924541874
2940    72.31631302703845
2980    72.31372939192687
3020    72.30141850023807
3060    72.28116030139248
3100    72.25499933729834
3150    72.21673481156449
3200    72.17492202141324
3250    72.13273658127567
3300    72.09323733322721
3350    72.0586378019059
3400    72.03020930020065
3450    72.00816591809627
3500    71.99207011379444
3550    71.98191010326694
3600    71.97694470881027
3650    71.97532693303887
3700    71.97603282636136
3750    71.97919018168082
3800    71.98588319891246
3860    72.00180139693258
3920    72.03004556326344
3980    72.07111752533899
4040    72.11897426272654
4100    72.1586234697765
4160    72.16814825700855
4220    72.12436711689634
4280    72.00637216951279
4340    71.8002234815384
4400    71.50310414587216
4460    71.12241707885113
4520    70.67077328964558
4590    70.07271970431003
4660    69.41948330889146
4730    68.73192783266572
4800    68.02968393282737
4870    67.33167520759146
4940    66.65582075306972
5010    66.0183103239905
5080    65.4346551232421
5150    64.92140198763343
5220    64.49700055996854
5300    64.1469036269925
5380    63.97022437778227
5460    63.99563334014822
5540    64.23978242654306
5620    64.69339452961793
5700    65.3056537759058
5780    65.98176693590239
5860    66.60083332651021
5950    67.09289898642074
6040    67.2926588129318
6130    67.21931336859123
6220    66.96164966825461
6310    66.62470857587994
6400    66.29274119838203
6490    66.01680880021934
6580    65.82092289673798
6680    65.70773732730261
6780    65.69149159605901
6880    65.74180687455117
6980    65.84659345094052
7080    66.0105085765552
7180    66.23152322820773
7280    66.49734163857309
7390    66.82046279305439
7500    67.14634677959472
7610    67.43871780432862
7720    67.66159102463044
7830    67.78832575385977
7940    67.80569387719834
8060    67.70067215772107
8180    67.48613974848698
8300    67.19376505420509
8420    66.85843133598917
8540    66.51105834983775
8660    66.15961253642001
8790    65.7491410325219
8920    65.28108076945855
9050    64.75902699705262
9180    64.19579697829731
9310    63.60501575495141
9450    63.002654124365066
9590    62.532057358796564
9730    62.199777466625946
9870    61.92362718583158
10010    61.642005107196375
10160    61.34808688877598
10310    61.13321479309392
10460    61.07506740546305
10610    61.231471156720886
10760    61.60835697752174
10920    62.18242885099651
11080    62.82566194634053
11240    63.44892671808832
11400    63.9935425883375
11570    64.43887324280607
11740    64.70806816811125
11910    64.80982085204712
12080    64.80120109389634
12260    64.72128705308798
12440    64.57077607213748
12620    64.30926014439763
12800    63.87601316861747
12990    63.18473638601165
13180    62.26796146918042
13370    61.210909691009974
13560    60.129860747040865
13760    59.076144273554036
13960    58.18278148097741
14160    57.493849317929914
14370    57.02079539257337
14580    56.82561057466319
14790    56.917895210749876
15010    57.30910256782786
15230    57.935571386889436
15450    58.611583046172
15670    58.98041244682356
15900    58.54236873995666
16130    56.944005483427794
16360    54.51044841839476
16600    51.87637622598797
16840    49.444043321555625
17080    47.22274450648659
17330    45.33191581520457
17580    43.87416428682919
17840    42.76289202002498
18100    41.968119494538094
18360    41.33474940625952
18630    40.631310979177535
18900    39.607030369880164
19170    37.986376760856906
19450    35.87482861994781
19730    34.58711354713482
20000    34.495768097218935
