20    70.0523802365553
20.3    70.08871371229
20.6    70.12481651505482
20.9    70.16098166354628
21.2    70.19728190366001
21.5    70.23346253240089
21.8    70.26902382957815
22.1    70.30343943019167
22.4    70.33638242228574
22.7    70.36784877281531
23    70.39817726224578
23.3    70.4279134282035
23.6    70.4575870863022
23.9    70.4874974727915
24.2    70.51759785238548
24.6    70.5573717520884
25    70.5955768046347
25.4    70.63115835480212
25.8    70.66368660318392
26.2    70.69340182361199
26.6    70.72091244333231
27    70.74680747929857
27.4    70.77144095931679
27.8    70.79494608234383
28.2    70.81739132025376
28.6    70.8389052027787
29    70.85966974555481
29.4    70.87982490897349
29.8    70.89937559633958
30.2    70.91820667643677
30.6    70.93617845241073
31    70.95322938491887
31.5    70.97333451828774
32    70.99227721981381
32.5    71.01015455683827
33    71.02696669103892
33.5    71.04276978202597
34    71.05775157340736
34.5    71.07211223847708
35    71.08589286894247
35.5    71.09894359204301
36    71.11105210326082
36.5    71.12210588417433
37    71.13214561343636
37.5    71.14130031650723
38    71.14966736035181
38.6    71.15864503690757
39.2    71.16629086259962
39.8    71.17243427379213
40.4    71.17710074030936
41    71.18059434026462
41.6    71.18338437303586
42.2    71.18589541397884
42.8    71.18833938139664
43.4    71.19069000862834
44    71.19278044588934
44.6    71.19445926860473
45.2    71.19569411695065
45.9    71.19666666834962
46.6    71.19721673735965
47.3    71.19727890437508
48    71.19667979853429
48.7    71.19524367656848
49.4    71.19284182353687
50.1    71.18942136421987
50.8    71.18503072047858
51.5    71.17976558091232
52.2    71.17372619463126
53    71.16610327012995
53.8    71.15813525526417
54.6    71.15023108101018
55.4    71.14243007778815
56.2    71.1344309459669
57    71.12603731488477
57.8    71.11726997598876
58.6    71.10792738363963
59.5    71.09615092300055
60.4    71.08247423037162
61.3    71.06657174349507
62.2    71.04827388218868
63.1    71.02763121964787
64    71.00499308333059
64.9    70.98084374391604
65.8    70.95564195548403
66.8    70.92702264207183
67.8    70.89848592522944
68.8    70.87074330114956
69.8    70.8443681606048
70.8    70.81974629499403
71.8    70.7971237583381
72.8    70.77659194694465
73.9    70.75627366961504
75    70.73786593008552
76.1    70.72068019969694
77.2    70.70403077841209
78.3    70.6873738654668
79.4    70.67033383350133
80.6    70.65103337263741
81.8    70.63081204316873
83    70.60956252617945
84.2    70.58723280367052
85.4    70.5637554030377
86.6    70.53896905272765
87.9    70.51038458618444
89.2    70.47978422330661
90.5    70.44709097787293
91.8    70.41234579056083
93.1    70.37564927555246
94.5    70.33407218306664
95.9    70.29045050606965
97.3    70.24477457195667
98.7    70.1968848976785
100    70.15018722734601
102    70.07350396736345
104    69.99003983563304
106    69.89912202897503
108    69.80114903580179
110    69.69799230154715
112    69.59256820254058
114    69.48816322433765
116    69.38766433772952
118    69.29305862074301
120    69.20535291127683
122    69.12491633852365
124    69.05242724856254
126    68.9896118162718
128    68.9394910520547
130    68.90536077103023
132    68.88948216446364
134    68.89263234716677
136    68.9136377589447
138    68.94950411876889
140    68.99600031164512
142    69.04859584584766
144    69.10298170904278
146    69.15528623903447
148    69.20214761113635
150    69.24072751087408
152    69.2687569187883
154    69.2846306223719
156    69.2874086779744
158    69.27687030462687
160    69.25360595672092
162    69.21907846237369
164    69.17556327400176
166    69.12586033047279
168    69.07295485354507
170    69.0197060288375
173    68.9443323913845
176    68.87906863848087
179    68.82595265513521
182    68.78378413647778
185    68.74901500811038
188    68.7165813244339
191    68.68159014877563
194    68.6409497219223
197    68.59356030063726
200    68.53955389083467
203    68.47955991897078
206    68.41444177044241
209    68.3452444519346
212    68.27304259997683
215    68.19880157736326
218    68.12348680428529
221    68.04808099169225
224    67.9734886352793
227    67.9004374524859
230    67.82943634450987
233    67.76076338086884
236    67.69445405400188
239    67.63028428385269
243    67.54722128815153
247    67.46561642769329
251    67.38386241869321
255    67.30063687628054
259    67.21509721155579
263    67.12687186837579
267    67.03592872497899
271    66.9424426301083
275    66.84675109003442
279    66.74931902333267
283    66.65060362492679
287    66.55094039861902
291    66.45053608464869
295    66.34953509627434
299    66.24809981312274
303    66.1464549491254
307    66.04487092532827
312    65.91839088483411
317    65.79294625214911
322    65.66902489924581
327    65.54694364909814
332    65.42667854363447
337    65.30786485036685
342    65.18982720811611
347    65.07157147027644
352    64.9518997592978
357    64.82964833417401
362    64.70399618583505
367    64.57480772155968
372    64.44294881870124
377    64.31049826972784
383    64.15575909563775
389    64.01381537030478
395    63.895497305972285
401    63.81240900060382
407    63.773691893512144
413    63.7825554964703
419    63.83373349187885
425    63.91418145434448
431    64.00731013009408
437    64.09770828162941
443    64.17405961580516
449    64.23004122494466
456    64.26750369150145
463    64.2778406529041
470    64.26708485538225
477    64.2423837401492
484    64.21041737328409
491    64.17657293208725
498    64.14479608986011
505    64.11793736047922
512    64.0980713794215
519    64.08653954183998
527    64.08423269400845
535    64.09318981203806
543    64.11206463619672
551    64.13868954129578
559    64.17034834903437
567    64.20407029178115
575    64.23701038541616
583    64.26681497749911
592    64.29456309660407
601    64.31514979457248
610    64.32895052644662
619    64.33771664085815
628    64.34394713868487
637    64.35016386580614
646    64.35814386334219
655    64.36860016230096
665    64.38282482854387
675    64.39889519074615
685    64.41597921461246
695    64.43345470042175
705    64.45079812677498
715    64.46764153947926
725    64.48393092645932
736    64.5014712812359
747    64.51899768713828
758    64.536812422644
769    64.55501352272663
780    64.57355794470608
791    64.59242297665816
803    64.61347755115014
815    64.63531422469997
827    64.65838059282478
839    64.68307103998993
851    64.70968854644747
863    64.73853842180083
876    64.77269496021992
889    64.81023629717151
902    64.85137127624509
915    64.89612489596293
928    64.94429032105344
942    64.9995404445271
956    65.05785399430741
970    65.11900235937408
984    65.18291515529612
998    65.24905290369047
1010    65.3065122833541
1020    65.35415540570139
1030    65.40103550883447
1050    65.49123815226517
1070    65.57546706923694
1090    65.65257727028713
1110    65.72177953424915
1130    65.78312381550197
1150    65.83713843838675
1170    65.88455821363775
1190    65.92673860195562
1210    65.96555760018651
1230    66.00313752617426
1250    66.04182861163511
1270    66.08403893349373
1290    66.13170295849898
1310    66.18611626698217
1330    66.24854216486523
1350    66.31983547185412
1370    66.400189247586
1390    66.48919266114723
1410    66.58611459559008
1430    66.69021416048318
1450    66.80103306036213
1470    66.91783144276049
1490    67.03962763549646
1510    67.1656014046967
1530    67.29515036166032
1550    67.4277800237353
1570    67.56298861591563
1590    67.70019796854902
1610    67.83888736169305
1630    67.97859565331198
1650    68.11897946161127
1670    68.25989167342942
1690    68.40127218499923
1710    68.54322653887034
1730    68.68603219514466
1760    68.90211153449678
1790    69.11995534843598
1820    69.3392362569501
1850    69.5596929734518
1880    69.78108766702253
1910    70.00284081908873
1940    70.22358443458728
1970    70.44129307248585
2000    70.65381990190255
2030    70.85932100483922
2060    71.0563726000937
2090    71.2440570439802
2120    71.42229932858095
2150    71.59189355594748
2180    71.75479256999682
2210    71.91310413437489
2240    72.06865119027287
2270    72.2215992979562
2300    72.37013237565392
2330    72.51125305441613
2360    72.6420133486699
2390    72.76060472011304
2420    72.86680011776903
2460    72.98993636193052
2500    73.09376367090438
2540    73.1798171048951
2580    73.25073553432574
2620    73.30948788570001
2660    73.35847528341944
2700    73.39972874037778
2740    73.43478923842386
2780    73.46513879174424
2820    73.49216539816632
2860    73.51728106742755
2900    73.54169477475943
2940    73.56648747959554
2980    73.59305053572021
3020    73.6227025850186
3060    73.65676901707943
3100    73.69607013494695
3150    73.7527514448915
3200    73.8183969522875
3250    73.89402894789038
3300    73.97900248012765
3350    74.0694800749775
3400    74.1603580854871
3450    74.24835381086635
3500    74.33152098885526
3550    74.40458551197277
3600    74.46004418440987
3650    74.49136768249906
3700    74.4884649917079
3750    74.44153707746537
3800    74.34455684855999
3860    74.16137747323641
3920    73.90165404248391
3980    73.57535905468978
4040    73.1872366606441
4100    72.75121659466194
4160    72.28582158468643
4220    71.81115011610427
4280    71.3458388573547
4340    70.90678829301004
4400    70.50735312278165
4460    70.15563539544002
4520    69.8587532599152
4590    69.58573347289746
4660    69.39153638474718
4730    69.28329333281329
4800    69.2655317208027
4870    69.34693820553653
4940    69.54569921284961
5010    69.86755959653263
5080    70.3080546676264
5150    70.86798674340662
5220    71.5256777000387
5300    72.32824791445962
5380    73.0573837674693
5460    73.55317601893296
5540    73.70659627244626
5620    73.50651852557192
5700    73.02398856145817
5780    72.37013644926083
5860    71.6851058590421
5950    70.97173769154224
6040    70.36412824760485
6130    69.88847554395637
6220    69.55171140899975
6310    69.34991447307029
6400    69.26361509950488
6490    69.28818819327094
6580    69.40920459090623
6680    69.63936278780292
6780    69.95851478450382
6880    70.36135102235303
6980    70.83044402878559
7080    71.33752647113002
7180    71.85257811340645
7280    72.33731871263402
7390    72.77981694579546
7500    73.05987024471574
7610    73.11980817634864
7720    72.96511261426878
7830    72.64737850523741
7940    72.21946962308667
8060    71.6803950328599
8180    71.1182369436597
8300    70.56778831344505
8420    70.04864316670512
8540    69.57406791389347
8660    69.15049888009852
8790    68.75325512116066
8920    68.42583581071278
9050    68.15582601547476
9180    67.94458327976207
9310    67.78631583409529
9450    67.67565353141651
9590    67.63897454279007
9730    67.68800583127762
9870    67.82633677359587
10010    68.05327242522176
10160    68.38023405671377
10310    68.7720589857457
10460    69.21443620410241
10610    69.70724461925349
10760    70.2549624794511
10920    70.89517919845294
11080    71.58573909949351
11240    72.30338743616375
11400    72.98848033497308
11570    73.5797607225326
11740    74.0059463238716
11910    74.15831863434316
12080    74.18324749982949
12260    74.06372741921814
12440    73.90891104320968
12620    73.8077062842406
12800    73.7575377040074
12990    73.64103000662878
13180    73.44267116928003
13370    72.80951794964969
13560    71.68560788188972
13760    70.02378347553062
13960    68.09713346208858
14160    66.2063730391298
14370    64.33564532853526
14580    62.6474407596379
14790    61.06269451351818
15010    59.52870397301437
15230    58.2045530153879
15450    57.120313458601224
15670    56.28388583739738
15900    55.70546672391641
16130    55.46456333722234
16360    55.62280530778129
16600    56.09375164320278
16840    56.29324904366365
17080    55.473733249694575
17330    53.39395890930108
17580    50.8205840882361
17840    48.499751978300395
18100    47.19306347614736
18360    47.42615941542387
18630    49.257305955507135
18900    51.7699170065476
19170    53.824592673015374
19450    54.934945762695335
19730    55.190035266588644
20000    55.19582557699834
