
Frequency	dB	Unweighted
20.290906698750476	55.0
20.586044732869844	55.0
20.885475648548283	55.1
21.49746679841394	55.2
22.12739065777668	55.4
22.449240966187475	55.5
22.77577269513385	55.6
23.107053937445478	55.7
23.44315377638505	55.8
23.784142300054445	55.9
24.130090616010463	56.0
24.481070866093134	56.1
24.837156241469714	56.2
25.56494047120865	56.5
25.936791093020236	56.5
26.69679708340074	56.7
27.47907294916184	56.9
28.284271247461966	57.1
28.695675446220072	57.2
29.11306365684382	57.3
29.536522918790062	57.4
29.966141537533712	57.5
30.402009102982383	57.5
30.844216508158908	57.6
31.29285596815558	57.7
31.74802103936409	57.8
32.67830906482211	58.0
33.63585661014871	58.1
34.62146244024586	58.3
35.12504320746613	58.4
35.635948725613716	58.5
36.15428553564419	58.5
36.68016172818701	58.6
37.21368696608603	58.7
37.754972507267915	58.8
38.30413122794313	58.8
38.86127764614443	58.9
39.4265279456077	59.0
40.000000000000206	59.0
40.58181339750116	59.1
41.77095129709678	59.2
42.37852377437204	59.2
42.9949335968281	59.3
43.62030930661056	59.3
44.25478131555359	59.4
44.89848193237519	59.4
45.55154539026795	59.5
46.21410787489121	59.5
46.88630755277036	59.5
47.56828460010916	59.6
48.962141732186545	59.7
49.674312482939705	59.7
50.39684199579528	59.8
51.129880942417586	59.8
51.873582186040764	59.8
52.628100813345895	59.9
53.393594166801776	59.9
54.17022187747612	60.0
54.95814589832399	60.0
55.75753053796041	60.1
57.39135089244048	60.2
58.226127313687975	60.3
59.073045837580466	60.3
59.932283075067765	60.4
60.804018205965114	60.5
61.68843301631817	60.5
62.58571193631152	60.6
63.49604207872855	60.6
64.41961327797075	60.6
66.3072520307241	60.7
67.27171322029778	60.7
68.25020282090806	60.8
69.2429248804921	60.8
70.25008641493265	60.8
71.27189745122783	60.8
72.30857107128878	60.8
74.42737393217246	60.9
76.60826245588666	60.9
78.85305589121582	60.9
81.16362679500274	60.9
84.75704754874454	60.9
85.98986719365665	60.9
87.24061861322157	60.9
88.50956263110764	60.8
89.79696386475084	60.8
91.10309078053635	60.8
92.42821574978288	60.8
93.77261510554118	60.8
96.52036246404286	60.7
97.92428346437356	60.7
99.34862496587989	60.7
102.25976188483567	60.6
103.74716437208203	60.6
105.25620162669229	60.6
106.78718833360406	60.5
108.34044375495276	60.5
109.9162917966485	60.5
111.51506107592134	60.4
113.13708498984903	60.4
114.78270178488147	60.3
116.45225462737648	60.3
119.86456615013608	60.2
121.60803641193078	60.2
123.3768660326369	60.2
128.83922655594208	60.0
130.71323625928977	60.0
134.5434264405962	59.9
136.50040564181674	59.9
140.50017282986593	59.7
144.61714214257822	59.6
148.8547478643456	59.5
151.01989002907314	59.4
155.4451105845792	59.4
160.00000000000236	59.3
162.3272535900062	59.2
164.6883578629612	59.2
167.08380518838874	59.2
169.51409509748981	59.1
171.97973438731407	59.1
177.01912526221608	58.9
182.20618156107355	58.8
184.85643149956664	58.7
187.54523021108326	58.7
190.27313840043846	58.6
193.04072492808663	58.5
198.69724993176072	58.4
201.58736798318304	58.3
204.5195237696723	58.3
207.49432874416505	58.2
210.5124032533856	58.1
213.57437666720915	58.1
219.83258359329807	58.0
223.03012215184378	57.9
226.2741699796992	57.8
229.5654035697641	57.7
232.90450925475412	57.6
236.2921833503241	57.6
239.72913230027333	57.5
250.34284774524843	57.4
257.67845311188546	57.4
265.22900812289896	57.4
269.08685288119375	57.4
273.0008112836349	57.5
276.97169952197106	57.5
281.00034565973334	57.7
289.23428428515797	57.9
293.44129382550057	58.1
297.7094957286928	58.3
302.0397800581479	58.4
306.4330498235497	58.6
315.41222356486645	58.8
320.00000000000654	59.0
324.6545071800142	59.1
329.3767157259242	59.1
334.16761037677935	59.2
339.02819019498156	59.3
343.95946877463007	59.3
348.9624744528898	59.3
354.03825052443415	59.3
359.187855459007	59.3
364.4123631221491	59.3
375.0904604221685	59.3
380.54627680087896	59.3
386.08144985617537	59.2
391.6971338574982	59.2
397.3944998635236	59.2
403.1747359663683	59.2
421.0248065067734	59.3
439.6651671865984	59.3
459.13080713953053	59.3
465.8090185095106	59.3
472.58436670065066	59.3
479.45826460054917	59.3
486.432145647728	59.3
500.6856954904994	59.3
515.3569062237735	59.3
530.4580162458005	59.3
553.9433990439449	59.4
562.0006913194694	59.4
570.1751796098309	59.5
578.4685685703187	59.6
586.8825876510039	59.7
595.4189914573883	59.8
604.0795601162986	59.8
621.780442338323	59.8
640.0000000000159	59.9
649.3090143600314	59.8
658.7534314518515	59.8
668.3352207535618	59.8
678.0563803899662	59.8
708.0765010488715	60.0
728.8247262443015	60.3
761.0925536017613	60.9
783.3942677149998	61.2
794.7889997270506	61.3
806.34947193274	61.4
829.9773149766683	61.6
842.0496130135506	61.7
854.2975066688449	61.8
879.3303343732008	62.0
892.1204886073838	62.1
905.0966799188055	62.2
918.2616142790653	62.2
945.1687334013056	62.2
972.8642912954606	62.1
1001.3713909810035	62.2
1030.7138124475518	62.6
1060.916032491606	63.4
1092.0032451345498	64.3
1140.350359219667	65.6
1173.765175302013	66.4
1190.837982914782	66.7
1208.1591202326028	67.0
1243.5608846766518	67.4
1261.648894259477	67.5
1280.0000000000375	67.6
1298.6180287200684	67.8
1317.5068629037087	67.9
1336.6704415071292	68.0
1375.8378750985323	68.3
1416.153002097749	68.5
1436.7514218360407	68.4
1457.6494524886093	68.0
1478.8514519965543	67.3
1544.3257994247153	64.0
1589.5779994541087	62.8
1612.6989438654878	62.8
1636.156190157402	63.1
1708.5950133376978	64.0
1758.6606687464096	64.5
1784.2409772147755	64.7
1863.2360740380593	65.5
1917.833058402214	66.3
1974.0298565222283	67.0
2002.7427819620161	66.9
2061.4276248951132	65.3
2091.411780148677	63.6
2121.832064983222	61.4
2152.694823049581	59.2
2184.0064902691106	57.5
2248.002765277899	57.1
2280.7007184393456	58.0
2313.874274281297	59.1
2381.6759658295764	61.3
2416.318240465218	62.1
2451.4643985884327	62.8
2487.1217693533167	63.2
2523.2977885189675	63.2
2560.0000000000887	62.6
2597.236057440151	61.5
2635.0137258074315	59.8
2712.225521559891	55.8
2751.6757501970797	54.1
2791.699795623158	52.8
2915.2989049772345	52.5
3000.723683377391	53.6
3044.370214407075	54.1
3088.6515988494466	54.6
3133.57707086003	55.2
3225.3978877309914	57.4
3319.9092599067053	59.9
3368.198452054235	60.7
3517.3213374928373	61.6
3726.472148076138	60.6
3780.6749336052594	60.2
4182.823560297375	60.7
4305.389646099183	61.5
4368.012980538242	61.4
4431.5471923516225	61.3
4496.00553055582	61.2
4561.401436878714	61.1
4627.748548562617	61.2
4695.060701208099	61.6
4832.63648093046	62.6
4902.928797176889	63.1
4974.243538706657	63.5
5046.595577037959	63.7
5270.027451614888	63.7
5346.6817660285715	64.1
5424.451043119808	64.7
5503.351500394186	65.3
5583.399591246343	65.8
5747.005687344222	66.6
5830.597809954497	67.0
5915.405807986278	67.2
6001.447366754812	67.4
6088.740428814181	67.6
6267.154141720092	67.6
6358.3119978165005	67.5
6450.795775462017	67.3
6736.396904108505	66.9
6933.788400317181	67.5
7136.963908859177	68.7
7240.773439350552	69.3
7346.092914232631	69.7
7452.944296152315	70.0
7782.914330363799	69.9
7896.119426088994	69.8
8010.971127848146	69.5
8127.49338607753	69.1
8245.710499580537	68.7
8365.647120594791	68.2
8487.328259932974	68.0
8610.77929219841	68.1
8736.025961076528	68.4
8863.094384703289	68.7
8992.011061111683	68.6
9122.802873757471	67.9
9255.497097125279	66.8
9390.121402416245	65.6
9665.272961860968	63.7
9805.857594353829	63.4
10240.000000000457	65.4
10540.05490322983	67.0
10848.902086239672	66.2
11006.703000788428	64.8
11166.799182492743	63.3
11329.224016782166	62.0
11494.0113746885	61.1
11661.195619909053	61.0
11830.811615972614	61.3
12002.894733509682	62.1
12177.48085762842	63.0
12354.606395397908	64.0
12534.308283440243	64.6
12716.62399563306	64.3
12901.591550924093	63.5
13089.249521259411	62.4
13279.637039626952	61.6
13472.793808217073	61.0
13668.760106701786	60.6
13867.576800634426	60.0
14069.285349971487	59.6
9948.487077413367	63.7
14273.927817718419	59.2
14481.54687870117	58.8
14692.18582846533	58.4
14905.888592304698	58.1
15122.699734421185	58.0
15342.664467217943	57.8
15792.238852178061	56.7
16021.942255696367	56.0
16254.986772155136	55.6
16491.42099916115	55.1
16731.294241189662	53.6
16974.65651986603	51.2
17221.558584396902	48.1
17726.188769406665	43.0
17984.022122223458	43.3
18245.605747515034	45.9
18510.99419425065	49.3
18780.242804832582	51.9
19053.40772663689	53.1
19330.545923722028	52.6
19611.71518870775	50.7
19896.974154826825	48.3
20186.382308152035	47.4
10693.363532057198	67.0
10388.944229760706	66.4
10093.19115407597	64.4
9526.7038633184	64.5
6177.303197698925	67.6
7561.349867210557	70.1
6834.380053350861	67.1
