20    69.35284776954357
20.3    69.33137879178173
20.6    69.31019216363322
20.9    69.28904950712126
21.2    69.267463544253
21.5    69.24486698331489
21.8    69.22094106394286
22.1    69.19591759014361
22.4    69.17063936936384
22.7    69.14627981027226
23    69.12386019244248
23.3    69.10380633520447
23.6    69.08577029988851
23.9    69.06880742225054
24.2    69.05182136211525
24.6    69.02793447918759
25    69.00251468331632
25.4    68.97650079433222
25.8    68.95068082220779
26.2    68.92455538421363
26.6    68.89639675882557
27    68.86447536782094
27.4    68.82846342521754
27.8    68.78992000579836
28.2    68.75153992794068
28.6    68.7157826930897
29    68.68385002414442
29.4    68.65553772823048
29.8    68.62977722249254
30.2    68.60531328724798
30.6    68.58110367406512
31    68.55642551956839
31.5    68.52434693443159
32    68.4908829901148
32.5    68.45673075360662
33    68.42296660773998
33.5    68.39038789063696
34    68.359116118808
34.5    68.3287268723997
35    68.29862389569956
35.5    68.26828912659512
36    68.23738418922437
36.5    68.2058274094617
37    68.17379748044142
37.5    68.141537653576
38    68.10903465273012
38.6    68.06908888532695
39.2    68.02709859354204
39.8    67.98249048579197
40.4    67.93563322895136
41    67.88758105768805
41.6    67.83949108593723
42.2    67.7921951343304
42.8    67.74609627541159
43.4    67.70128766719642
44    67.65770761730587
44.6    67.61524408454835
45.2    67.57380285500358
45.9    67.52667491571677
46.6    67.48075741840299
47.3    67.43581762121961
48    67.39151167207798
48.7    67.34730867206733
49.4    67.30232699941635
50.1    67.25560402162978
50.8    67.20679790877027
51.5    67.15647281316026
52.2    67.10555320007276
53    67.0473620130874
53.8    66.98936134514088
54.6    66.93164253757799
55.4    66.87438526454862
56.2    66.8177321841018
57    66.76193102794338
57.8    66.70745266167714
58.6    66.65456551862788
59.5    66.59653374755516
60.4    66.53893747804017
61.3    66.48035328482514
62.2    66.4197464608246
63.1    66.35741017584895
64    66.2949657538486
64.9    66.23481635322642
65.8    66.17905698134247
66.8    66.12294898603153
67.8    66.07228985962306
68.8    66.02577893899596
69.8    65.98133311920009
70.8    65.93666950774421
71.8    65.88965159767858
72.8    65.83865517840002
73.9    65.77772771161399
75    65.71322389812426
76.1    65.64676917938985
77.2    65.57923965064752
78.3    65.5111845319474
79.4    65.44312949554575
80.6    65.36933818169861
81.8    65.29626893592763
83    65.22426948309186
84.2    65.1537979060581
85.4    65.08514137390566
86.6    65.01821485424028
87.9    64.94715714694276
89.2    64.87713984491259
90.5    64.80820235275101
91.8    64.74070177881586
93.1    64.6746568962501
94.5    64.60420194871577
95.9    64.53303455583827
97.3    64.46051997197847
98.7    64.38711309128124
100    64.31887279071226
102    64.21473870078148
104    64.11372511471245
106    64.01906092531019
108    63.931061583044794
110    63.84696707149702
112    63.762652058534016
114    63.67361704218014
116    63.57663157144505
118    63.47154656666372
120    63.36043669284771
122    63.24569163258762
124    63.12956138634563
126    63.01343763968979
128    62.897455437759604
130    62.781620835076765
132    62.66648329397562
134    62.5537520685487
136    62.44621808221875
138    62.34745377475841
140    62.26231520647673
142    62.19650239476478
144    62.15659066311191
146    62.14985613651248
148    62.18296138331088
150    62.25954238479446
152    62.37830545063133
154    62.53326361747342
156    62.71497159222848
158    62.91173098829151
160    63.11122185640174
162    63.30219049191493
164    63.475520124060765
166    63.62505512224223
168    63.747723214329284
170    63.84291157093847
173    63.93749360665361
176    63.983612967540225
179    63.99482330769476
182    63.98468592663792
185    63.96231825561634
188    63.93117202259904
191    63.89215148668224
194    63.84631585712701
197    63.794409093157675
200    63.736834843087976
203    63.67437383151602
206    63.608234427211684
209    63.539564426406166
212    63.469283155778314
215    63.39825616107605
218    63.32743422028129
221    63.25788507501102
224    63.190645580792705
227    63.1266580180296
230    63.0666337724854
233    63.01065339464829
236    62.95810677305897
239    62.90812685602463
243    62.84421342846592
247    62.78251570965698
251    62.72336501483127
255    62.66729338238346
259    62.61347522828097
263    62.56047197853073
267    62.50800697867564
271    62.456263324546505
275    62.40531327442902
279    62.355765719936265
283    62.30853403651021
287    62.26414713216931
291    62.22291496364268
295    62.18513675683145
299    62.150966410500146
303    62.12040459902555
307    62.0934685458286
312    62.06451739982012
317    62.03941270969325
322    62.01627343100077
327    61.993409763021745
332    61.96932594269931
337    61.942813860560726
342    61.9133947216974
347    61.88104183753252
352    61.845633469511455
357    61.80708709975114
362    61.76587576238451
367    61.72317807112517
372    61.68057823804879
377    61.639691343336
383    61.5951730887339
389    61.558223422700365
395    61.530985055652394
401    61.51541938116917
407    61.514342331459225
413    61.53103947333422
419    61.56787340794149
425    61.625946136323634
431    61.70512196042939
437    61.8030700215067
443    61.915339221955506
449    62.036378893700515
456    62.18162471782435
463    62.325247314205
470    62.46281915223363
477    62.590992733535735
484    62.7076870884488
491    62.81176850650992
498    62.90306047920721
505    62.983353146836556
512    63.055502509151395
519    63.12218480316389
527    63.19601962241755
535    63.2725301185641
543    63.354915784553626
551    63.444115457907905
559    63.53962687616183
567    63.64044797606423
575    63.74541101438402
583    63.852905192533136
592    63.97459930933797
601    64.09482935078309
610    64.21171007680087
619    64.32396287095025
628    64.43089407062725
637    64.53214640672039
646    64.62728094071105
655    64.71631149069653
665    64.80910552670284
675    64.89691433838877
685    64.98093697691164
695    65.06268961453202
705    65.14423166090208
715    65.2263066277456
725    65.30769788769571
736    65.39488092509211
747    65.47894672487092
758    65.55961304419885
769    65.63630136648334
780    65.70848057286716
791    65.77640028223396
803    65.84681936913947
815    65.91532210828227
827    65.98373466731535
839    66.05291614574733
851    66.12314196570853
863    66.19464744001115
876    66.27350186570075
889    66.35326212707231
902    66.43337049084428
915    66.51384848479645
928    66.59521050073843
942    66.68412370428923
956    66.7741709598709
970    66.86515050612502
984    66.95674600201056
998    67.04731917373022
1010    67.12244272959555
1020    67.18273396851751
1030    67.24072199445197
1050    67.34901517485255
1070    67.44739260212422
1090    67.5390536975331
1110    67.62696007144706
1130    67.71248740311879
1150    67.79350965822044
1170    67.86712401304916
1190    67.93373805096863
1210    67.99675338702758
1230    68.05831257509573
1250    68.11779478295946
1270    68.1739869301619
1290    68.2269819654307
1310    68.2780298566941
1330    68.32811083387296
1350    68.3777915536154
1370    68.42746606541822
1390    68.47667292486553
1410    68.52379941136087
1430    68.56778257242408
1450    68.60933908055623
1470    68.6500756788769
1490    68.69081192691307
1510    68.7311393150731
1530    68.77050074616582
1550    68.80909144568322
1570    68.84791803148187
1590    68.88831775724235
1610    68.93081960615604
1630    68.97516061279872
1650    69.02145591048902
1670    69.06967248599112
1690    69.11943594582817
1710    69.17047270959759
1730    69.22281461364099
1760    69.30411426554983
1790    69.38975830117649
1820    69.47944324469063
1850    69.57249345446837
1880    69.6683613925255
1910    69.7663800499771
1940    69.86666404716948
1970    69.96957580334481
2000    70.07479990771674
2030    70.18209327653334
2060    70.29076357914866
2090    70.39932836308424
2120    70.50650421076023
2150    70.61197197205573
2180    70.71536795647245
2210    70.81656999206889
2240    70.91491731406981
2270    71.00898889915679
2300    71.09785975044062
2330    71.18136649357515
2360    71.2596113640052
2390    71.33237436173388
2420    71.39867664179977
2460    71.47513271156541
2500    71.5377470361033
2540    71.58670324239532
2580    71.62507417342437
2620    71.65738004513432
2660    71.68153272725235
2700    71.6931930375395
2740    71.69176862293418
2780    71.68175854285245
2820    71.66612198161744
2860    71.64181021746089
2900    71.60673923063268
2940    71.56489391832879
2980    71.52267864377605
3020    71.48041463783103
3060    71.43615967865159
3100    71.39171301488267
3150    71.33893739420412
3200    71.29111490280482
3250    71.2511692091862
3300    71.21790184924913
3350    71.19099339250948
3400    71.17377857821103
3450    71.1682286365227
3500    71.17356120685635
3550    71.18857792428106
3600    71.21290751118835
3650    71.24585591900649
3700    71.2850930739435
3750    71.32736680140347
3800    71.36997749777026
3860    71.41576314771989
3920    71.44561547901947
3980    71.449519675097
4040    71.41616538389681
4100    71.33263477072462
4160    71.18801962275737
4220    70.98275803021286
4280    70.73764258999816
4340    70.49211692713294
4400    70.28989782070738
4460    70.15811653149271
4520    70.09672120889569
4590    70.0856998522533
4660    70.10046624194322
4730    70.10851225999339
4800    70.0842803823631
4870    70.0087228294446
4940    69.8706910945228
5010    69.6753580431884
5080    69.44258755932654
5150    69.19894951304525
5220    68.96888098664806
5300    68.73934203554481
5380    68.5526843193482
5460    68.4149161663949
5540    68.32836115952142
5620    68.29254625247746
5700    68.30332128113912
5780    68.35347979293726
5860    68.43105969310614
5950    68.53304404803899
6040    68.62308980879756
6130    68.66212451250706
6220    68.60681437262882
6310    68.42196484942099
6400    68.09253683815652
6490    67.62865574028991
6580    67.06175509696254
6680    66.36619881606889
6780    65.66619090229577
6880    65.01471774052088
6980    64.45869401950121
7080    64.03478655257042
7180    63.75702818939706
7280    63.63309437172006
7390    63.681281996267145
7500    63.92318475708964
7610    64.34951268169301
7720    64.93204785528755
7830    65.62155027397755
7940    66.3564740436525
8060    67.13806750901989
8180    67.82801580014433
8300    68.36827914587175
8420    68.73080598307425
8540    68.92745551817993
8660    69.00249209834152
8790    69.01475927145593
8920    69.00358708852295
9050    68.9555598014775
9180    68.79830543850889
9310    68.40930504015178
9450    67.63370892571368
9590    66.53875231099215
9730    65.30009187381324
9870    64.13826082491799
10010    63.23592723920091
10160    62.63573571137354
10310    62.3597062641481
10460    62.33324250137893
10610    62.505126950969014
10760    62.808091169718296
10920    63.18104444486455
11080    63.526369445026674
11240    63.76728208295019
11400    63.85964751371416
11570    63.820618947812775
11740    63.70473631990569
11910    63.59621643248424
12080    63.563962456710144
12260    63.647054219368336
12440    63.84264410359221
12620    64.09880901073996
12800    64.32630677937468
12990    64.41446794306499
13180    64.25063342904218
13370    63.803653922227014
13560    63.128150150913264
13760    62.321862014642335
13960    61.580910531476746
14160    61.01583161314737
14370    60.65140576648573
14580    60.46413239372586
14790    60.31059840616861
15010    59.996713214969546
15230    59.372718627213715
15450    58.37901592019433
15670    57.14787656615903
15900    55.92424566977036
16130    54.798995894268856
16360    53.27650383540679
16600    50.76166812226243
16840    47.56461730838484
17080    44.4717748011669
17330    41.82264658268958
17580    39.95146761676736
17840    39.13247757517928
18100    39.07070961054518
18360    39.014779605720385
18630    39.06845830843987
18900    39.43876976156614
19170    40.3145908598174
19450    42.13737622205741
19730    44.38966447560075
20000    45.74755791765917
