20    71.06067432769547
20.3    71.06740989601727
20.6    71.07411158277449
20.9    71.08069497955884
21.2    71.0868412783517
21.5    71.09205828568444
21.8    71.09583621803817
22.1    71.0978182470655
22.4    71.09791630082341
22.7    71.09628645756297
23    71.09322499452784
23.3    71.08901094890061
23.6    71.08376261708645
23.9    71.07738252693619
24.2    71.06961465222028
24.6    71.0566422646795
25    71.04042493495837
25.4    71.02127397834653
25.8    71.00007945516478
26.2    70.97793651238831
26.6    70.9557358565306
27    70.93392459684654
27.4    70.91252054470749
27.8    70.89126695299618
28.2    70.86982477307374
28.6    70.84792304976713
29    70.82543504348608
29.4    70.80238825179595
29.8    70.77891412748963
30.2    70.75514946619553
30.6    70.73116391483273
31    70.70694267505014
31.5    70.67624445765375
32    70.64500806221669
32.5    70.61326472668827
33    70.58109173008779
33.5    70.54851432742392
34    70.51549713111561
34.5    70.48200181575608
35    70.4480207144731
35.5    70.41357577371241
36    70.37870199466727
36.5    70.34342747438913
37    70.30774766961916
37.5    70.27161857714044
38    70.23499558385774
38.6    70.19039114092075
39.2    70.14510888301169
39.8    70.09918231298154
40.4    70.05265764425523
41    70.0056729377366
41.6    69.95849959924438
42.2    69.9115070689218
42.8    69.86510413733964
43.4    69.81962624391016
44    69.77512891740707
44.6    69.7312125552649
45.2    69.68711519366062
45.9    69.63443580926645
46.6    69.57991017835991
47.3    69.52387107013351
48    69.46735399168426
48.7    69.41168132623959
49.4    69.35805905922867
50.1    69.30717429340952
50.8    69.25883337925623
51.5    69.21192152158216
52.2    69.16478901042089
53    69.108880934713
53.8    69.05029263106411
54.6    68.99010363432801
55.4    68.92965940412472
56.2    68.86953353438585
57    68.80946307113567
57.8    68.74834991835857
58.6    68.68496907197812
59.5    68.61208713073664
60.4    68.54117161300998
61.3    68.47491126234826
62.2    68.41289466357307
63.1    68.35313806340896
64    68.29383224516951
64.9    68.23341120656482
65.8    68.17058446735368
66.8    68.09864863234924
67.8    68.02698362844882
68.8    67.95716404507945
69.8    67.88922917084028
70.8    67.82255671695725
71.8    67.7564894098679
72.8    67.6903810085528
73.9    67.61680581813089
75    67.5417103748596
76.1    67.46490001036756
77.2    67.38648981950006
78.3    67.3067837159849
79.4    67.22634476263968
80.6    67.13858560288273
81.8    67.05166837211335
83    66.96626475900368
84.2    66.8827824073665
85.4    66.80143427676987
86.6    66.7222816233059
87.9    66.63883596157675
89.2    66.55730902221572
90.5    66.47695534036218
91.8    66.39687779365352
93.1    66.31620959702894
94.5    66.22795821189868
95.9    66.1379979005203
97.3    66.04665394118268
98.7    65.95491486666046
100    65.87074630717723
102    65.74643411971871
104    65.63215670483629
106    65.53030051033384
108    65.4406184050317
110    65.3605089275124
112    65.28592050558666
114    65.21302863032255
116    65.1394824825087
118    65.06464016573976
120    64.98916765718873
122    64.9145971078465
124    64.84316607151166
126    64.77758238732031
128    64.72136908968577
130    64.67916916049977
132    64.65649825092922
134    64.65884960736003
136    64.69025185337541
138    64.7519824744314
140    64.84165485716669
142    64.95296629000487
144    65.07623920331942
146    65.19983608899736
148    65.3118025469503
150    65.40174592752382
152    65.46252482981603
154    65.49123177285472
156    65.48874172622578
158    65.45856583364147
160    65.40562276060336
162    65.33520758906883
164    65.25227820911246
166    65.16108920590543
168    65.06505289038603
170    64.96673333367028
173    64.81879692117546
176    64.6739625533595
179    64.535371492298
182    64.40547415691884
185    64.2863908771178
188    64.17998366984843
191    64.08743687761131
194    64.00884383603336
197    63.943039856102246
200    63.887623985725355
203    63.83937168984985
206    63.79484154195996
209    63.75099283212376
212    63.705506565230124
215    63.656895483528345
218    63.60435942460475
221    63.54754634543603
224    63.48652787710783
227    63.42176585339497
230    63.35388556817013
233    63.28346892233682
236    63.21106450044334
239    63.137240270364686
243    63.037630850411254
247    62.9379344192085
251    62.839439569618094
255    62.743122612429964
259    62.649627862214466
263    62.55937774993437
267    62.472550267794034
271    62.3890595896833
275    62.30851099051053
279    62.23026702439934
283    62.15366805640912
287    62.078070698412276
291    62.002793223267886
295    61.927239947684626
299    61.85111328522198
303    61.77439043508916
307    61.69714644884998
312    61.600072719171365
317    61.5026744072991
322    61.40506294934095
327    61.30744046095687
332    61.21039143003666
337    61.11486426577984
342    61.0219462529828
347    60.93308748510374
352    60.85048611604812
357    60.777028268795036
362    60.71583160380736
367    60.66972686767275
372    60.64107628371717
377    60.63161382468233
383    60.64652707226233
389    60.68902362407697
395    60.75535264596224
401    60.84010969027169
407    60.9376040320261
413    61.042406266833794
419    61.14943196839241
425    61.254055244400575
431    61.352884982458285
437    61.444360764725296
443    61.52825816267446
449    61.60508569777622
456    61.686574165630915
463    61.76014341895036
470    61.82648604849257
477    61.886331981221446
484    61.94082667086243
491    61.991787463649175
498    62.041569455049455
505    62.09275480169997
512    62.147729473994346
519    62.20817481290436
527    62.28473949082182
535    62.3688643472494
543    62.45895665151741
551    62.552360985023626
559    62.64582579579407
567    62.73603690915636
575    62.820212522751135
583    62.89639266544371
592    62.9713612147325
601    63.03516912311984
610    63.089366197397226
619    63.13623037462945
628    63.178144270894464
637    63.21716660413436
646    63.25466607164956
655    63.29124776495195
665    63.33081089841946
675    63.36880803048548
685    63.40481879613865
695    63.43876218656378
705    63.47096891162621
715    63.50213764860491
725    63.53316132056014
736    63.56808414989841
747    63.60460738639874
758    63.64327058611529
769    63.684440617382876
780    63.72831191561386
791    63.77490917527824
803    63.82874694064435
815    63.88554265188377
827    63.94509223641087
839    64.0072070857028
851    64.0716310853698
863    64.13806224917269
876    64.21206183244497
889    64.2880688827629
902    64.36623279382236
915    64.44686088630789
928    64.53018666648231
942    64.62310998378601
956    64.71916885507645
970    64.81786342039062
984    64.91897976792987
998    65.02281507773999
1010    65.11470016182695
1020    65.19407836381545
1030    65.27657802535379
1050    65.44985322384244
1070    65.62674190719885
1090    65.79767286511343
1110    65.95942862790864
1130    66.11534256474712
1150    66.27007501736851
1170    66.42642730465099
1190    66.58577905600096
1210    66.74870566951506
1230    66.9150024196064
1250    67.08351331363545
1270    67.25232137332306
1290    67.41833723640937
1310    67.57787004960225
1330    67.72695655200783
1350    67.86255509849846
1370    67.98359211642378
1390    68.0915197115903
1410    68.19042696681774
1430    68.28563926541294
1450    68.38139844750918
1470    68.47951463300163
1490    68.58031730076245
1510    68.68443337682376
1530    68.79211607471606
1550    68.90258433162623
1570    69.01436114305905
1590    69.12584805012115
1610    69.23685443961585
1630    69.34787117184953
1650    69.45908894375225
1670    69.57023716367706
1690    69.68055108883347
1710    69.78932239325096
1730    69.89679157294749
1760    70.05726667136878
1790    70.21768928029277
1820    70.37724544127634
1850    70.53301137940724
1880    70.68437674628231
1910    70.83389846053237
1940    70.98215535947912
1970    71.1289235210165
2000    71.27276491121766
2030    71.41152766349927
2060    71.54612358459947
2090    71.67788068026962
2120    71.8069610703828
2150    71.93325578752902
2180    72.05580086926007
2210    72.17193958225712
2240    72.28035638582003
2270    72.38328893129679
2300    72.48181684185127
2330    72.57547926882663
2360    72.6639564366923
2390    72.74775284717705
2420    72.82673191412029
2460    72.92157463673823
2500    73.00314077021719
2540    73.07449879263866
2580    73.13562754214868
2620    73.18530752801246
2660    73.22468868451925
2700    73.2554502268501
2740    73.27767586727667
2780    73.29006154136849
2820    73.29325144621734
2860    73.28969220256826
2900    73.28015635198709
2940    73.2644555395144
2980    73.24296415069193
3020    73.21683592668712
3060    73.18732389381151
3100    73.1551774090033
3150    73.10895223944723
3200    73.05162682398459
3250    72.99230799605681
3300    72.9371290246981
3350    72.88846565665557
3400    72.84861118568614
3450    72.8189632023646
3500    72.800862137166
3550    72.79321293044917
3600    72.794038337837
3650    72.80194087765804
3700    72.81257008234806
3750    72.82684408262404
3800    72.8506058822597
3860    72.89258879998667
3920    72.94961309169702
3980    73.02177021845924
4040    73.108698755787
4100    73.20714833574075
4160    73.30898756402814
4220    73.40292842552286
4280    73.48272079044193
4340    73.54752649651826
4400    73.59621302415871
4460    73.62597952750608
4520    73.6388622875105
4590    73.64202841711234
4660    73.63473034980024
4730    73.61235047292644
4800    73.56985198402653
4870    73.50653952713915
4940    73.4318827560375
5010    73.36896800538265
5080    73.31627445034135
5150    73.2425094779451
5220    73.12866841417517
5300    72.95595833972556
5380    72.75783837006921
5460    72.54944797335133
5540    72.33075140972889
5620    72.09863308427097
5700    71.86913490261935
5780    71.6489215502429
5860    71.4377245791738
5950    71.21260713435143
6040    71.00481371832393
6130    70.81956047277491
6220    70.66152397767645
6310    70.533425751954
6400    70.43296371300454
6490    70.3653572981772
6580    70.32624877455987
6680    70.30595898370325
6780    70.30590572815852
6880    70.31863205950768
6980    70.33277589669134
7080    70.33469033667824
7180    70.30669255095947
7280    70.2271820479341
7390    70.04049764028541
7500    69.71468417277707
7610    69.24841869861159
7720    68.65635027039818
7830    67.97193700264768
7940    67.25054333874505
8060    66.54571133927737
8180    66.08028293857653
8300    65.92867955213677
8420    66.10679239974871
8540    66.60583054468931
8660    67.38219986161786
8790    68.44637749056034
8920    69.59832168257546
9050    70.68429799555463
9180    71.5703727031258
9310    72.17706246459844
9450    72.49830006283868
9590    72.53846407350937
9730    72.4255390177562
9870    72.28974203611921
10010    72.22863923101441
10160    72.30803202373187
10310    72.58692567216954
10460    73.11000351963636
10610    73.89107501095835
10760    74.95859273279547
10920    76.32864581895902
11080    77.59260375722977
11240    78.1646403286256
11400    77.75184274765591
11570    76.12733918274454
11740    74.05663896439988
11910    72.06246451209215
12080    70.25084667302681
12260    68.74344965777362
12440    67.52092361996205
12620    66.59430086349596
12800    65.92953058980162
12990    65.55035271973472
13180    65.26027103157342
13370    65.23985246138534
13560    65.4040004836202
13760    65.7043745525284
13960    66.03784243675406
14160    66.24871434978846
14370    66.28506296085479
14580    65.92845862633519
14790    65.22180293057112
15010    64.14429358302482
15230    62.90410114219565
15450    61.72129665034869
15670    60.67156486223991
15900    59.70604749973997
16130    58.85716824341656
16360    58.19405240419737
16600    57.648118920419755
16840    57.02479680217459
17080    56.223347959373285
17330    55.198959032581854
17580    54.008403663720415
17840    52.673901338725685
18100    51.342811365418214
18360    50.13199257435441
18630    49.07404571635719
18900    48.25000158177751
19170    47.7162948036821
19450    47.495845763902054
19730    47.57932132117319
20000    47.59573050832937
