20    70.01928677591829
20.3    70.02820815524798
20.6    70.03697201021332
20.9    70.04563789764981
21.2    70.05437287731807
21.5    70.06337155572376
21.8    70.07272096869639
22.1    70.08228361020318
22.4    70.09166152524847
22.7    70.10027672132584
23    70.10751781044476
23.3    70.11290120119256
23.6    70.11619458471847
23.9    70.11746095477685
24.2    70.11701314683941
24.6    70.1145453777886
25    70.11097597909915
25.4    70.10721597419729
25.8    70.1038152337851
26.2    70.10094577431431
26.6    70.09849588504783
27    70.09622003719406
27.4    70.09383479147414
27.8    70.09099147463657
28.2    70.0871656712446
28.6    70.08162195275989
29    70.07359580433264
29.4    70.06266012446987
29.8    70.04910767106458
30.2    70.03397556518999
30.6    70.01865384763076
31    70.00429509523303
31.5    69.98827923092723
32    69.97374886247043
32.5    69.95943614247298
33    69.94443973819344
33.5    69.92849465227658
34    69.91161760372113
34.5    69.89379258216418
35    69.87498818826806
35.5    69.85527795272999
36    69.83482491014337
36.5    69.81376419671936
37    69.79217581034388
37.5    69.77014892410696
38    69.74782312027003
38.6    69.72086019504117
39.2    69.69391800025801
39.8    69.6671334325944
40.4    69.64054950990118
41    69.61407532885124
41.6    69.58747693381443
42.2    69.56051718602816
42.8    69.53312215887121
43.4    69.50535891235613
44    69.47726514317426
44.6    69.44874912666332
45.2    69.41970807798921
45.9    69.38525542322108
46.6    69.35049478810754
47.3    69.31557790413089
48    69.2803100728099
48.7    69.24439118278337
49.4    69.20766868993624
50.1    69.17011164221553
50.8    69.1316674370108
51.5    69.09229841093398
52.2    69.05210734314329
53    69.00551936262471
53.8    68.95875294986863
54.6    68.91231939104702
55.4    68.86655213985355
56.2    68.82154738338161
57    68.77728649495418
57.8    68.73377169630538
58.6    68.69095451253744
59.5    68.64339579547124
60.4    68.59623344742076
61.3    68.54920498212098
62.2    68.5019407384377
63.1    68.45418041975694
64    68.40595876744334
64.9    68.35743136453925
65.8    68.30859480718884
66.8    68.25364484148915
67.8    68.19752521966431
68.8    68.13985867914388
69.8    68.08042168456072
70.8    68.01922392643093
71.8    67.95650068429612
72.8    67.89264970786869
73.9    67.82174321506893
75    67.75105958346126
76.1    67.68183745655386
77.2    67.61546945765113
78.3    67.55334865792187
79.4    67.49683711427474
80.6    67.44285603350362
81.8    67.39751669731515
83    67.36055442221664
84.2    67.3308778922835
85.4    67.3068809280033
86.6    67.28672680022058
87.9    67.26700945815885
89.2    67.24722140320745
90.5    67.22539737724131
91.8    67.20001699860381
93.1    67.16989624397709
94.5    67.13123075456599
95.9    67.08560433430605
97.3    67.03289931969623
98.7    66.9733728901237
100    66.91243136423637
102    66.80949246763169
104    66.69789239756155
106    66.58015446161411
108    66.45823693852628
110    66.33351727413563
112    66.20681244215352
114    66.0783912565569
116    65.94834957137311
118    65.81708052623706
120    65.68566831867408
122    65.55621037377287
124    65.43189469591313
126    65.31700098022125
128    65.21658761042886
130    65.13616131215743
132    65.08107752341918
134    65.05565999253874
136    65.06183137698686
138    65.09846811068562
140    65.16144428218826
142    65.24385230979806
144    65.33649825033567
146    65.42911474462514
148    65.51181154196091
150    65.5769345897929
152    65.62123878718717
154    65.64784085612183
156    65.66593073890098
158    65.68803151419704
160    65.72488732987779
162    65.78021428288528
164    65.84911516802077
166    65.92134686734798
168    65.98705049487549
170    66.04134912332239
173    66.10484663296988
176    66.15792403287796
179    66.20303389829635
182    66.23276870518512
185    66.24115074475708
188    66.22777287989052
191    66.19454035053599
194    66.14422537548595
197    66.08044261906245
200    66.00671876603309
203    65.92612332487778
206    65.84148679882574
209    65.75521457770549
212    65.6691491432488
215    65.58470093281726
218    65.50288586322962
221    65.42431922427218
224    65.34930040989306
227    65.27790889158732
230    65.2099830147009
233    65.14516614391573
236    65.08304094667596
239    65.02325703474793
243    64.94665653978439
247    64.87305429423752
251    64.80199147106046
255    64.7331931651566
259    64.66663958628286
263    64.60241861072242
267    64.54038625667171
271    64.48015519518724
275    64.42137217458495
279    64.3637767234452
283    64.30716121196586
287    64.25130460443086
291    64.19589857636946
295    64.14048955825476
299    64.08455053065667
303    64.02771724702578
307    63.96983080828275
312    63.8961085037913
317    63.82133756731642
322    63.74591403515316
327    63.67014011702129
332    63.5943776171663
337    63.51903285006014
342    63.44449752275125
347    63.37111353135944
352    63.299178894675705
357    63.229032980313505
362    63.16109315960519
367    63.09587834161931
372    63.03400318176435
377    62.97640015755438
383    62.914961027750905
389    62.86440246809771
395    62.826586278087674
401    62.80271228095657
407    62.79367502621684
413    62.79981098612056
419    62.82077322889999
425    62.85587532033804
431    62.904348671994235
437    62.96502489070565
443    63.03596308751304
449    63.11455832152143
456    63.21163064911897
463    63.30895467272123
470    63.400984365765474
477    63.48340840746615
484    63.55379923856508
491    63.611970019436235
498    63.65972800946933
505    63.70010131931642
512    63.73655507028636
519    63.77229897900926
527    63.81548550987827
535    63.86358410168354
543    63.917824975865855
551    63.978050913640956
559    64.04295324587238
567    64.11064392642862
575    64.17920276691576
583    64.24711907237317
592    64.32165665310052
601    64.39385820758724
610    64.46402582217502
619    64.5327267245967
628    64.60032189905671
637    64.66678145895446
646    64.73164710599244
655    64.79427207980024
665    64.86048718268958
675    64.92250901607778
685    64.97999198316009
695    65.03315265575091
705    65.08273956220005
715    65.12983694933624
725    65.1757086361344
736    65.22626763512656
747    65.27837146222335
758    65.33315513428569
769    65.39135242991588
780    65.45349287636805
791    65.51996644485203
803    65.59753816219457
815    65.67990891286047
827    65.76592108685414
839    65.85390000278511
851    65.94181396146709
863    66.02776656516058
876    66.11737247829404
889    66.20275922040788
902    66.28385279165958
915    66.36071002208179
928    66.43339305927924
942    66.50722222187918
956    66.5765322742566
970    66.64114125696753
984    66.70113535467559
998    66.7568079374236
1010    66.80139610846027
1020    66.8367174696375
1030    66.87080893932182
1050    66.93707855682825
1070    67.00307860767074
1090    67.06875117881503
1110    67.12855645279829
1130    67.17795784732289
1150    67.21784085277673
1170    67.25092704182545
1190    67.27948052110239
1210    67.30456527818123
1230    67.32622738588178
1250    67.34465813110339
1270    67.36040032394305
1290    67.3739318921475
1310    67.38560268351634
1330    67.39554676923844
1350    67.40354751109285
1370    67.4091604125961
1390    67.41249713986463
1410    67.41471526307853
1430    67.41723522997927
1450    67.42091737416396
1470    67.42606053522638
1490    67.43289706536841
1510    67.44244723637902
1530    67.45542896197256
1550    67.47140987806972
1570    67.48901331646789
1590    67.50653847800454
1610    67.52364618274504
1630    67.54093308376567
1650    67.559176738828
1670    67.5790131384918
1690    67.60032445080297
1710    67.62276524189514
1730    67.64689177394746
1760    67.68866198597564
1790    67.73874775947914
1820    67.79743872197793
1850    67.86258057630505
1880    67.9332990294639
1910    68.01156186054456
1940    68.09733656051202
1970    68.19026606321222
2000    68.28915976693206
2030    68.39153042402856
2060    68.49756510485824
2090    68.60832235462246
2120    68.72377570096474
2150    68.84327359400879
2180    68.96567218264576
2210    69.08887889208741
2240    69.21123124627786
2270    69.33486022409775
2300    69.46095365867805
2330    69.58907853983305
2360    69.71878090426658
2390    69.85025387948114
2420    69.98277702266046
2460    70.15698044355574
2500    70.32540825117667
2540    70.4901819375513
2580    70.651519937302
2620    70.80735190468079
2660    70.95726645957473
2700    71.10203172079227
2740    71.24071073260937
2780    71.37093410360308
2820    71.49263130942317
2860    71.60737202299612
2900    71.71464875292696
2940    71.81302506510785
2980    71.9017222795712
3020    71.98056404941522
3060    72.04870823435165
3100    72.10410156722504
3150    72.14867253793389
3200    72.15671016626501
3250    72.13530750249907
3300    72.09271853894279
3350    72.03769386416968
3400    71.97863292935654
3450    71.92034082547485
3500    71.86533794016836
3550    71.81211160498017
3600    71.75702166893906
3650    71.69771535633016
3700    71.63180291640236
3750    71.5649732949276
3800    71.51065479347017
3860    71.47340857931012
3920    71.47622467041222
3980    71.52067866031457
4040    71.60610960159626
4100    71.72132158046195
4160    71.84686665178091
4220    71.9623998728299
4280    72.0544847327077
4340    72.11587890757222
4400    72.14458277588251
4460    72.14170788975717
4520    72.10938554030739
4590    72.03803204435805
4660    71.92977910914088
4730    71.78172347988433
4800    71.59774442469711
4870    71.38722745305458
4940    71.15872855449757
5010    70.92505771749245
5080    70.69673559175136
5150    70.47700608742055
5220    70.27012205911123
5300    70.06559017936978
5380    69.92135716802295
5460    69.85517745856117
5540    69.85948969671863
5620    69.92214599294839
5700    70.05514327371975
5780    70.2671882789324
5860    70.54243054347782
5950    70.90929868146975
6040    71.31818078142604
6130    71.74241512596629
6220    72.14435171891465
6310    72.48212016569403
6400    72.7285475457239
6490    72.86973538637815
6580    72.9205482901256
6680    72.90091200755576
6780    72.82802834886382
6880    72.69800005499329
6980    72.53892641185419
7080    72.4168281927513
7180    72.3070071229838
7280    72.17330086278929
7390    72.00809736660777
7500    71.7816837802697
7610    71.45324564862432
7720    70.99021803645834
7830    70.40557932411515
7940    69.75405865483694
8060    68.99317531453337
8180    68.17993734449553
8300    67.33723328804368
8420    66.49621644889126
8540    65.68379736868823
8660    64.91773036017227
8790    64.15277376189545
8920    63.46333220941236
9050    62.84739681998647
9180    62.320054825265785
9310    61.873111942709514
9450    61.47505170382921
9590    61.158759568270646
9730    60.920721073069345
9870    60.76361716274678
10010    60.69436867272114
10160    60.72268304208205
10310    60.867117861960566
10460    61.14956935844974
10610    61.5779845054122
10760    62.173225181258374
10920    62.974270536842795
11080    63.89337752646011
11240    64.90424740567376
11400    66.05140035444705
11570    67.43270097717664
11740    68.83257098921078
11910    70.12264867815674
12080    71.29499993169205
12260    72.19211297115072
12440    72.74368738684197
12620    72.84022398278549
12800    72.57343845512642
12990    71.98468898082851
13180    71.3436189339321
13370    70.5847605715923
13560    69.74351960925253
13760    68.76273443909778
13960    67.68192232339172
14160    66.5775083579451
14370    65.46757965987851
14580    64.4816648198832
14790    63.66409910019411
15010    63.319567690305924
15230    63.77124031857814
15450    64.0447389991705
15670    63.82290064796874
15900    63.21890426150977
16130    62.172964401505766
16360    60.66158913668743
16600    58.69166201408173
16840    56.45991975283564
17080    54.748176990184284
17330    54.450620043791005
17580    54.8370593988206
17840    55.23693363884436
18100    55.037520954094724
18360    54.389371440409846
18630    53.60728502527946
18900    53.06717878854725
19170    52.820467993138514
19450    52.71033685854118
19730    52.84087986165719
20000    52.86210050196907
