20    69.92525745809506
20.3    69.92499234336842
20.6    69.92496035589417
20.9    69.92557486308067
21.2    69.92735826842443
21.5    69.93073960236242
21.8    69.93586438291256
22.1    69.94251807976086
22.4    69.95014656698866
22.7    69.95801170609789
23    69.96540034250665
23.3    69.971836272807
23.6    69.97722088521556
23.9    69.98182906852043
24.2    69.9861806898656
24.6    69.99252060307607
25    70.0002593401951
25.4    70.00951744739118
25.8    70.01965162642023
26.2    70.02960747914368
26.6    70.03837507524273
27    70.04535252525474
27.4    70.05054028533002
27.8    70.05455090478445
28.2    70.05835847161063
28.6    70.0628425612455
29    70.06829139938414
29.4    70.07410404733061
29.8    70.07892948130208
30.2    70.08131331127433
30.6    70.08036717758971
31    70.07614029637315
31.5    70.06763179573122
32    70.05770215930649
32.5    70.04802943717115
33    70.03928354005518
33.5    70.03148227893618
34    70.02442565295132
34.5    70.01788101258978
35    70.01164987215083
35.5    70.00565415938333
36    69.9999622541171
36.5    69.99465332854018
37    69.9896012428163
37.5    69.98438484202342
38    69.97842408208476
38.6    69.9696364223953
39.2    69.95881223882682
39.8    69.94621426558933
40.4    69.93233266021701
41    69.91769735729042
41.6    69.90301994384545
42.2    69.88920251081943
42.8    69.87690392949847
43.4    69.86616139458752
44    69.85658742481087
44.6    69.84789270584002
45.2    69.83995378829277
45.9    69.83117047369
46.6    69.82178491938626
47.3    69.81065169823783
48    69.79709859360564
48.7    69.78082078016774
49.4    69.76183908823
50.1    69.74059060082784
50.8    69.71773878587437
51.5    69.6938578325003
52.2    69.66937076646224
53    69.64124895208934
53.8    69.61371889904363
54.6    69.58729496033034
55.4    69.56238756338905
56.2    69.53934955348743
57    69.51798597603184
57.8    69.49766891581731
58.6    69.47780984208194
59.5    69.45469996453377
60.4    69.42944462324482
61.3    69.40183180494967
62.2    69.37237831713253
63.1    69.34178363883491
64    69.31155934401534
64.9    69.28328294896829
65.8    69.2576624403961
66.8    69.23281458936549
67.8    69.21235770832317
68.8    69.19615498673056
69.8    69.182565064057
70.8    69.16843044165256
71.8    69.1500481502578
72.8    69.1247461234893
73.9    69.08789258654625
75    69.04233207007121
76.1    68.9899696720635
77.2    68.93320818942709
78.3    68.87434517744077
79.4    68.81516446584493
80.6    68.75150745009157
81.8    68.68929961237541
83    68.62835325807008
84.2    68.56797799311826
85.4    68.50737536196763
86.6    68.44598676001081
87.9    68.37815358887286
89.2    68.30860240128327
90.5    68.23729874771556
91.8    68.16450335667874
93.1    68.09061732203332
94.5    68.01041026881026
95.9    67.93014850588347
97.3    67.85036551536294
98.7    67.77172705229177
100    67.70039076269364
102    67.59511947650944
104    67.49641917115142
106    67.40438321924995
108    67.316120966673
110    67.22909351267151
112    67.14130957088204
114    67.05068325634088
116    66.95580803653512
118    66.85624176947826
120    66.75158275694237
122    66.64138270052582
124    66.52740556150528
126    66.41380033936994
128    66.30345774368465
130    66.198170999264
132    66.10062652393597
134    66.01439522074668
136    65.94267916745815
138    65.88665998303938
140    65.84537286477078
142    65.81673653343955
144    65.79841819424385
146    65.78769478768724
148    65.78110918095746
150    65.77466778335496
152    65.76457431076177
154    65.74795150417307
156    65.72260485673434
158    65.68699378902679
160    65.64041651539195
162    65.58311035130423
164    65.516074289269
166    65.44055564358487
168    65.35779567915199
170    65.26896598044388
173    65.12655180900904
176    64.97543644977569
179    64.81742990175147
182    64.6535695180886
185    64.48456869282049
188    64.31131810602699
191    64.13485915886392
194    63.95612847621619
197    63.776090813314966
200    63.59560872359668
203    63.415101868662234
206    63.23416676367415
209    63.05206563345662
212    62.86840648991573
215    62.683660275051
218    62.49893587558128
221    62.315393019848294
224    62.133932133385215
227    61.95526241495931
230    61.78004866810183
233    61.60904050058525
236    61.443005546476414
239    61.28258561396055
243    61.07875641369565
247    60.888086687117614
251    60.71089575477563
255    60.54535835933132
259    60.38811997774667
263    60.23507461936485
267    60.08275388496331
271    59.929178128085624
275    59.7737991659441
279    59.61743830834521
283    59.46186056733292
287    59.30914676848718
291    59.161331215554604
295    59.01964372752845
299    58.88397930935758
303    58.75383733939491
307    58.62904629260974
312    58.48055247740187
317    58.340388159025906
322    58.2098325736723
327    58.09278660863175
332    57.994689844905054
337    57.919166606561454
342    57.86744893264863
347    57.84061183009979
352    57.83998186005583
357    57.866654386476014
362    57.92023469229064
367    57.998174034306864
372    58.09594004759039
377    58.207895415523915
383    58.353359180844635
389    58.5036460385878
395    58.65289746402943
401    58.79733629098254
407    58.93558106811031
413    59.06729730655902
419    59.19197487027639
425    59.3088531802168
431    59.41744987823014
437    59.51774007895377
443    59.610201111609186
449    59.6954641542019
456    59.78622787666701
463    59.867854270688504
470    59.94113595752505
477    60.007440774356034
484    60.068457074141826
491    60.12586485899852
498    60.18120602172443
505    60.2361152005247
512    60.29232875845644
519    60.35141235125772
527    60.42370950835272
535    60.501362192422874
543    60.58343179234217
551    60.667898773518004
559    60.75244084735549
567    60.83560076553495
575    60.91751435182522
583    60.99940101449297
592    61.093440131555894
601    61.19118067291207
610    61.29289535520124
619    61.39699339208376
628    61.500985647765795
637    61.60277592637708
646    61.70121859103098
655    61.795955212124355
665    61.896683491374624
675    61.99211343563949
685    62.081361258910164
695    62.16366339453708
705    62.23883329868852
715    62.307440492019566
725    62.37064705381141
736    62.43566242202819
747    62.49786561333117
758    62.55899508949617
769    62.620257847514054
780    62.6821758912115
791    62.74471613250664
803    62.81322641557719
815    62.8813802090612
827    62.94846216203044
839    63.01389069712036
851    63.07723803215503
863    63.13838577831393
876    63.202404580017934
889    63.26486364701676
902    63.32705488967427
915    63.39024767970888
928    63.45526607395846
942    63.52793770214197
956    63.60364612881974
970    63.68238641028772
984    63.76433118492746
998    63.84959829178747
1010    63.925156616212526
1020    63.98963828278387
1030    64.05521490083045
1050    64.18808745648829
1070    64.32091631460936
1090    64.45340351406969
1110    64.58649542125617
1130    64.72167324019614
1150    64.86050957935208
1170    65.00363400631706
1190    65.15031953059729
1210    65.29894396502235
1230    65.44747740856803
1250    65.59386345176173
1270    65.73640843510225
1290    65.87383408738393
1310    66.00555578774993
1330    66.13145700131689
1350    66.2519443198852
1370    66.36750621247782
1390    66.47859768229893
1410    66.5860634124075
1430    66.69097838423566
1450    66.79381205118216
1470    66.89429023520508
1490    66.9926053647573
1510    67.09015577486738
1530    67.18823461591947
1550    67.2871330160686
1570    67.3862775790211
1590    67.48459048857843
1610    67.58194636088813
1630    67.67852395532458
1650    67.77400897942101
1670    67.86770073287576
1690    67.95874901236412
1710    68.04685221860314
1730    68.1332034713827
1760    68.26392464628853
1790    68.40026752077264
1820    68.54395348911066
1850    68.69311205190772
1880    68.8473812129221
1910    69.00996821120361
1940    69.18251877168387
1970    69.36505650227315
2000    69.55524205044986
2030    69.74963270930866
2060    69.94801004004772
2090    70.1509533444571
2120    70.35763352281805
2150    70.56705954194764
2180    70.77845006005094
2210    70.9902109100842
2240    71.20105813436163
2270    71.41193691151432
2300    71.62041898867076
2330    71.82164670076399
2360    72.01299451779806
2390    72.19674216499658
2420    72.37639212279456
2460    72.60891992825816
2500    72.82906692300689
2540    73.03451435415532
2580    73.2211712589926
2620    73.38521812119407
2660    73.52584245971804
2700    73.6437626467215
2740    73.7379258031761
2780    73.8064248020695
2820    73.84977245365576
2860    73.87131448819454
2900    73.87299156681271
2940    73.85638057349641
2980    73.82474553396173
3020    73.78272513546838
3060    73.734999556378
3100    73.68552857169507
3150    73.62254107798378
3200    73.5560178019945
3250    73.49223898057504
3300    73.43141964486085
3350    73.37060608501655
3400    73.309304581151
3450    73.24759212296215
3500    73.18558943070147
3550    73.12234671466886
3600    73.0580092751927
3650    72.99300200689677
3700    72.92259158907075
3750    72.84323468527843
3800    72.75554401216957
3860    72.6394383448615
3920    72.5200800064681
3980    72.4119944473994
4040    72.2942477228111
4100    72.1109256234098
4160    71.83500557238122
4220    71.47161313407233
4280    71.06053707325842
4340    70.67158314662913
4400    70.37345071219534
4460    70.19312587067759
4520    70.1192229996899
4590    70.1084531463378
4660    70.10414413333632
4730    70.06199534732252
4800    69.97132421019515
4870    69.83682139089153
4940    69.66405703627619
5010    69.46785404748186
5080    69.26493842667358
5150    69.06514738781595
5220    68.87348887077931
5300    68.6668375458521
5380    68.4791593571909
5460    68.3181394005602
5540    68.18034824814362
5620    68.06219142452017
5700    67.9811198207608
5780    67.94578184128947
5860    67.94489599570647
5950    67.97422477130985
6040    68.02642539137253
6130    68.08763651874874
6220    68.13734873861424
6310    68.1501493201471
6400    68.10101978829402
6490    67.96504759047545
6580    67.73446494436614
6680    67.37409148298957
6780    66.9319548308952
6880    66.45274524878364
6980    65.98972869880444
7080    65.59100346778365
7180    65.28654316859289
7280    65.07893552249456
7390    64.9356159533685
7500    64.8893813729953
7610    64.992927034038
7720    65.23712691660336
7830    65.57600004853299
7940    65.96018151384274
8060    66.39175326135731
8180    66.81486902323245
8300    67.18543801731482
8420    67.42181072174188
8540    67.4604108597184
8660    67.31301281341862
8790    67.00201939464966
8920    66.60894608344971
9050    66.2229407028386
9180    65.90015863327969
9310    65.64968269571148
9450    65.4526107593846
9590    65.30828316052416
9730    65.18341438979328
9870    65.04516148130037
10010    64.86776680225208
10160    64.6159192531627
10310    64.2821620864093
10460    63.86026412735592
10610    63.37109546063658
10760    62.84955531626264
10920    62.28491291164708
11080    61.75180479607934
11240    61.275986703532425
11400    60.87284099379691
11570    60.51242423667657
11740    60.188318045932704
11910    59.93825949056517
12080    59.750312044001504
12260    59.68853083293098
12440    59.75530032328527
12620    60.01170175660908
12800    60.46837981359151
12990    61.25992238832348
13180    62.1471536435295
13370    63.310791358359396
13560    64.57913857661477
13760    65.76261182609943
13960    66.48545401645643
14160    66.61195953730015
14370    66.49759577464997
14580    66.29649625055896
14790    66.18944143732584
15010    66.11054491001283
15230    65.58918003958445
15450    64.26996497958316
15670    62.37948179890333
15900    60.17221268182735
16130    58.04460083450149
16360    56.204263765765745
16600    54.58866758367229
16840    53.093233821968724
17080    51.622322204760934
17330    50.20432796225617
17580    49.00204254476333
17840    48.05078797188057
18100    47.428609260746015
18360    47.17122842400282
18630    47.354178976422574
18900    47.867507268556025
19170    47.97170750971135
19450    47.290401590391184
19730    46.381180340135856
20000    46.28654184493318
