20.339434492098245    -5.784173091865394
20.901757065656735    -5.5513717052178535
21.479626122420356    -5.329926483772631
22.073471474655985    -5.13119359273205
22.683734817612773    -4.915426453887989
23.310870058049947    -4.716693562847404
23.955343651847386    -4.512282589205661
24.61763495095003    -4.3078716155639185
25.29823655990427    -4.103460641922176
25.997654702251516    -3.9331181638873893
26.716409597051296    -3.7798099336560824
27.45503584581415    -3.632179786025933
28.21408283013206    -3.4731934731934686
28.994115120301974    -3.302850995158682
29.75511168815459    -3.13932221624529
30.619472374045053    -2.956487956487951
31.46600625939301    -2.774789313250846
32.335944193324416    -2.5987687526149017
33.229933225531674    -2.4000358615743167
34.14863829463363    -2.2240153009383725
35.09274272274918    -2.0366385751001097
36.06294872374437    -1.8549399318630044
37.05997792553079    -1.6789193712270603
38.08457190680403    -1.5085768931922736
39.13749274862129    -1.3325563325563259
40.23780862795798    -1.1565357719203817
41.33146926655776    -0.9975494590879173
42.474156796830705    -0.8215288984519695
43.648436109709316    -0.6511864204171829
44.85518062045518    -0.49220010758471844
46.09528789156561    -0.35024804255573017
47.36968030037003    -0.23100830793137916
48.67930572508352    -0.11176857330703172
50.00240562543191    0.042675273444512385
51.40817888914297    0.17213555675094838
52.829456332531485    0.2856972087741383
54.29002770958457    0.42197119120196547
55.79097937626319    0.5298547606239978
57.3334277229169    0.6377383300460266
58.918520004642104    0.7512999820692166
60.630052896758166    0.8739465662542649
62.22138486090727    0.984101368716761
63.941614067818186    1.0919849381387898
65.70940230175691    1.1714780945550238
67.52606442300072    1.273683581375895
69.23542575579326    1.3645329029944477
71.3114525326656    1.466738389815319
73.28299404862771    1.557587711433868
75.30904260113316    1.6370808678501056
77.39110514147303    1.7052178590640175
79.42235752322772    1.780168549399324
81.72950945541636    1.8698822544976466
83.9890780835656    1.9436973283127195
86.31111680873786    2.0175124021277924
88.69735273626337    2.091327475942869
91.56480333974643    2.165142549757938
94.09628748112634    2.227601458370696
96.69775934403589    2.2787042017811316
99.23574550690122    2.3048233817464663
102.11845950744532    2.3411631103938824
104.94171966152497    2.3525192755962046
107.84303424313977    2.3525192755962046
110.82456121624793    2.3525192755962046
113.8885182058496    2.363875440798523
117.03718414743012    2.3865877712031605
120.27290098200527    2.3865877712031605
123.59807539803046    2.3865877712031605
127.0151806214672    2.42065626681012
130.52675825533927    2.42065626681012
134.1354201701483    2.42065626681012
137.8438504465521    2.4093001016077977
141.65480737175218    2.380909688602003
145.57112549107651    2.3525192755962046
149.59571771628077    2.335485027792725
153.73157749213775    2.2957384495846114
157.98178102292752    2.284382284382289
162.34948956048206    2.255991871376491
166.83795175548667    2.2162452931683774
171.45050607378977    2.2162452931683774
176.19058327951424    2.182176797561418
181.06170898681924    2.1537863845556195
186.06750628221207    2.148108301954462
191.211698419357    2.1253959715498247
196.49811158838747    2.085649393341704
202.20621459565444    2.0799713107405466
207.51343761892278    2.068615145538228
213.2505435514981    2.028868567330111
219.1462627520105    2.0118343195266313
225.20498038766098    1.983443906520833
231.43120286198666    1.9436973283127195
237.82956116667037    1.8925945849022838
244.40481432601862    1.8414918414918482
251.16185293666865    1.7847110154802515
258.1057028051563    1.7165740242663396
265.2415286860529    1.6484370330524243
272.57463812345003    1.5746219592373478
280.11048539864817    1.500806885422275
287.85467558698775    1.426991811607202
295.8129687268392    1.3531767377921256
305.37615240173477    1.273683581375895
313.81886028472155    1.2169027553642984
322.49498297707316    1.1601219293527052
331.41097367769066    1.1090191859422696
340.573463996503    1.057916442531834
349.9892688869806    1.018169864323717
359.6653917150187    0.9557109557109627
369.60902946796017    0.8875739644970473
379.82757810762956    0.8137588906819744
390.32863807136374    0.7399438168668979
401.30238136627435    0.65590819436974
412.20975017292733    0.5752794214332759
423.6060772268181    0.5014643476181995
435.31747754199097    0.42197119120196547
447.35266192145326    0.33112186958341283
459.7205819950245    0.2516287131671824
472.4304368774542    0.18349172195326702
485.49168001061526    0.11535473073935165
498.6873076777327    0.10399856553703302
512.7074588147983    0.10399856553703302
526.8822372647779    0.13806706114398892
541.4489045797459    0.2062040523579043
556.4182952770143    0.2800191261729772
571.8015434148501    0.36519036519036874
587.6100908738596    0.45036160420776383
604.6796642132897    0.5400753093060828
620.5504416868318    0.6093479170402318
637.7067456896671    0.6831629908553047
655.3373685347193    0.7626561472715387
673.4554236736989    0.8251150558842895
690.5033394736774    0.8807602653756526
711.2081073958589    0.9443547905086405
730.8708159850216    1.0011356165202372
751.0771377656566    1.0522383599306728
771.8421019643131    1.1033411033411085
791.3805876645062    1.1328671328671405
815.1101635680827    1.1885123423585036
837.6454432529405    1.2169027553642984
860.8037538521127    1.256649333572419
884.6023202470128    1.228258920566617
910.2992652385988    1.139680831988528
934.1915141895009    1.029526029526032
960.0190256013652    0.8932520470982048
986.5605879713017    0.7285876516645828
1018.4545923139391    0.5582451736297962
1046.6117177062374    0.42764927380312656
1075.5473006913837    0.33112186958341283
1105.282863218632    0.24595063056601774
1135.8405222526944    0.17213555675094838
1167.243006224079    0.11535473073935165
1199.5136719342322    0.10399856553703302
1232.6765219280562    0.10399856553703302
1266.7562223467191    0.10399856553703302
1301.7781212740447    0.1267108959416703
1337.7682675901249    0.2062040523579043
1374.753430346169    0.33112186958341283
1412.7611186750128    0.4957862650170384
1451.819602252093    0.7172314864622606
1491.9579323220978    1.0522383599306728
1529.7254998748103    1.4258561950869684
1564.8886519186158    1.8142370450062835
1600.8600844426492    2.236686390532551
1637.658377047906    2.6318809395732536
1675.302536416799    3.0407028868567387
1713.8120061302968    3.449524834140224
1753.2066767107312    3.8447193831809265
1793.5068958954407    4.267168728707196
1834.7334791465835    4.675990675990681
1881.1781000797241    5.0552865937481375
1933.1868671361378    5.418683880222348
1983.9264246223468    5.670790747713829
2041.5577997996563    5.691231845078004
2098.000570442947    5.634451019066409
2156.00380944927    5.566314027852494
2215.610658951526    5.685553762476845
2276.86545382939    5.912677066523226
2334.5022463776227    6.290837367760451
2388.1644605740257    6.7064730141653275
2443.0601853557914    7.156177156177161
2499.217774908207    7.592253899946215
2550.862459595176    7.982338174645873
2597.664087951858    8.36560875022414
2651.343100678096    8.791464945311105
2712.2884013722846    9.24116908732294
2780.9475325730104    9.694280078895469
2857.8321467472683    10.114458191381274
2936.8423831519    10.41539656924273
3019.409100699352    10.590281513358443
3101.476414945945    10.494889725658963
3187.222663208692    10.156097463789777
3267.9043262974897    9.736297890144051
3335.4334108827716    9.311009503317202
3396.629856154614    8.868119060426759
3451.097087285287    8.439423824039215
3498.477926785002    8.041958041958049
3546.5092678194296    7.587711433865287
3595.20004126127    7.156177156177161
3644.559300597086    6.724642878489037
3694.5962236106366    6.213615444384681
3745.320114089439    5.691231845078004
3796.7404035546488    5.219950989181765
3848.8666530147625    4.707787938557177
3901.708554743402    4.169505707967252
3919.4832501626274    3.8288207518976805
3955.275934081426    3.4597453828223124
3982.33478510765    3.1531289223596985
4046.1941864454557    2.5796425796425844
4083.14399343431    2.0884884346422865
4120.431225710624    1.6285637439483658
4158.058964638935    1.1771561771561814
4196.030319722773    0.666128743051825
4234.348428861599    0.15680473372781378
4273.016458610176    -0.4240631163708031
4312.037604440182    -1.0458131611977706
4351.4150910043345    -1.676080329926478
4391.1521724028535    -2.2211762596377937
4431.252132452342    -2.6811009503317145
4492.089727211428    -3.173390711852246
4610.291099368676    -3.3077179231025333
4679.660051326988    -2.8003406849560655
4722.3946625943345    -2.2552447552447497
4765.519525927032    -1.7101488255334374
4787.229414530778    -1.1906042675273376
4809.038205103255    -0.7477138246368966
4830.946348204105    -0.2821110513418148
4852.954296445538    0.2311876158030053
4875.0625045016905    0.7285876516645828
4919.581529120769    1.347498655190968
4964.507101051016    1.9777658239196754
5009.842932878637    2.4887932580240317
5055.59277109314    2.982786444324912
5101.760396396907    3.4512282589205725
5148.349624017702    3.9111529496144932
5219.032401422809    4.4306975076205894
5290.685597580839    4.854661008507167
5375.525279114277    5.248341402187561
5499.090201527013    5.674197597274526
5651.123069282233    5.86725240571395
5767.899795172408    5.623094853864091
5847.088507495919    5.193831809216432
5900.484064368207    4.703245472476247
5954.367228960153    4.234803657880587
6008.7424541008095    3.698224852071011
6063.614233282471    3.084991931145783
6118.987101031913    2.53421791883331
6146.862871471708    2.0459028151335907
6197.359665204899    1.3645329029944477
6231.254447765813    0.8080808080808133
6259.641665400015    0.34247803478573147
6288.158204366185    -0.1571932341163027
6316.804653802966    -0.5887275118044322
6345.581605532905    -0.9975494590879173
6374.48965407463    -1.4063714063714023
6403.529396655206    -1.8151933536548874
6432.701433222424    -2.2240153009383725
6491.444801786082    -2.8429263044647612
6550.724614235087    -3.541330464407384
6655.769864011249    -4.05235789851174
6808.763226360219    -3.8138784292630383
6886.573695755808    -3.268782499551726
6949.461821522253    -2.6640667025282347
6965.273382318506    -2.1104536489151826
7070.535773358199    -1.258741258741253
7141.592987108163    -0.49220010758471844
7206.809946627933    0.15396569242723857
7239.641422876926    0.6490944952483453
7305.753759783528    1.228258920566617
7372.4698339245915    1.8925945849022838
7439.795158622839    2.522861753630991
7507.735297548604    3.1446117984579587
7576.295865179557    3.698224852071011
7645.48252726479    4.209252286175369
7715.301001292899    4.757755065447379
7821.2259953422135    5.2710537325922004
7979.21886775781    5.643535951228266
8184.9250132610205    5.5753989600143505
8316.175759254646    5.2313071543840834
8373.06841724559    4.81226465841851
8449.531198730005    4.3029406490945
8526.692237610736    3.6726734803657948
8604.557910367745    3.084991931145783
8683.134651710883    2.5143446297292513
8762.428955111762    1.884077461000544
8842.447373340314    1.1771561771561814
8882.730189603095    0.6036698344390707
8923.19651900625    0.10854103161796047
8943.498762241848    -0.3559261251568877
9004.683065105646    -1.0202617894925545
9059.420418954267    -1.7243440320363348
9100.691681623504    -2.2013029705337317
9142.150960417785    -2.666905743828817
9183.799111866852    -3.1097961867192616
9225.63699640242    -3.5186181340027467
9267.66547837605    -3.927440081286232
9372.156180462009    -4.4271113501882695
9535.43846262059    -4.495248341402181
9750.1928110124    -3.950152411690869
9861.617904542629    -3.4902277209969483
9936.607830202125    -3.1097961867192616
10057.779612951463    -2.564700257007946
10157.318878568956    -2.0423166577012672
10273.396604209687    -1.588070049608504
10414.442232109985    -1.1565357719203817
10581.444777625939    -0.7391967007351568
10824.675966221042    -0.40702886856732334
11123.944839680984    -0.5262686031916743
11379.64624738885    -0.9350905504751594
11562.126484739012    -1.3723029107644464
11720.865356869623    -1.826549518857206
11881.783588442311    -2.24672763134301
12072.315933844526    -2.6811009503317145
12349.817146145275    -3.0530153607076613
12691.25146494578    -3.1722550953320123
13042.125388614537    -3.1325085171238953
13372.275013462744    -3.411870181100948
13617.621148496157    -3.768453768453764
13804.580340221608    -4.154563385332612
13994.106334106487    -4.608809993425375
14057.858142900792    -4.9744785129400455
14186.234370318853    -5.4321319705935025
14315.782928229835    -6.002779272010038
14446.514522344727    -6.667114936345701
14578.43995613888    -7.203693742155277
14711.570131744997    -7.7147211762596335
14845.916050853832    -8.20871436256051
15049.738762252851    -8.726555495786261
15360.73167403556    -8.847498655190957
15607.051278425171    -8.387573964497037
15749.574722884328    -7.86802940649094
15893.399690088472    -7.220727989958753
16038.538065530915    -6.56490944952483
16185.001843243315    -5.9687107764030785
16332.803126786584    -5.4065805988882865
16481.954130251335    -4.82571274878967
16632.46717926714    -4.376008606777834
16784.354712021006    -3.893371585679276
17131.192316762517    -3.7059948598410095
17405.902441497    -4.273803119956963
17485.197091533904    -4.849560695714537
17524.97977743784    -5.295857988165675
17644.871745770328    -5.8154025461717715
17725.25504877513    -6.34630326938019
17887.12191000351    -6.931145777299619
18009.491366677827    -7.4762417070109315
18132.697977814565    -7.981591058514134
18215.303630995084    -8.503974657820805
18381.64561123498    -9.0944952483414
18676.40759074685    -9.582810352041118
19149.183980780646    -9.523758292989058
19500.52122698582    -9.105851413543718
19723.372963738246    -8.736776044468346
