20    -4.322080082976709
20.290906698750476    -4.3433022117971
20.586044732869844    -4.364519483055699
20.885475648548283    -4.385726177273069
21.189261887185914    -4.406918230877237
21.49746679841394    -4.428097043812289
21.810154653305165    -4.449271431192777
22.12739065777668    -4.470450155443912
22.449240966187475    -4.491634686363473
22.77577269513385    -4.512822187701429
23.107053937445478    -4.5340111208431155
23.44315377638505    -4.555206095996652
23.784142300054445    -4.5764173751047235
24.130090616010463    -4.597653094174753
24.481070866093134    -4.618915582667459
24.837156241469714    -4.640202998846195
25.1984209978975    -4.661511527015645
25.56494047120865    -4.682836874118659
25.936791093020236    -4.704174484585129
26.3140504066728    -4.7255188039466445
26.69679708340074    -4.746862942285654
27.08511093873791    -4.76819934824413
27.47907294916184    -4.789520947253355
27.878765268980047    -4.810822506563205
28.284271247461966    -4.832101567828155
28.695675446220072    -4.853359170284973
29.11306365684382    -4.874599748226661
29.536522918790062    -4.895830874228018
29.966141537533712    -4.917063540496448
30.402009102982383    -4.938312904373741
30.844216508158908    -4.959597075514295
31.29285596815558    -4.980927951915964
31.74802103936409    -5.0023039336951545
32.20980663898519    -5.023710911544561
32.67830906482211    -5.045128828384857
33.153626015361866    -5.066541007906964
33.63585661014871    -5.087939102004358
34.125101410453844    -5.109321413158364
34.62146244024586    -5.130690311617021
35.12504320746613    -5.152050340389716
35.635948725613716    -5.173406951210788
36.15428553564419    -5.194765741650401
36.68016172818701    -5.216132030569517
37.21368696608603    -5.237510600886245
37.754972507267915    -5.258905444733824
38.30413122794313    -5.280319131808131
38.86127764614443    -5.3017507209656305
39.4265279456077    -5.323192638324719
40.000000000000206    -5.344630973361576
40.58181339750116    -5.366052565070384
41.1720894657399    -5.387451937140765
41.77095129709678    -5.40883016159583
42.37852377437204    -5.430192221078296
42.9949335968281    -5.451544446186138
43.62030930661056    -5.472892625989406
44.25478131555359    -5.49424140932672
44.89848193237519    -5.515594243337832
45.55154539026795    -5.536952764165782
46.21410787489121    -5.558316184236068
46.88630755277036    -5.579681549246477
47.56828460010916    -5.601044196541463
48.260181232021196    -5.622397523426837
48.962141732186545    -5.643733212061811
49.674312482939705    -5.665042910614932
50.39684199579528    -5.6863205065397695
51.129880942417586    -5.707564603333223
51.873582186040764    -5.728781081439737
52.628100813345895    -5.749984578797203
53.393594166801776    -5.771193558446564
54.17022187747612    -5.792420027271936
54.95814589832399    -5.813665337690197
55.75753053796041    -5.834923137859594
56.56854249492426    -5.856183480608606
57.39135089244048    -5.877436242459214
58.226127313687975    -5.898672195104361
59.073045837580466    -5.919883019944103
59.932283075067765    -5.941061914763749
60.804018205965114    -5.962205362177209
61.68843301631817    -5.983313799226955
62.58571193631152    -6.004384271378942
63.49604207872855    -6.025407190276596
64.41961327797075    -6.046375093221725
65.35661812964459    -6.067286304894441
66.3072520307241    -6.088141555246928
67.27171322029778    -6.108940965474956
68.25020282090806    -6.12968319022497
69.2429248804921    -6.150366757871506
70.25008641493265    -6.170992888193546
71.27189745122783    -6.191564880941081
72.30857107128878    -6.212079617101335
73.36032345637442    -6.23252463109695
74.42737393217246    -6.252887348739571
75.50994501453623    -6.273162502098036
76.60826245588666    -6.293350928781824
77.72255529228926    -6.313453781982038
78.85305589121582    -6.333464564225775
80.00000000000082    -6.353368041536809
81.16362679500274    -6.373153512381495
82.34417893148023    -6.392828387261073
83.541902594194    -6.412409805224355
84.75704754874454    -6.431913384431435
85.98986719365665    -6.451344998086825
87.24061861322157    -6.470695003785163
88.50956263110764    -6.489934752195618
89.79696386475084    -6.509015873381732
91.10309078053635    -6.527873691065588
92.42821574978288    -6.5464302861758945
93.77261510554118    -6.564578604036489
95.13656920021877    -6.582167072051081
96.52036246404286    -6.598999861780383
97.92428346437356    -6.614856319127123
99.34862496587989    -6.62952319304337
100.79368399159105    -6.642833356917049
102.25976188483567    -6.654687749294088
103.74716437208203    -6.665053691766304
105.25620162669229    -6.673952956209019
106.78718833360406    -6.681452071651658
108.34044375495276    -6.687654607027915
109.9162917966485    -6.692689548684599
111.51506107592134    -6.696696271623618
113.13708498984903    -6.699822463326065
114.78270178488147    -6.702232680638505
116.45225462737648    -6.70410251946503
118.14609167516147    -6.705609469308397
119.86456615013608    -6.706933360964623
121.60803641193078    -6.7082582353673645
123.3768660326369    -6.709759282246665
125.17142387262359    -6.711577836574306
126.99208415745765    -6.713799213641312
128.83922655594208    -6.716432476903833
130.71323625928977    -6.7194231203292905
132.61450406144883    -6.722674625666572
134.5434264405962    -6.726073746043982
136.50040564181674    -6.729512264297998
138.48584976098482    -6.732913058062381
140.50017282986593    -6.736237243859775
142.5437949024563    -6.739464444194867
144.61714214257822    -6.742572102083596
146.7206469127495    -6.745531424808287
148.8547478643456    -6.748304649677826
151.01989002907314    -6.7508505737801165
153.216524911774    -6.7531324989717305
155.4451105845792    -6.755124984864006
157.70611178243232    -6.756819635308147
160.00000000000236    -6.758224377005179
162.3272535900062    -6.759347310267135
164.6883578629612    -6.760181968495927
167.08380518838874    -6.76071293635487
169.51409509748981    -6.760927085893929
171.97973438731407    -6.760826082706534
174.4812372264439    -6.760436051890742
177.01912526221608    -6.7597987199414185
179.5939277295025    -6.75895647368435
182.20618156107355    -6.757951843600297
184.85643149956664    -6.7568344820389115
187.54523021108326    -6.755680968354999
190.27313840043846    -6.754609288923278
193.04072492808663    -6.753774471394451
195.84856692874806    -6.753351331730559
198.69724993176072    -6.753530411664005
201.58736798318304    -6.754497773243851
204.5195237696723    -6.756403869404622
207.49432874416505    -6.759330199774304
210.5124032533856    -6.763247858371337
213.57437666720915    -6.7680022862009634
216.68088750990657    -6.7733343568489195
219.83258359329807    -6.7789283421376805
223.03012215184378    -6.784483273970592
226.2741699796992    -6.789762931105375
229.5654035697641    -6.794619910883755
232.90450925475412    -6.798974638135766
236.2921833503241    -6.802772089645426
239.72913230027333    -6.805926340129064
243.21607282386276    -6.808291694416101
246.75373206527502    -6.809700833104993
250.34284774524843    -6.810034617590783
253.9841683149166    -6.809263927701447
257.67845311188546    -6.807492961167448
261.42647251858085    -6.804927550416877
265.22900812289896    -6.801853586694445
269.08685288119375    -6.798589082511865
273.0008112836349    -6.795437696484856
276.97169952197106    -6.792663751750701
281.00034565973334    -6.7904620966108595
285.0875898049141    -6.788928089654426
289.23428428515797    -6.788033840070751
293.44129382550057    -6.787665330741647
297.7094957286928    -6.787627285394963
302.0397800581479    -6.787691497652284
306.4330498235497    -6.78764026988739
310.89022116916016    -6.787289453655279
315.41222356486645    -6.786506187337392
320.00000000000654    -6.7852179721959
324.6545071800142    -6.78342561491581
329.3767157259242    -6.781220702323845
334.16761037677935    -6.778792729945844
339.02819019498156    -6.77633234341647
343.95946877463007    -6.7739054061778505
348.9624744528898    -6.771392311172679
354.03825052443415    -6.768454581600406
359.187855459007    -6.764590052570699
364.4123631221491    -6.75924199781956
369.71286299913527    -6.751920462176479
375.0904604221685    -6.742369538401047
380.54627680087896    -6.73063410167078
386.08144985617537    -6.717147834256363
391.6971338574982    -6.702613402870833
397.3944998635236    -6.687923698597498
403.1747359663683    -6.674051933604872
409.0390475393468    -6.6618923982942455
414.9886574883323    -6.652166836006627
421.0248065067734    -6.645333970967064
427.1487533344206    -6.6415701948220915
433.3617750198154    -6.640776990836944
439.6651671865984    -6.642542405914161
446.06024430368984    -6.646221597492929
452.54833995940066    -6.65096790668069
459.13080713953053    -6.655773776097608
465.8090185095106    -6.659481375507383
472.58436670065066    -6.660852157488335
479.45826460054917    -6.658593074120712
486.432145647728    -6.65142921669868
493.50746413055253    -6.638145333198428
500.6856954904994    -6.617779934170538
507.9683366298358    -6.589662854292276
515.3569062237735    -6.55372963292781
522.8529450371643    -6.510353266073981
530.4580162458005    -6.460583034108893
538.1737057623901    -6.405787714367549
546.0016225672724    -6.347602603218529
553.9433990439449    -6.287591070623526
562.0006913194694    -6.227089753620366
570.1751796098309    -6.167168584576717
578.4685685703187    -6.10866870259767
586.8825876510039    -6.052303691718159
595.4189914573883    -5.998524957851818
604.0795601162986    -5.947709706327932
612.8660996471021    -5.9001244742518635
621.780442338323    -5.8558163524321785
630.8244471297356    -5.814613709656164
640.0000000000159    -5.776269281444787
649.3090143600314    -5.740498315614718
658.7534314518515    -5.707311139794817
668.3352207535618    -5.676951496952705
678.0563803899662    -5.64986671272376
687.9189375492632    -5.626312466609688
697.9249489057827    -5.606276640142239
708.0765010488715    -5.589191057958528
718.3757109180171    -5.5740913377100325
728.8247262443015    -5.559747410891949
739.425725998274    -5.545142666336256
750.1809208443404    -5.52992733232123
761.0925536017613    -5.514414508031946
772.1628997123541    -5.499389985793184
783.3942677149998    -5.485697515599657
794.7889997270506    -5.473678323081803
806.34947193274    -5.463068445442965
818.0780950786972    -5.45291548258187
829.9773149766683    -5.441683587635378
842.0496130135506    -5.427640567940776
854.2975066688449    -5.409103433435357
866.7235500396347    -5.384686423350936
879.3303343732008    -5.353569515046914
892.1204886073838    -5.315529777130314
905.0966799188055    -5.271188071406337
918.2616142790653    -5.221876059869937
931.6180370190256    -5.169638137930495
945.1687334013056    -5.116811575797466
958.9165292011028    -5.065566139509615
972.8642912954606    -5.017187100232744
987.0149282611097    -4.971829674530592
1001.3713909810035    -4.92832796899901
1015.9366732596762    -4.884807642709227
1030.7138124475518    -4.83912856605973
1045.7058900743334    -4.7893291327109955
1060.916032491606    -4.734098296641925
1076.3474115247852    -4.672464735004382
1092.0032451345498    -4.604116198377149
1107.8867980878947    -4.528878349806742
1124.0013826389438    -4.447042197899345
1140.350359219667    -4.359181926586413
1156.9371371406426    -4.266556621824903
1173.765175302013    -4.170967165977503
1190.837982914782    -4.0746419115802315
1208.1591202326028    -3.9797694640399572
1225.73219929421    -3.8885376652196206
1243.5608846766518    -3.802669048837811
1261.648894259477    -3.7225838250273897
1280.0000000000375    -3.6474547154324988
1298.6180287200684    -3.575663854057278
1317.5068629037087    -3.504874107010024
1336.6704415071292    -3.433053669142871
1356.112760779938    -3.358680047311104
1375.8378750985323    -3.280452364448368
1395.8498978115715    -3.1972872673538757
1416.153002097749    -3.108015130521802
1436.7514218360407    -3.01174438525096
1457.6494524886093    -2.9071806445333275
1478.8514519965543    -2.7933017711770085
1500.3618416886875    -2.669947931206082
1522.1851072035295    -2.5371444284210853
1544.3257994247153    -2.3967641162283306
1566.788535430007    -2.2507078586149043
1589.5779994541087    -2.1007387248730227
1612.6989438654878    -1.9482436499903537
1636.156190157402    -1.7938119392373801
1659.9546299533442    -1.6373183323341345
1684.099226027109    -1.4781662078940843
1708.5950133376978    -1.3156079770252773
1733.4471000792773    -1.1494571111304532
1758.6606687464096    -0.9804001442350893
1784.2409772147755    -0.8093427261113014
1810.193359837619    -0.6368570822319339
1836.5232285581387    -0.46263974134968605
1863.2360740380593    -0.2852113034216535
1890.3374668026197    -0.10237416152394835
1917.833058402214    0.0886162079022069
1945.7285825909298    0.2904937257732693
1974.0298565222283    0.5059841534318361
2002.7427819620161    0.7359668583573642
2031.8733465193618    0.9802816769980122
2061.4276248951132    1.235840324143179
2091.411780148677    1.4992662776523
2121.832064983222    1.7657229472984626
2152.694823049581    2.0304079530934693
2184.0064902691106    2.2904276406967568
2215.7735961758003    2.5435229581874985
2248.002765277899    2.790162362200531
2280.7007184393456    3.0306460048301753
2313.874274281297    3.265363838560366
2347.530350604038    3.4924856320949464
2381.6759658295764    3.7083201732712823
2416.318240465218    3.9092903719576397
2451.4643985884327    4.090328466881511
2487.1217693533167    4.248065872544004
2523.2977885189675    4.37943875929175
2560.0000000000887    4.484054474143631
2597.236057440151    4.558633811824612
2635.0137258074315    4.598896822695294
2673.340883014273    4.60372809101283
2712.225521559891    4.575572733778742
2751.6757501970797    4.517898316137771
2791.699795623158    4.438760461196647
2832.3060041955137    4.343772109952779
2873.502843672097    4.239507155482517
2915.2989049772345    4.130631833906983
2957.7029039931244    4.0188967853564845
3000.723683377391    3.9048830051114383
3044.370214407075    3.7873195452999946
3088.6515988494466    3.663170428526094
3133.57707086003    3.527949431271248
3179.1559989082334    3.377467709711959
3225.3978877309914    3.2123348700761607
3272.3123803148205    3.034773779732675
3319.9092599067053    2.84823113810791
3368.198452054235    2.658834695946009
3417.190026675413    2.470997266710515
3466.8942001585724    2.2874125333829753
3517.3213374928373    2.109834189526887
3568.4819544295697    1.9381181557948266
3620.386719675257    1.772743701250255
3673.0464571162966    1.613700208406395
3726.472148076138    1.4615816843256362
3780.6749336052594    1.3165663681283175
3835.6661168044484    1.1780808343123508
3891.45716518188    1.0464151939504207
3948.059713044477    0.921909535647849
4005.4855639240527    0.8029941908349405
4063.746693038744    0.6895401607152358
4122.855249790247    0.574885543176696
4182.823560297375    0.4521419785289055
4243.664129966465    0.3184799799481203
4305.389646099183    0.16833988793410815
4368.012980538242    0.006772296292824989
4431.5471923516225    -0.1609892853474358
4496.00553055582    -0.3258541970459555
4561.401436878714    -0.47581284855799466
4627.748548562617    -0.6089745594155012
4695.060701208099    -0.7206451310223198
4763.351931659176    -0.8176336588128057
4832.63648093046    -0.9010712082096217
4902.928797176889    -0.9760994011301666
4974.243538706657    -1.0455274616423524
5046.595577037959    -1.1106071648124334
5120.000000000202    -1.1728063757397937
5194.472114880326    -1.2333138501393635
5270.027451614888    -1.2946492549572521
5346.6817660285715    -1.3618017526887434
5424.451043119808    -1.4378685926965544
5503.351500394186    -1.5273194439135844
5583.399591246343    -1.629776298166937
5664.612008391055    -1.7457957076767292
5747.005687344222    -1.8690985476525352
5830.597809954497    -1.994863260818681
5915.405807986278    -2.1222142101526873
6001.447366754812    -2.248551078149292
6088.740428814181    -2.3679887832441517
6177.303197698925    -2.480383329720797
6267.154141720092    -2.580981437834313
6358.3119978165005    -2.6651487911032588
6450.795775462017    -2.7342543525158827
6544.624760629676    -2.7822641723055885
6639.818519813445    -2.804484377364624
6736.396904108505    -2.7956631361666515
6834.380053350861    -2.7469829542030086
6933.788400317181    -2.6596158158269363
7034.642674985712    -2.5249177100240097
7136.963908859177    -2.3524670129768515
7240.773439350552    -2.1396902980734076
7346.092914232631    -1.8972790253465153
7452.944296152315    -1.6282713312723798
7561.349867210557    -1.3405584193582085
7671.332233608935    -1.0414437416881066
7782.914330363799    -0.7443932511686239
7896.119426088994    -0.45697402160968825
8010.971127848146    -0.18962308166667588
8127.49338607753    0.023385099364882922
8245.710499580537    0.19892934366222048
8365.647120594791    0.2765763180900342
8487.328259932974    0.2923357863586116
8610.77929219841    0.16847773337446947
8736.025961076528    -0.046031279166410734
8863.094384703289    -0.4338606760123938
8992.011061111683    -0.9128921354368957
9122.802873757471    -1.5179451898920682
9255.497097125279    -2.1535163972564564
9390.121402416245    -2.7480564468452786
9526.7038633184    -3.28264346556919
9665.272961860968    -3.679706016637312
9805.857594353829    -3.9988799467377505
9948.487077413367    -4.253671542723467
10093.19115407597    -4.511169943336524
10240.000000000457    -4.789201896812884
10388.944229760706    -5.115737109245147
10540.05490322983    -5.480290043770399
10693.363532057198    -5.854158631881372
10848.902086239672    -6.226472565360614
11006.703000788428    -6.567411685484329
11166.799182492743    -6.885196963825872
11329.224016782166    -7.173187222705479
11494.0113746885    -7.4492439984689245
11661.195619909053    -7.707357855042938
11830.811615972614    -7.947385777253942
12002.894733509682    -8.144925155601468
12177.48085762842    -8.32825590553461
12354.606395397908    -8.436299256215984
12534.308283440243    -8.507087791957494
12716.62399563306    -8.534349460968366
12901.591550924093    -8.5528785489263
13089.249521259411    -8.57129842954065
13279.637039626952    -8.60734913608829
13472.793808217073    -8.668106356439829
13668.760106701786    -8.742821054709786
13867.576800634426    -8.83660567409521
14069.285349971487    -8.938647881511045
14273.927817718419    -9.049032754027563
14481.54687870117    -9.165479339842605
14692.18582846533    -9.320326927935215
14905.888592304698    -9.487224873263587
15122.699734421185    -9.692306574732552
15342.664467217943    -9.930516690916264
15565.828660727671    -10.184772351108409
15792.238852178061    -10.46381496176111
16021.942255696367    -10.761882110214058
16254.986772155136    -11.127575814039913
16491.42099916115    -11.516240135156165
16731.294241189662    -12.053238458400862
16974.65651986603    -12.627198079781516
17221.558584396902    -13.364234475773989
17472.051922153143    -14.149237031239782
17726.188769406665    -15.046474187461717
17984.022122223458    -15.974239124847523
18245.605747515034    -16.88648393651763
18510.99419425065    -17.796320144701443
18780.242804832582    -18.60889130223395
19053.40772663689    -19.413570840233604
19330.545923722028    -20.188997584299894
19611.71518870775    -20.97543624280536
19896.974154826825    -21.778052441741306
20186.382308152035    -22.592327665584204
