
Frequency	dB	Unweighted
20	62.8
20.290906698750476	62.7
20.586044732869844	62.7
20.885475648548283	62.7
21.189261887185914	62.7
21.49746679841394	62.7
21.810154653305165	62.6
22.12739065777668	62.6
22.449240966187475	62.6
22.77577269513385	62.6
23.107053937445478	62.6
23.44315377638505	62.5
23.784142300054445	62.5
24.130090616010463	62.5
24.481070866093134	62.5
24.837156241469714	62.5
25.1984209978975	62.5
25.56494047120865	62.4
25.936791093020236	62.4
26.3140504066728	62.4
26.69679708340074	62.4
27.08511093873791	62.4
27.47907294916184	62.3
27.878765268980047	62.3
28.284271247461966	62.3
28.695675446220072	62.3
29.11306365684382	62.3
29.536522918790062	62.2
29.966141537533712	62.2
30.402009102982383	62.2
30.844216508158908	62.2
31.29285596815558	62.2
31.74802103936409	62.2
32.20980663898519	62.1
32.67830906482211	62.1
33.153626015361866	62.1
33.63585661014871	62.1
34.125101410453844	62.1
34.62146244024586	62.0
35.12504320746613	62.0
35.635948725613716	62.0
36.15428553564419	62.0
36.68016172818701	62.0
37.21368696608603	62.0
37.754972507267915	61.9
38.30413122794313	61.9
38.86127764614443	61.9
39.4265279456077	61.9
40.000000000000206	61.9
40.58181339750116	61.8
41.1720894657399	61.8
41.77095129709678	61.8
42.37852377437204	61.8
42.9949335968281	61.8
43.62030930661056	61.8
44.25478131555359	61.7
44.89848193237519	61.7
45.55154539026795	61.7
46.21410787489121	61.7
46.88630755277036	61.7
47.56828460010916	61.7
48.260181232021196	61.6
48.962141732186545	61.6
49.674312482939705	61.6
50.39684199579528	61.6
51.129880942417586	61.6
51.873582186040764	61.6
52.628100813345895	61.5
53.393594166801776	61.5
54.17022187747612	61.5
54.95814589832399	61.5
55.75753053796041	61.5
56.56854249492426	61.4
57.39135089244048	61.4
58.226127313687975	61.4
59.073045837580466	61.4
59.932283075067765	61.4
60.804018205965114	61.4
61.68843301631817	61.3
62.58571193631152	61.3
63.49604207872855	61.3
64.41961327797075	61.3
65.35661812964459	61.3
66.3072520307241	61.3
67.27171322029778	61.2
68.25020282090806	61.2
69.2429248804921	61.2
70.25008641493265	61.2
71.27189745122783	61.2
72.30857107128878	61.2
73.36032345637442	61.1
74.42737393217246	61.1
75.50994501453623	61.1
76.60826245588666	61.1
77.72255529228926	61.1
78.85305589121582	61.1
80.00000000000082	61.0
81.16362679500274	61.0
82.34417893148023	61.0
83.541902594194	61.0
84.75704754874454	61.0
85.98986719365665	61.0
87.24061861322157	60.9
88.50956263110764	60.9
89.79696386475084	60.9
91.10309078053635	60.9
92.42821574978288	60.9
93.77261510554118	60.9
95.13656920021877	60.9
96.52036246404286	60.8
97.92428346437356	60.8
99.34862496587989	60.8
100.79368399159105	60.8
102.25976188483567	60.8
103.74716437208203	60.8
105.25620162669229	60.7
106.78718833360406	60.7
108.34044375495276	60.7
109.9162917966485	60.7
111.51506107592134	60.7
113.13708498984903	60.7
114.78270178488147	60.7
116.45225462737648	60.6
118.14609167516147	60.6
119.86456615013608	60.6
121.60803641193078	60.6
123.3768660326369	60.6
125.17142387262359	60.6
126.99208415745765	60.6
128.83922655594208	60.5
130.71323625928977	60.5
132.61450406144883	60.5
134.5434264405962	60.5
136.50040564181674	60.5
138.48584976098482	60.5
140.50017282986593	60.5
142.5437949024563	60.5
144.61714214257822	60.4
146.7206469127495	60.4
148.8547478643456	60.4
151.01989002907314	60.4
153.216524911774	60.4
155.4451105845792	60.4
157.70611178243232	60.4
160.00000000000236	60.4
162.3272535900062	60.4
164.6883578629612	60.3
167.08380518838874	60.3
169.51409509748981	60.3
171.97973438731407	60.3
174.4812372264439	60.3
177.01912526221608	60.3
179.5939277295025	60.3
182.20618156107355	60.3
184.85643149956664	60.3
187.54523021108326	60.3
190.27313840043846	60.3
193.04072492808663	60.2
195.84856692874806	60.2
198.69724993176072	60.2
201.58736798318304	60.2
204.5195237696723	60.2
207.49432874416505	60.2
210.5124032533856	60.2
213.57437666720915	60.2
216.68088750990657	60.2
219.83258359329807	60.2
223.03012215184378	60.2
226.2741699796992	60.2
229.5654035697641	60.2
232.90450925475412	60.2
236.2921833503241	60.2
239.72913230027333	60.2
243.21607282386276	60.2
246.75373206527502	60.2
250.34284774524843	60.2
253.9841683149166	60.2
257.67845311188546	60.1
261.42647251858085	60.1
265.22900812289896	60.1
269.08685288119375	60.1
273.0008112836349	60.1
276.97169952197106	60.1
281.00034565973334	60.1
285.0875898049141	60.1
289.23428428515797	60.1
293.44129382550057	60.1
297.7094957286928	60.1
302.0397800581479	60.1
306.4330498235497	60.1
310.89022116916016	60.2
315.41222356486645	60.2
320.00000000000654	60.2
324.6545071800142	60.2
329.3767157259242	60.2
334.16761037677935	60.2
339.02819019498156	60.2
343.95946877463007	60.2
348.9624744528898	60.2
354.03825052443415	60.2
359.187855459007	60.2
364.4123631221491	60.2
369.71286299913527	60.2
375.0904604221685	60.2
380.54627680087896	60.2
386.08144985617537	60.2
391.6971338574982	60.2
397.3944998635236	60.2
403.1747359663683	60.2
409.0390475393468	60.2
414.9886574883323	60.3
421.0248065067734	60.3
427.1487533344206	60.3
433.3617750198154	60.3
439.6651671865984	60.3
446.06024430368984	60.3
452.54833995940066	60.3
459.13080713953053	60.4
465.8090185095106	60.4
472.58436670065066	60.4
479.45826460054917	60.4
486.432145647728	60.5
493.50746413055253	60.5
500.6856954904994	60.5
507.9683366298358	60.5
515.3569062237735	60.6
522.8529450371643	60.6
530.4580162458005	60.6
538.1737057623901	60.6
546.0016225672724	60.7
553.9433990439449	60.7
562.0006913194694	60.7
570.1751796098309	60.8
578.4685685703187	60.8
586.8825876510039	60.8
595.4189914573883	60.9
604.0795601162986	60.9
612.8660996471021	61.0
621.780442338323	61.0
630.8244471297356	61.1
640.0000000000159	61.1
649.3090143600314	61.2
658.7534314518515	61.2
668.3352207535618	61.3
678.0563803899662	61.3
687.9189375492632	61.3
697.9249489057827	61.4
708.0765010488715	61.4
718.3757109180171	61.5
728.8247262443015	61.5
739.425725998274	61.5
750.1809208443404	61.5
761.0925536017613	61.6
772.1628997123541	61.6
783.3942677149998	61.6
794.7889997270506	61.6
806.34947193274	61.6
818.0780950786972	61.6
829.9773149766683	61.6
842.0496130135506	61.5
866.7235500396347	61.5
879.3303343732008	61.4
892.1204886073838	61.4
905.0966799188055	61.3
918.2616142790653	61.3
931.6180370190256	61.2
945.1687334013056	61.2
958.9165292011028	61.2
972.8642912954606	61.2
987.0149282611097	61.2
1001.3713909810035	61.2
1015.9366732596762	61.3
1030.7138124475518	61.3
1045.7058900743334	61.4
1060.916032491606	61.5
1076.3474115247852	61.6
1092.0032451345498	61.7
1107.8867980878947	61.8
1124.0013826389438	61.9
1140.350359219667	62.0
1156.9371371406426	62.1
1173.765175302013	62.1
1190.837982914782	62.2
1208.1591202326028	62.3
1225.73219929421	62.3
1243.5608846766518	62.4
1261.648894259477	62.4
1280.0000000000375	62.4
1298.6180287200684	62.4
1317.5068629037087	62.4
1336.6704415071292	62.4
1356.112760779938	62.4
1375.8378750985323	62.4
1395.8498978115715	62.5
1416.153002097749	62.5
1436.7514218360407	62.5
1457.6494524886093	62.6
1478.8514519965543	62.7
1500.3618416886875	62.8
1522.1851072035295	63.0
1544.3257994247153	63.1
1566.788535430007	63.3
1589.5779994541087	63.5
1612.6989438654878	63.7
1636.156190157402	63.8
1684.099226027109	64.1
1708.5950133376978	64.2
1733.4471000792773	64.2
1758.6606687464096	64.3
1784.2409772147755	64.3
1810.193359837619	64.3
1836.5232285581387	64.4
1863.2360740380593	64.4
1890.3374668026197	64.5
1917.833058402214	64.6
1945.7285825909298	64.8
1974.0298565222283	64.9
2002.7427819620161	65.1
2031.8733465193618	65.3
2061.4276248951132	65.4
2091.411780148677	65.6
2121.832064983222	65.7
2152.694823049581	65.9
2184.0064902691106	66.0
2215.7735961758003	66.1
2248.002765277899	66.2
2280.7007184393456	66.4
2313.874274281297	66.5
2347.530350604038	66.7
2381.6759658295764	66.8
2416.318240465218	67.0
2451.4643985884327	67.2
2487.1217693533167	67.4
2523.2977885189675	67.6
2560.0000000000887	67.8
2597.236057440151	67.9
2635.0137258074315	68.0
2673.340883014273	68.2
2712.225521559891	68.3
2751.6757501970797	68.5
2791.699795623158	68.7
2832.3060041955137	68.8
2873.502843672097	69.0
2915.2989049772345	69.1
2957.7029039931244	69.3
3000.723683377391	69.3
3044.370214407075	69.3
3088.6515988494466	69.3
3133.57707086003	69.3
3179.1559989082334	69.3
3225.3978877309914	69.3
3272.3123803148205	69.3
3319.9092599067053	69.3
3368.198452054235	69.3
3417.190026675413	69.2
3466.8942001585724	69.1
3517.3213374928373	69.0
3568.4819544295697	69.0
3620.386719675257	68.9
3726.472148076138	68.8
3835.6661168044484	68.7
3891.45716518188	68.6
3948.059713044477	68.5
4005.4855639240527	68.4
4063.746693038744	68.4
4122.855249790247	68.4
4182.823560297375	68.4
4243.664129966465	68.4
4368.012980538242	68.1
4431.5471923516225	68.0
4496.00553055582	67.9
4561.401436878714	67.9
4627.748548562617	67.9
4763.351931659176	68.0
4832.63648093046	67.9
4902.928797176889	67.8
4974.243538706657	67.7
5046.595577037959	67.6
5120.000000000202	67.6
5194.472114880326	67.5
5270.027451614888	67.5
5346.6817660285715	67.5
5424.451043119808	67.4
5503.351500394186	67.4
5583.399591246343	67.3
5664.612008391055	67.2
5830.597809954497	67.0
5915.405807986278	66.8
6001.447366754812	66.6
6088.740428814181	66.4
6177.303197698925	66.3
6267.154141720092	66.1
6358.3119978165005	66.0
6450.795775462017	65.9
6544.624760629676	65.9
6639.818519813445	65.9
6736.396904108505	65.9
6834.380053350861	65.9
6933.788400317181	66.0
7034.642674985712	66.1
7136.963908859177	66.2
7240.773439350552	66.3
7346.092914232631	66.4
7452.944296152315	66.5
7561.349867210557	66.6
7671.332233608935	66.6
7782.914330363799	66.7
7896.119426088994	66.7
8010.971127848146	66.7
8127.49338607753	66.6
8245.710499580537	66.5
8365.647120594791	66.3
8487.328259932974	65.9
8610.77929219841	65.4
8736.025961076528	64.7
8863.094384703289	63.9
8992.011061111683	63.1
9122.802873757471	62.4
9255.497097125279	61.9
9390.121402416245	61.5
9526.7038633184	61.4
9665.272961860968	61.5
9805.857594353829	61.8
9948.487077413367	62.3
10093.19115407597	62.7
10240.000000000457	63.1
10388.944229760706	63.4
10540.05490322983	63.5
10693.363532057198	63.3
10848.902086239672	62.8
11006.703000788428	62.1
11166.799182492743	61.4
11329.224016782166	60.8
11494.0113746885	60.3
11661.195619909053	59.9
11830.811615972614	59.6
12002.894733509682	59.3
12177.48085762842	59.1
12354.606395397908	59.0
12534.308283440243	58.9
12716.62399563306	58.8
12901.591550924093	58.8
13089.249521259411	58.8
13279.637039626952	58.7
13472.793808217073	58.7
13668.760106701786	58.6
13867.576800634426	58.5
14069.285349971487	58.1
14273.927817718419	57.7
14481.54687870117	57.2
14692.18582846533	56.7
14905.888592304698	56.3
15122.699734421185	56.2
15342.664467217943	56.4
15565.828660727671	56.7
15792.238852178061	57.0
16021.942255696367	57.1
16254.986772155136	57.1
16491.42099916115	56.9
16731.294241189662	56.6
16974.65651986603	56.2
17221.558584396902	55.7
17472.051922153143	55.2
17726.188769406665	54.7
17984.022122223458	54.3
18245.605747515034	54.1
18510.99419425065	54.1
18780.242804832582	54.1
19053.40772663689	53.9
19330.545923722028	53.5
19611.71518870775	52.8
19896.974154826825	52.3
20186.382308152035	52.1
