
Frequency	dB	Unweighted
20	62.2
20.290906698750476	62.2
20.586044732869844	62.2
20.885475648548283	62.2
21.189261887185914	62.1
21.49746679841394	62.1
22.12739065777668	62.1
22.449240966187475	62.1
22.77577269513385	62.0
23.107053937445478	62.0
23.44315377638505	62.0
23.784142300054445	62.0
24.130090616010463	62.0
24.481070866093134	61.9
24.837156241469714	61.9
25.56494047120865	61.9
25.936791093020236	61.9
26.3140504066728	61.8
26.69679708340074	61.8
27.08511093873791	61.8
27.47907294916184	61.8
27.878765268980047	61.8
28.284271247461966	61.8
28.695675446220072	61.7
29.11306365684382	61.7
29.536522918790062	61.7
29.966141537533712	61.7
30.402009102982383	61.7
30.844216508158908	61.6
31.29285596815558	61.6
31.74802103936409	61.6
32.20980663898519	61.6
32.67830906482211	61.6
33.153626015361866	61.6
33.63585661014871	61.5
34.125101410453844	61.5
34.62146244024586	61.5
35.12504320746613	61.5
35.635948725613716	61.5
36.15428553564419	61.4
36.68016172818701	61.4
37.21368696608603	61.4
37.754972507267915	61.4
38.30413122794313	61.4
38.86127764614443	61.4
39.4265279456077	61.3
40.000000000000206	61.3
40.58181339750116	61.3
41.1720894657399	61.3
41.77095129709678	61.3
42.37852377437204	61.2
42.9949335968281	61.2
43.62030930661056	61.2
44.25478131555359	61.2
44.89848193237519	61.2
45.55154539026795	61.2
46.21410787489121	61.1
46.88630755277036	61.1
47.56828460010916	61.1
48.260181232021196	61.1
48.962141732186545	61.1
49.674312482939705	61.1
50.39684199579528	61.0
51.129880942417586	61.0
51.873582186040764	61.0
52.628100813345895	61.0
53.393594166801776	61.0
54.17022187747612	61.0
54.95814589832399	60.9
55.75753053796041	60.9
56.56854249492426	60.9
57.39135089244048	60.9
58.226127313687975	60.9
59.073045837580466	60.8
59.932283075067765	60.8
60.804018205965114	60.8
61.68843301631817	60.8
62.58571193631152	60.8
63.49604207872855	60.8
64.41961327797075	60.7
65.35661812964459	60.7
66.3072520307241	60.7
67.27171322029778	60.7
68.25020282090806	60.7
69.2429248804921	60.7
70.25008641493265	60.6
71.27189745122783	60.6
72.30857107128878	60.6
73.36032345637442	60.6
74.42737393217246	60.6
75.50994501453623	60.6
76.60826245588666	60.5
77.72255529228926	60.5
78.85305589121582	60.5
80.00000000000082	60.5
81.16362679500274	60.5
82.34417893148023	60.5
83.541902594194	60.4
84.75704754874454	60.4
85.98986719365665	60.4
87.24061861322157	60.4
88.50956263110764	60.4
89.79696386475084	60.4
91.10309078053635	60.4
92.42821574978288	60.3
93.77261510554118	60.3
95.13656920021877	60.3
96.52036246404286	60.3
97.92428346437356	60.3
99.34862496587989	60.3
100.79368399159105	60.2
102.25976188483567	60.2
103.74716437208203	60.2
105.25620162669229	60.2
106.78718833360406	60.2
108.34044375495276	60.2
109.9162917966485	60.2
111.51506107592134	60.1
113.13708498984903	60.1
114.78270178488147	60.1
116.45225462737648	60.1
118.14609167516147	60.1
119.86456615013608	60.1
121.60803641193078	60.1
125.17142387262359	60.0
126.99208415745765	60.0
128.83922655594208	60.0
130.71323625928977	60.0
132.61450406144883	60.0
134.5434264405962	60.0
136.50040564181674	59.9
138.48584976098482	59.9
140.50017282986593	59.9
142.5437949024563	59.9
144.61714214257822	59.9
146.7206469127495	59.9
148.8547478643456	59.9
151.01989002907314	59.9
153.216524911774	59.8
155.4451105845792	59.8
157.70611178243232	59.8
160.00000000000236	59.8
162.3272535900062	59.8
164.6883578629612	59.8
167.08380518838874	59.8
169.51409509748981	59.8
174.4812372264439	59.8
177.01912526221608	59.8
179.5939277295025	59.7
182.20618156107355	59.7
184.85643149956664	59.7
187.54523021108326	59.7
190.27313840043846	59.7
193.04072492808663	59.7
195.84856692874806	59.7
198.69724993176072	59.7
201.58736798318304	59.7
204.5195237696723	59.7
207.49432874416505	59.7
210.5124032533856	59.7
213.57437666720915	59.7
216.68088750990657	59.7
219.83258359329807	59.6
223.03012215184378	59.6
226.2741699796992	59.6
229.5654035697641	59.6
232.90450925475412	59.6
236.2921833503241	59.6
239.72913230027333	59.6
243.21607282386276	59.6
246.75373206527502	59.6
250.34284774524843	59.6
253.9841683149166	59.6
257.67845311188546	59.6
261.42647251858085	59.6
265.22900812289896	59.6
269.08685288119375	59.6
273.0008112836349	59.6
276.97169952197106	59.6
281.00034565973334	59.6
285.0875898049141	59.6
289.23428428515797	59.6
293.44129382550057	59.6
297.7094957286928	59.6
302.0397800581479	59.6
306.4330498235497	59.6
310.89022116916016	59.6
315.41222356486645	59.6
320.00000000000654	59.6
324.6545071800142	59.6
329.3767157259242	59.6
334.16761037677935	59.6
339.02819019498156	59.6
343.95946877463007	59.6
348.9624744528898	59.6
354.03825052443415	59.6
359.187855459007	59.7
364.4123631221491	59.7
369.71286299913527	59.7
375.0904604221685	59.7
380.54627680087896	59.7
386.08144985617537	59.7
391.6971338574982	59.7
397.3944998635236	59.7
403.1747359663683	59.7
409.0390475393468	59.7
414.9886574883323	59.7
421.0248065067734	59.7
427.1487533344206	59.8
433.3617750198154	59.8
439.6651671865984	59.8
446.06024430368984	59.8
452.54833995940066	59.8
459.13080713953053	59.8
465.8090185095106	59.9
472.58436670065066	59.9
479.45826460054917	59.9
493.50746413055253	60.0
500.6856954904994	60.0
507.9683366298358	60.0
515.3569062237735	60.0
522.8529450371643	60.1
530.4580162458005	60.1
538.1737057623901	60.1
546.0016225672724	60.2
553.9433990439449	60.2
562.0006913194694	60.2
570.1751796098309	60.3
578.4685685703187	60.3
586.8825876510039	60.3
595.4189914573883	60.4
604.0795601162986	60.4
612.8660996471021	60.5
621.780442338323	60.5
630.8244471297356	60.6
640.0000000000159	60.6
649.3090143600314	60.7
658.7534314518515	60.7
668.3352207535618	60.8
687.9189375492632	60.8
697.9249489057827	60.9
708.0765010488715	60.9
718.3757109180171	61.0
728.8247262443015	61.0
739.425725998274	61.0
750.1809208443404	61.1
761.0925536017613	61.1
772.1628997123541	61.1
783.3942677149998	61.1
794.7889997270506	61.1
806.34947193274	61.1
818.0780950786972	61.1
829.9773149766683	61.1
842.0496130135506	61.1
854.2975066688449	61.0
866.7235500396347	61.0
879.3303343732008	61.0
892.1204886073838	60.9
905.0966799188055	60.9
931.6180370190256	60.8
945.1687334013056	60.8
958.9165292011028	60.8
972.8642912954606	60.8
987.0149282611097	60.8
1001.3713909810035	60.8
1015.9366732596762	60.9
1030.7138124475518	60.9
1045.7058900743334	61.0
1060.916032491606	61.1
1076.3474115247852	61.2
1092.0032451345498	61.3
1107.8867980878947	61.4
1124.0013826389438	61.5
1140.350359219667	61.6
1156.9371371406426	61.7
1173.765175302013	61.8
1190.837982914782	61.9
1208.1591202326028	62.0
1225.73219929421	62.0
1243.5608846766518	62.1
1261.648894259477	62.1
1280.0000000000375	62.1
1298.6180287200684	62.2
1317.5068629037087	62.2
1336.6704415071292	62.2
1356.112760779938	62.2
1375.8378750985323	62.2
1395.8498978115715	62.3
1416.153002097749	62.3
1436.7514218360407	62.4
1457.6494524886093	62.5
1478.8514519965543	62.6
1500.3618416886875	62.7
1522.1851072035295	62.9
1544.3257994247153	63.1
1566.788535430007	63.3
1589.5779994541087	63.5
1612.6989438654878	63.7
1636.156190157402	63.8
1659.9546299533442	64.0
1684.099226027109	64.2
1708.5950133376978	64.3
1733.4471000792773	64.4
1758.6606687464096	64.5
1784.2409772147755	64.5
1810.193359837619	64.6
1836.5232285581387	64.7
1863.2360740380593	64.8
1890.3374668026197	64.9
1917.833058402214	65.1
1945.7285825909298	65.3
1974.0298565222283	65.5
2002.7427819620161	65.7
2031.8733465193618	65.9
2061.4276248951132	66.2
2091.411780148677	66.4
2121.832064983222	66.7
2152.694823049581	66.9
2184.0064902691106	67.1
2215.7735961758003	67.3
2248.002765277899	67.5
2280.7007184393456	67.7
2313.874274281297	68.0
2347.530350604038	68.2
2381.6759658295764	68.5
2416.318240465218	68.8
2451.4643985884327	69.1
2487.1217693533167	69.4
2523.2977885189675	69.7
2560.0000000000887	69.9
2597.236057440151	70.1
2635.0137258074315	70.4
2673.340883014273	70.6
2712.225521559891	70.8
2751.6757501970797	70.9
2791.699795623158	71.1
2832.3060041955137	71.3
2873.502843672097	71.4
2915.2989049772345	71.5
2957.7029039931244	71.6
3000.723683377391	71.6
3044.370214407075	71.5
3088.6515988494466	71.4
3133.57707086003	71.3
3179.1559989082334	71.2
3225.3978877309914	71.1
3272.3123803148205	71.0
3319.9092599067053	70.9
3368.198452054235	70.7
3417.190026675413	70.6
3466.8942001585724	70.4
3517.3213374928373	70.2
3568.4819544295697	70.1
3620.386719675257	69.9
3673.0464571162966	69.8
3726.472148076138	69.7
3780.6749336052594	69.5
3835.6661168044484	69.4
3891.45716518188	69.2
3948.059713044477	69.1
4005.4855639240527	68.9
4063.746693038744	68.9
4122.855249790247	68.8
4182.823560297375	68.7
4243.664129966465	68.7
4305.389646099183	68.5
4368.012980538242	68.4
4431.5471923516225	68.2
4496.00553055582	68.1
4561.401436878714	68.0
4627.748548562617	68.0
4695.060701208099	68.0
4763.351931659176	68.0
4832.63648093046	67.9
4902.928797176889	67.8
4974.243538706657	67.6
5046.595577037959	67.5
5120.000000000202	67.5
5194.472114880326	67.4
5270.027451614888	67.4
5346.6817660285715	67.3
5424.451043119808	67.3
5503.351500394186	67.2
5583.399591246343	67.1
5664.612008391055	67.0
5747.005687344222	66.9
5830.597809954497	66.7
5915.405807986278	66.5
6001.447366754812	66.3
6088.740428814181	66.2
6177.303197698925	66.0
6267.154141720092	65.8
6358.3119978165005	65.7
6450.795775462017	65.6
6544.624760629676	65.5
6639.818519813445	65.5
6736.396904108505	65.5
6834.380053350861	65.6
6933.788400317181	65.6
7034.642674985712	65.7
7136.963908859177	65.8
7240.773439350552	65.9
7346.092914232631	66.0
7452.944296152315	66.1
7561.349867210557	66.2
7671.332233608935	66.2
7782.914330363799	66.3
7896.119426088994	66.3
8010.971127848146	66.3
8127.49338607753	66.2
8245.710499580537	66.1
8365.647120594791	65.9
8487.328259932974	65.5
8610.77929219841	64.9
8736.025961076528	64.2
8863.094384703289	63.4
8992.011061111683	62.7
9122.802873757471	62.0
9255.497097125279	61.4
9390.121402416245	61.0
9526.7038633184	60.9
9665.272961860968	61.0
9805.857594353829	61.4
9948.487077413367	61.8
10093.19115407597	62.2
10240.000000000457	62.6
10388.944229760706	62.9
10540.05490322983	63.0
10693.363532057198	62.8
10848.902086239672	62.3
11006.703000788428	61.6
11166.799182492743	60.9
11329.224016782166	60.3
11494.0113746885	59.8
11661.195619909053	59.4
11830.811615972614	59.0
12002.894733509682	58.8
12177.48085762842	58.6
12354.606395397908	58.4
12534.308283440243	58.3
12716.62399563306	58.3
12901.591550924093	58.3
13089.249521259411	58.2
13279.637039626952	58.2
13472.793808217073	58.2
13668.760106701786	58.1
13867.576800634426	57.9
14069.285349971487	57.6
14273.927817718419	57.2
14481.54687870117	56.6
14692.18582846533	56.1
14905.888592304698	55.8
15122.699734421185	55.7
15342.664467217943	55.9
15565.828660727671	56.1
15792.238852178061	56.4
16021.942255696367	56.6
16254.986772155136	56.6
16491.42099916115	56.4
16731.294241189662	56.1
16974.65651986603	55.7
17221.558584396902	55.2
17472.051922153143	54.7
17726.188769406665	54.2
17984.022122223458	53.8
18245.605747515034	53.6
18510.99419425065	53.6
18780.242804832582	53.5
19053.40772663689	53.3
19330.545923722028	52.9
19611.71518870775	52.3
19896.974154826825	51.8
20186.382308152035	51.6
