20.9319850070224    3.5631561330923063
21.92802397296316    3.575662537337962
22.97197031725322    3.602741621313328
24.067223769532184    3.6735387444778524
25.21217104763221    3.678758808858646
26.41158677137357    3.6839788732394396
27.668062161878265    3.689198937620233
28.98431171213375    3.694419002001027
30.363179051391267    3.6996390663818204
31.80764308855054    3.704859130762614
33.32082444780297    3.7100791951434076
34.905992210436956    3.7152992595242047
36.566570977370375    3.7205193239049983
38.306148267668085    3.725739388285792
40.128482269028275    3.7309594526665855
42.03750995698175    3.736179517047379
44.03735560034509    3.7413995814281726
46.13233967130252    3.7466196458089662
48.32645033688013    3.744553370324901
50.61928171275817    3.6696236961922573
53.027387000322356    3.674843760573051
55.55005280474454    3.6800638249538444
58.188195767164096    3.634279510280628
60.95298422141712    3.603067875337132
63.84914047451646    3.5718562403936325
66.88067337177094    3.5187855858555572
70.0538033094693    3.4438559117229097
73.37748127687344    3.3689262375902658
76.85799459177865    3.2867102235927597
80.49822354691375    3.1607761704061055
84.30617337061378    2.9984104178951547
88.29818807899855    2.865190024843642
92.47820101960977    2.724683291927267
96.84962724419186    2.540458519821744
101.42204598141983    2.319802048391928
106.21269970612715    2.113718256691836
111.22840127363621    1.9003481251268788
116.47188611907714    1.6359736145079147
121.96798678347604    1.4007444633483814
127.71917429434303    1.143656292594276
133.73857214695533    0.8719954421104532
140.04633967289053    0.6221936112212063
146.65814114101556    0.4015371397913903
153.58380511946842    0.1881670082264364
160.83115107980623    -0.0470621429330933
168.4279841501092    -0.2531459346331921
176.3934677905275    -0.4227980270090015
184.73977594913464    -0.5778774396550865
193.4874615969063    -0.7110978327066029
202.65838392337628    -0.8151728662986812
212.26635216039617    -0.9119615600259081
222.3422032741516    -0.9723185544288349
232.8989264917909    -1.02538920896691
243.96773942880856    -1.0493145040455474
255.57398873608628    -1.0440944396647538
267.7323808114941    -1.0388743752839602
280.46918267966066    -1.0336543109031666
293.81191096336687    -1.028434246522373
307.7893913305345    -1.0232141821415794
322.46052956724776    -0.9597033988419135
337.81594566722305    -0.925337975001689
353.92227331857924    -0.8545408518371715
370.7841356423642    -0.8056027482672263
388.4623147016313    -0.7348056251027089
406.9969393340701    -0.6421494823436156
426.41590280006966    -0.5494933395845223
446.77134377396465    -0.44226451709570824
468.0932649549502    -0.34232203447175635
490.4764306381567    -0.18408883292893563
513.9127501409085    -0.04771465098069427
538.4869004103491    0.11051855056212645
564.2361311993911    0.2687517521049436
591.249532259345    0.4634166529720538
619.5493332546594    0.6507952139743054
649.2398140089686    0.87460547430085
680.3379994153033    1.083843054897681
712.9099001113218    1.2785079557647911
746.9913323720601    1.4294548174427497
782.7194865709512    1.594974358850429
820.0378449004058    1.6657714820149465
859.0494113132436    1.67099154639574
899.8868246750515    1.6543525911819579
942.6340902125044    1.6158546163736034
987.4998938707455    1.6356473604841142
1034.696883575649    1.7793078822972177
1084.37890118181    2.0614088615426276
1136.4717471088659    2.3580825205177547
1191.2394360386909    2.74947859773604
1248.3963206442552    3.0097205573868777
1308.222850901537    3.2335308177134188
1370.672334720888    3.3407596402022293
1436.3266915190004    3.54999722079906
1505.3436300755213    3.853957219639046
1578.1686146253521    4.361934734695062
1654.5719424107356    4.891771269345657
1728.0149205882747    5.438660014306844
1804.3202345074335    5.8412792299438365
1891.2511491164032    6.225388967297265
1974.914067883553    6.677555294015294
2046.4153932002018    7.1448815577058795
2112.4002679575965    7.640189541504347
2189.36895527378    8.253971236478584
2268.740617557182    8.751900127601576
2342.0896602040666    9.30185566038648
2408.3836282071557    9.829517168211742
2476.802151892624    10.422755734820731
2556.8352003028485    10.961781757808348
2639.806887992244    11.588243859174264
2735.4901067420315    12.08180094637834
2845.7933499331934    12.610767470298802
2971.8276948008806    13.094993692422207
3114.211061503722    13.311517612883893
3261.7458929930513    13.192869899562098
3415.3957796897644    12.906636369348558
3575.8458061427514    12.540253100621577
3743.333565883718    12.086433753516294
3918.666224757321    11.632614406411015
4102.6221403614545    11.244372118089458
4295.882880991225    10.958138587875919
4498.297548204528    10.679191397527237
4710.459340730471    10.42938956663799
4933.231625317117    10.259737474262185
5166.309509947731    10.060940022426944
5410.399506806171    9.862142570591706
5665.958841057655    9.656058778891609
5932.929148449358    9.377111588542927
6211.994676086179    9.04716001914024
6502.883694726525    8.586054332170098
6810.122132059851    8.38725688033486
7134.893311148437    8.465340343364238
7477.4824314302905    8.747441322609646
7836.434100399568    9.022255961990199
8210.423687147202    9.122198444614153
8531.422322416425    8.87881294285963
8758.470031095638    8.328096150685859
8922.379285658591    7.791082027511674
9055.027215918504    7.3119236178912885
9151.52702935696    6.6465285363519495
9322.532711542464    6.091298563515618
9461.445566716733    5.6339991734898085
9749.959746932229    5.0181403278973775
10176.667507661563    5.174481256102162
10627.418528388513    5.66162201417151
11045.371416358084    5.563963309714154
11339.701739504428    5.035105537134957
11505.918488656118    4.421149840014696
11720.918393482012    3.865919867178363
11985.868590858854    3.2892658801125236
12351.292957940619    2.669763864587665
12829.043943416733    2.164070127698242
13433.825606450015    1.8996956170792814
14012.366844338005    1.6173988854195898
14496.72099958208    1.0486076203273207
14941.688997986359    0.56025972236991
15522.660067168794    0.18207693311551054
16261.298771370306    0.19458333736115918
16962.627383482373    -0.04836715902829525
17547.32030204135    -0.6783636789853738
18014.509612684917    -1.2217941312942848
18492.593986850425    -1.8198721325896372
19059.894678905675    -2.319149540344327
19718.65681115778    -2.8901267073960533
20173.35126170619    -3.1760557338540494
