21.935858663955276    68.62815249266862
22.534334980694645    68.66821716589861
23.78071780903903    68.67813416422287
24.42952744178699    68.67258064516129
25.780734101939007    68.67535740469208
26.484110205173973    68.67258064516129
27.948956636718908    68.67258064516129
28.71148838352203    68.67258064516129
30.29953196803823    68.6698038856305
31.12619449212511    68.67694412442395
32.847796410261516    68.61704545454545
33.743983266211714    68.62021889400921
35.61037609914767    68.54484970674487
36.58193445261852    68.5416762672811
38.60529546897091    68.42822580645161
39.65856424649408    68.38895449308755
41.852094852831875    68.24218291788856
42.92970036790099    68.17878024193548
45.37195797344145    67.9894978005865
46.540192737163345    67.9140625
49.04095745785728    67.68127749266861
50.378942536917734    67.60352822580646
53.00665027044125    67.33140579178885
54.45283139799717    67.23699596774193
57.464638671978804    66.95654325513196
58.94423513595818    66.83991935483871
62.11151174241252    66.55113636363636
63.71075564736546    66.43266129032257
67.1341538045557    66.11796187683284
68.96577579446148    66.00213133640553
72.56295138564737    65.66812683284456
74.54268733044442    65.55705645161291
78.43074821684145    65.2182917888563
80.450178955653    65.08870967741935
84.77304393479093    64.75734970674486
87.08590799313966    64.64072580645161
91.62820885121738    64.28807734604105
93.98744710538796    64.14692540322581
98.74195367475805    63.80492118768328
101.43593167891174    63.667669930875576
106.72671327748371    63.31343475073314
109.638539581551    63.18768721198157
115.35715977965354    62.827501832844575
118.50445066769548    62.707704493087554
124.68550659693169    62.35267595307918
127.89590239744078    62.2226310483871
134.76818937835475    61.90006414956011
138.44507163896702    61.78264688940092
145.6662074368719    61.47521994134897
149.64042046567215    61.368116359447
157.44549278963393    61.083696847507326
161.74108021365342    60.975403225806446
170.17730904069612    60.68384347507332
174.8202587728006    60.58269009216589
184.48963524953305    60.30342741935483
189.23986457776803    60.20161290322581
199.4083737577286    59.95633247800586
204.84883500803804    59.88016993087557
216.179103710403    59.6731030058651
221.74527178920962    59.605997983870964
234.36029290230275    59.464846041055715
240.39458927462985    59.4023689516129
254.07056439104863    59.32600806451613
260.61235978665    59.27510080645161
275.43851772235    59.25658907624633
282.53049404525046    59.20383064516129
298.6035679769531    59.20383064516129
306.29199678327143    59.20383064516129
323.7168553834828    59.20383064516129
332.0518997799153    59.20383064516129
350.94223143193904    59.26491935483871
359.9782733646436    59.26491935483871
380.4573279217414    59.292686950146624
390.253322991011    59.32600806451613
412.45471591931704    59.337115102639295
423.0745780350325    59.387096774193544
447.143162186844    59.40931085043988
458.6561805743903    59.448185483870965
483.30135559088234    59.51482771260997
496.4872727505538    59.509274193548386
523.9481768232931    59.58424670087976
538.2430617343985    59.618361175115204
568.0134947290256    59.698093841642226
583.5106142806886    59.69254032258064
615.7848132050941    59.80361070381231
632.585278258992    59.81035426267281
667.5738159265529    59.93689516129032
685.7872410141182    59.96743951612903
723.7183999247287    60.08684017595307
742.3526628417524    60.13034274193548
784.5848801943359    60.25622250733137
804.7863300120873    60.30342741935483
850.5703797134125    60.44781891495601
872.4708206676033    60.50196572580645
919.3516804114046    60.672736436950146
944.434364244742    60.73541186635944
996.6713960942045    60.942082111436946
1023.8635947344181    61.01467453917051
1077.267142932861    61.26973973607038
1106.6582363805132    61.36375288018433
1164.3802579170629    61.683476906158354
1196.1480596118893    61.8175547235023
1258.537767462109    62.18607038123167
1292.8744697123732    62.336808755760366
1356.2469406606308    62.75530608504398 
1393.2494435519063    62.92151497695852
1461.541966881578    63.35230938416422
1501.41723534037    63.52803859447005
1575.0117894574366    63.99929435483871
1617.982856558833    64.208741359447
1692.2223509533592    64.73791239002932
1738.3912753258867    64.97235023041475
1818.1555873004472    65.58482404692082
1864.9693607810384    65.8421370967742
1947.6268904322235    66.47616385630498
1997.7742841482793    66.72283266129031
2080.087377431125    67.32029875366568
2136.8384283570053    67.57298387096773
2234.8850818681635    68.16443365102639
2292.428784238033    68.4078629032258
2401.2026529987706    68.93081928152492
2463.028691355247    69.13583669354838
2587.6249694142143    69.57225073313782
2654.2509996709205    69.72636088709677
2796.873040308568    70.03874633431084
2868.886778779315    70.13870967741934
3023.041938482976    70.30809200879764
3105.519630941162    70.33942972350229
3287.103608465519    70.38306451612902
3371.739777563906    70.35252016129031
3552.9149594268542    70.23311950146628
3649.8491843952147    70.18670794930875
3851.7237617179644    69.98043438416423
3956.810391118905    69.89871831797234
4163.193072875478    69.63889296187682
4276.777523536782    69.54527649769585
4499.849323126899    69.2445931085044
4622.618770634889    69.13074596774193
4863.7292521386835    68.80586510263929
4996.4264404744445    68.69003456221198
5272.780729333129    68.38657441348974
5408.544007459577    68.27041330645162
5699.163690118844    67.97561400293255
5854.654047073126    67.86970046082949
6160.026072405445    67.47857404692081
6318.634096494458    67.32353830645161
6618.448110646116    66.86213343108504
6799.019316381444    66.66101670506912
7110.985388444966    66.07353372434017
7294.078662487989    65.82177419354838
7617.3603935455885    65.1488728005865
7813.491784321081    64.89017137096774
8135.426390853354    64.168676686217
8332.427161518246    63.88322580645161
8636.908822982792    63.110731304985336
8846.053078310697    62.78362903225806
9169.303541408268    61.9389387829912
9377.306375235548    61.639742943548384
9705.445252311729    60.728271627565974
9925.610296136456    60.395060483870964
10242.257202355111    59.559255865102635
10490.2752490159    59.234375
10841.135980354502    58.395793621700875
11087.063819435989    58.058417338709674
11440.763426082818    57.22122434017595
11717.803510234658    56.864133064516125
12145.992825586687    56.002226906158356
12421.52094132185    55.721774193548384
12856.185627550707    54.88596957478006
13167.500407472477    54.57941532258064
13648.664217690748    53.769712243401756
13979.169005055615    53.45538306451613
14489.992624877963    52.69232954545454
14840.870326535865    52.37411290322581
15383.182040399102    51.51220674486804
15732.14479893729    51.170665322580646
16185.55113308371    50.2043530058651
16527.980712141314    49.84707661290323
16924.31453103056    48.73416563275434
17131.9424306581    48.3453125
17520.575281392103    47.31698588709678
17731.438290810016    46.89445564516129
18079.516826798506    45.8620564516129
18297.106789781596    45.39269153225806
18545.027265663048    44.45090725806452
18656.2897302604    43.916381048387095
