21.935858663955276    63.48831767191143
22.534334980694645    63.49659455128206
23.78071780903903    63.48831767191143
24.42952744178699    63.49659455128206
25.780734101939007    63.47728183275059
26.484110205173973    63.435897435897445
27.948956636718908    63.43037951631703
28.71148838352203    63.435897435897445
30.29953196803823    63.43037951631703
31.12619449212511    63.435897435897445
32.847796410261516    63.42210263694639
33.743983266211714    63.37520032051283
35.61037609914767    63.36968240093241
36.58193445261852    63.37520032051283
38.60529546897091    63.36968240093241
39.65856424649408    63.37520032051283
41.852094852831875    63.322780084498845
42.99394610010071    63.31450320512822
45.37195797344145    63.311744245338005
46.609841691931024    63.31450320512822
49.187850156189775    63.30898528554779
50.52984291064603    63.3058321886447
53.32466816627144    63.25104712995339
54.779525780208346    63.25814159798536
57.80940264747747    63.25104712995339
59.386617330494026    63.25814159798536
62.671314222485655    63.19035001456877
64.3811765021292    63.2017799908425
67.94212440361414    63.19035001456877
69.79579026586451    63.197444482600744
73.65622255963426    63.132411858974365
75.66578623606604    63.14108287545788
79.85089028899702    63.12965289918416
82.02946316551926    63.08905677655679
86.56654466339357    63.06895578379954
88.92834082540719    63.08472126831503
93.84700192869245    63.01101762820514
96.40743090080315    63.02402415293041
101.73976338376758    62.950320512820525
104.51553066913509    62.963327037545795
110.29632530243177    62.88962339743591
113.30554137772282    62.84626831501832
119.57251492056069    62.776506046037305
122.83481339764329    62.78557119963371
129.62885468055086    62.68546037296038
133.16552040587487    62.66851247710623
140.5309571096257    62.58337886072262
144.14934072821836    62.52544070512822
152.34995290836684    62.4647435897436
156.27265140295526    62.43945312500001
165.16295504253534    62.36266207750583
169.41556203544206    62.343349358974365
179.0535618661453    62.27713432400934
183.6638234656712    62.22195512820514
194.11240255841173    62.16677593240094
199.11039838815012    62.161258012820525
210.4377284332775    62.10056089743591
215.85606788643327    62.03986378205129
228.1360539795082    61.998479385198145
234.0100889786855    61.97916666666667
247.3228518138233    61.91846955128206
253.6909074644272    61.90835336538463
268.12330608127667    61.846736596736605
275.02693072343    61.79707532051283
290.6731292184458    61.74741404428906
298.15736550887874    61.73637820512822
315.11944740839317    61.6756810897436
323.2331262009815    61.6756810897436
341.6217605045468    61.614983974358985
350.41781944692036    61.554286858974365
370.35298268651854    61.521179341491845
379.8888116114181    61.49358974358975
401.5005706376103    61.43289262820514
411.83838600250135    61.43289262820514
435.26774660479794    61.372195512820525
446.47499742276545    61.36713741987181
471.8748243210378    61.31149839743591
484.0246322314586    61.26091746794873
511.5606464408678    61.22872960372961
524.7322827911017    61.19010416666667
554.5841428678469    61.14596081002332
568.8635459186552    61.12940705128206
599.4305419462905    61.05491513694639
615.7848132050941    61.068709935897445
649.8441106190893    60.99697698135199
667.5738159265529    61.00801282051283
704.4975832148269    60.93627986596738
723.7183999247287    60.94731570512822
763.7475459809954    60.87834171037297
784.5848801943359    60.88228308150184
827.9805749370747    60.81764459498835
850.5703797134125    60.808579441391956
897.6157580874092    60.75970643939395
922.1054204697664    60.765224358974365
973.1074297583207    60.770742278554785
999.6567323990447    60.808579441391956
1054.948134899648    61.035602418414925
1082.1108834377374    61.16481370192308
1136.8512074123068    61.55704581876458
1167.867933664778    61.723371680402934
1225.1129937470905    62.161258012820525
1258.537767462109    62.321671817765576
1324.1816507585513    62.73512164918416
1358.2766095611735    62.88456530448719
1426.9872221171154    63.23449337121213
1465.9197330258437    63.37086481227107
1542.380421266254    63.74214197261073
1584.4612063256116    63.89112580128206
1662.1263038418845    64.31048768939395
1707.4741173703105    64.48509043040293
1791.1689047861566    64.97723630536132
1837.287826598914    65.19105568910257
1924.4656295912096    65.74790574009324
1974.0166683934674    65.9851762820513
2061.5072967817714    66.54524511946389
2117.751427126055    66.77857429029305
2214.922293038384    67.3398255390443
2271.9519945818943    67.55318509615385
2379.7542564399387    68.05991404428906
2444.681122716629    68.24397607600733
2564.5113823872243    68.65309039918415
2634.4789797299836    68.79025011446888
2780.1930362922344    69.02003205128206
2851.7772989056157    69.08072916666667
3014.0140426488238    69.08072916666667
3091.6187161132    69.03520633012822
3257.7420293267114    68.85173550407927
3346.6230474106846    68.76857257326009
3531.726069213092    68.4682400932401
3622.6607644363557    68.33213141025642
3805.918900853217    67.94127877331003
3909.755835640464    67.78441220238096
4101.399258040187    67.3398255390443
4213.297787249026    67.17310554029305
4419.819841689624    66.72457750582751
4540.405843816474    66.55746336996339
4762.961663558642    66.13140115093242
4892.909608466827    65.98084077380953
5148.118149380093    65.58788607226109
5288.574323691738    65.4432377518315
5564.420281345475    65.09127331002333
5707.692679165117    64.94826722756412
5996.42551716429    64.55327615093242
6160.026072405445    64.39404475732601
6461.970369751552    63.965617715617725
6638.272391250379    63.81308665293041
6963.65875637423    63.38347719988346
7153.648348639101    63.23212854853481
7526.774423583054    62.81237252331003
7732.127507907761    62.66417696886448
8111.131067295952    62.252303685897445
8332.427161518246    62.10056089743591
8740.855443298195    61.68395796911423
8979.332315847169    61.52393830128206
9419.46976898087    61.0825047348485
9676.461284988434    60.908296130952394
10150.769716340845    60.420354385198145
10427.71329830729    60.205943795787555
10906.178295522333    59.647845643939405
11186.989994934487    59.42988782051283
11717.803510234658    58.90292650058276
12037.50049554593    58.69285141941393
12589.828937680257    58.11386400058276
12913.991184390436    57.892227564102576
13486.353729151953    57.31928358100234
13833.599648569128    57.087990785256416
14489.992624877963    56.491595643939405
14863.080185268584    56.263521634615394
15521.828536290968    55.69425626456878
15945.310785778807    55.462897779304036
16676.945120408    54.87208624708625
17106.34221748162    54.639873798076934
17864.51445280062    54.07750582750584
18324.489021960482    53.84575320512821
