
Frequency	dB	Unweighted
20	61.4
20.290906698750476	61.3
20.586044732869844	61.3
20.885475648548283	61.3
21.189261887185914	61.3
21.49746679841394	61.3
21.810154653305165	61.3
22.12739065777668	61.3
22.449240966187475	61.2
22.77577269513385	61.2
23.107053937445478	61.2
23.44315377638505	61.2
23.784142300054445	61.2
24.130090616010463	61.2
24.481070866093134	61.2
24.837156241469714	61.1
25.1984209978975	61.1
25.56494047120865	61.1
25.936791093020236	61.1
26.3140504066728	61.1
26.69679708340074	61.1
27.08511093873791	61.1
27.47907294916184	61.0
27.878765268980047	61.0
28.284271247461966	61.0
28.695675446220072	61.0
29.11306365684382	61.0
29.536522918790062	61.0
29.966141537533712	61.0
30.402009102982383	60.9
30.844216508158908	60.9
31.29285596815558	60.9
31.74802103936409	60.9
32.20980663898519	60.9
32.67830906482211	60.9
33.153626015361866	60.9
33.63585661014871	60.8
34.125101410453844	60.8
34.62146244024586	60.8
35.12504320746613	60.8
35.635948725613716	60.8
36.15428553564419	60.8
36.68016172818701	60.8
37.21368696608603	60.7
37.754972507267915	60.7
38.30413122794313	60.7
38.86127764614443	60.7
39.4265279456077	60.7
40.000000000000206	60.7
40.58181339750116	60.7
41.1720894657399	60.6
41.77095129709678	60.6
42.37852377437204	60.6
42.9949335968281	60.6
43.62030930661056	60.6
44.25478131555359	60.6
44.89848193237519	60.6
45.55154539026795	60.6
46.21410787489121	60.5
46.88630755277036	60.5
47.56828460010916	60.5
48.260181232021196	60.5
48.962141732186545	60.5
49.674312482939705	60.5
50.39684199579528	60.5
51.129880942417586	60.4
51.873582186040764	60.4
52.628100813345895	60.4
53.393594166801776	60.4
54.17022187747612	60.4
54.95814589832399	60.4
55.75753053796041	60.4
56.56854249492426	60.4
57.39135089244048	60.3
58.226127313687975	60.3
59.073045837580466	60.3
59.932283075067765	60.3
60.804018205965114	60.3
61.68843301631817	60.3
62.58571193631152	60.3
63.49604207872855	60.3
64.41961327797075	60.2
65.35661812964459	60.2
66.3072520307241	60.2
67.27171322029778	60.2
68.25020282090806	60.2
69.2429248804921	60.2
70.25008641493265	60.2
71.27189745122783	60.1
72.30857107128878	60.1
73.36032345637442	60.1
74.42737393217246	60.1
75.50994501453623	60.1
76.60826245588666	60.1
77.72255529228926	60.1
78.85305589121582	60.1
80.00000000000082	60.1
81.16362679500274	60.0
82.34417893148023	60.0
83.541902594194	60.0
84.75704754874454	60.0
85.98986719365665	60.0
87.24061861322157	60.0
88.50956263110764	60.0
89.79696386475084	60.0
91.10309078053635	59.9
92.42821574978288	59.9
93.77261510554118	59.9
95.13656920021877	59.9
96.52036246404286	59.9
97.92428346437356	59.9
99.34862496587989	59.9
100.79368399159105	59.9
102.25976188483567	59.9
103.74716437208203	59.8
105.25620162669229	59.8
106.78718833360406	59.8
108.34044375495276	59.8
109.9162917966485	59.8
111.51506107592134	59.8
113.13708498984903	59.8
114.78270178488147	59.8
116.45225462737648	59.8
118.14609167516147	59.7
119.86456615013608	59.7
121.60803641193078	59.7
123.3768660326369	59.7
125.17142387262359	59.7
126.99208415745765	59.7
128.83922655594208	59.7
130.71323625928977	59.7
132.61450406144883	59.7
134.5434264405962	59.7
136.50040564181674	59.7
138.48584976098482	59.6
140.50017282986593	59.6
142.5437949024563	59.6
144.61714214257822	59.6
146.7206469127495	59.6
148.8547478643456	59.6
151.01989002907314	59.6
153.216524911774	59.6
155.4451105845792	59.6
157.70611178243232	59.6
160.00000000000236	59.6
162.3272535900062	59.6
164.6883578629612	59.6
167.08380518838874	59.6
169.51409509748981	59.5
171.97973438731407	59.5
174.4812372264439	59.5
177.01912526221608	59.5
179.5939277295025	59.5
182.20618156107355	59.5
184.85643149956664	59.5
187.54523021108326	59.5
190.27313840043846	59.5
193.04072492808663	59.5
195.84856692874806	59.5
198.69724993176072	59.5
201.58736798318304	59.5
204.5195237696723	59.5
207.49432874416505	59.5
210.5124032533856	59.5
213.57437666720915	59.5
216.68088750990657	59.5
219.83258359329807	59.5
223.03012215184378	59.5
226.2741699796992	59.5
229.5654035697641	59.5
232.90450925475412	59.5
236.2921833503241	59.5
239.72913230027333	59.5
243.21607282386276	59.5
246.75373206527502	59.5
250.34284774524843	59.5
253.9841683149166	59.5
257.67845311188546	59.5
261.42647251858085	59.5
265.22900812289896	59.5
269.08685288119375	59.5
273.0008112836349	59.5
276.97169952197106	59.5
281.00034565973334	59.5
285.0875898049141	59.5
289.23428428515797	59.5
293.44129382550057	59.5
297.7094957286928	59.5
302.0397800581479	59.5
306.4330498235497	59.6
310.89022116916016	59.6
315.41222356486645	59.6
320.00000000000654	59.6
324.6545071800142	59.6
329.3767157259242	59.6
334.16761037677935	59.6
339.02819019498156	59.6
343.95946877463007	59.6
348.9624744528898	59.6
354.03825052443415	59.6
359.187855459007	59.6
364.4123631221491	59.7
369.71286299913527	59.7
375.0904604221685	59.7
380.54627680087896	59.7
386.08144985617537	59.7
391.6971338574982	59.7
397.3944998635236	59.7
403.1747359663683	59.7
409.0390475393468	59.8
414.9886574883323	59.8
421.0248065067734	59.8
427.1487533344206	59.8
433.3617750198154	59.8
439.6651671865984	59.9
446.06024430368984	59.9
452.54833995940066	59.9
459.13080713953053	59.9
465.8090185095106	59.9
472.58436670065066	60.0
479.45826460054917	60.0
486.432145647728	60.0
493.50746413055253	60.0
500.6856954904994	60.1
507.9683366298358	60.1
515.3569062237735	60.1
522.8529450371643	60.1
530.4580162458005	60.2
538.1737057623901	60.2
546.0016225672724	60.2
553.9433990439449	60.3
562.0006913194694	60.3
570.1751796098309	60.3
578.4685685703187	60.4
586.8825876510039	60.4
595.4189914573883	60.4
604.0795601162986	60.4
612.8660996471021	60.5
621.780442338323	60.5
630.8244471297356	60.5
640.0000000000159	60.5
649.3090143600314	60.6
658.7534314518515	60.6
668.3352207535618	60.6
678.0563803899662	60.6
687.9189375492632	60.7
697.9249489057827	60.7
708.0765010488715	60.7
718.3757109180171	60.7
728.8247262443015	60.8
739.425725998274	60.8
750.1809208443404	60.8
761.0925536017613	60.8
772.1628997123541	60.8
783.3942677149998	60.9
794.7889997270506	60.9
806.34947193274	60.9
818.0780950786972	60.9
829.9773149766683	61.0
842.0496130135506	61.0
866.7235500396347	61.0
879.3303343732008	61.0
892.1204886073838	61.1
905.0966799188055	61.1
918.2616142790653	61.1
931.6180370190256	61.2
945.1687334013056	61.2
958.9165292011028	61.2
972.8642912954606	61.3
987.0149282611097	61.3
1001.3713909810035	61.4
1015.9366732596762	61.4
1030.7138124475518	61.5
1045.7058900743334	61.5
1060.916032491606	61.6
1076.3474115247852	61.6
1092.0032451345498	61.7
1107.8867980878947	61.8
1124.0013826389438	61.8
1140.350359219667	61.9
1156.9371371406426	62.0
1173.765175302013	62.1
1190.837982914782	62.1
1208.1591202326028	62.2
1225.73219929421	62.3
1243.5608846766518	62.4
1261.648894259477	62.5
1280.0000000000375	62.6
1298.6180287200684	62.7
1317.5068629037087	62.7
1336.6704415071292	62.8
1356.112760779938	62.9
1375.8378750985323	63.0
1395.8498978115715	63.1
1416.153002097749	63.2
1436.7514218360407	63.3
1457.6494524886093	63.4
1478.8514519965543	63.5
1500.3618416886875	63.6
1522.1851072035295	63.7
1544.3257994247153	63.9
1566.788535430007	64.0
1589.5779994541087	64.1
1612.6989438654878	64.2
1636.156190157402	64.3
1684.099226027109	64.6
1708.5950133376978	64.7
1733.4471000792773	64.9
1758.6606687464096	65.0
1784.2409772147755	65.2
1810.193359837619	65.3
1836.5232285581387	65.5
1863.2360740380593	65.7
1890.3374668026197	65.9
1917.833058402214	66.1
1945.7285825909298	66.2
1974.0298565222283	66.5
2002.7427819620161	66.7
2031.8733465193618	66.9
2061.4276248951132	67.1
2091.411780148677	67.3
2121.832064983222	67.6
2152.694823049581	67.8
2184.0064902691106	68.0
2215.7735961758003	68.3
2248.002765277899	68.5
2280.7007184393456	68.7
2313.874274281297	68.9
2347.530350604038	69.1
2381.6759658295764	69.3
2416.318240465218	69.5
2451.4643985884327	69.7
2487.1217693533167	69.9
2523.2977885189675	70.1
2560.0000000000887	70.2
2597.236057440151	70.4
2635.0137258074315	70.5
2673.340883014273	70.6
2712.225521559891	70.8
2751.6757501970797	70.9
2791.699795623158	70.9
2832.3060041955137	71.0
2873.502843672097	71.1
2915.2989049772345	71.1
2957.7029039931244	71.1
3000.723683377391	71.2
3044.370214407075	71.2
3088.6515988494466	71.1
3133.57707086003	71.1
3179.1559989082334	71.0
3225.3978877309914	71.0
3272.3123803148205	70.9
3319.9092599067053	70.8
3368.198452054235	70.6
3417.190026675413	70.5
3466.8942001585724	70.4
3517.3213374928373	70.2
3568.4819544295697	70.1
3620.386719675257	69.9
3726.472148076138	69.6
3835.6661168044484	69.2
3891.45716518188	69.0
3948.059713044477	68.8
4005.4855639240527	68.7
4063.746693038744	68.5
4122.855249790247	68.3
4182.823560297375	68.1
4243.664129966465	67.9
4368.012980538242	67.6
4431.5471923516225	67.4
4496.00553055582	67.3
4561.401436878714	67.1
4627.748548562617	67.0
4763.351931659176	66.7
4832.63648093046	66.5
4902.928797176889	66.4
4974.243538706657	66.3
5046.595577037959	66.2
5120.000000000202	66.1
5194.472114880326	66.0
5270.027451614888	65.9
5346.6817660285715	65.8
5424.451043119808	65.7
5503.351500394186	65.6
5583.399591246343	65.5
5664.612008391055	65.5
5830.597809954497	65.3
5915.405807986278	65.3
6001.447366754812	65.2
6088.740428814181	65.2
6177.303197698925	65.2
6267.154141720092	65.1
6358.3119978165005	65.1
6450.795775462017	65.1
6544.624760629676	65.1
6639.818519813445	65.1
6736.396904108505	65.1
6834.380053350861	65.1
6933.788400317181	65.1
7034.642674985712	65.1
7136.963908859177	65.1
7240.773439350552	65.1
7346.092914232631	65.1
7452.944296152315	65.1
7561.349867210557	65.1
7671.332233608935	65.1
7782.914330363799	65.0
7896.119426088994	65.0
8010.971127848146	64.9
8127.49338607753	64.8
8245.710499580537	64.7
8365.647120594791	64.5
8487.328259932974	64.3
8610.77929219841	64.2
8736.025961076528	64.0
8863.094384703289	63.8
8992.011061111683	63.6
9122.802873757471	63.4
9255.497097125279	63.2
9390.121402416245	62.9
9526.7038633184	62.7
9665.272961860968	62.5
9805.857594353829	62.3
9948.487077413367	62.0
10093.19115407597	61.8
10240.000000000457	61.6
10388.944229760706	61.4
10540.05490322983	61.1
10693.363532057198	60.9
10848.902086239672	60.7
11006.703000788428	60.4
11166.799182492743	60.2
11329.224016782166	60.0
11494.0113746885	59.7
11661.195619909053	59.5
11830.811615972614	59.3
12002.894733509682	59.1
12177.48085762842	58.9
12354.606395397908	58.7
12534.308283440243	58.6
12716.62399563306	58.4
12901.591550924093	58.3
13089.249521259411	58.1
13279.637039626952	57.9
13472.793808217073	57.8
13668.760106701786	57.7
13867.576800634426	57.5
14069.285349971487	57.4
14273.927817718419	57.3
14481.54687870117	57.1
14692.18582846533	57.0
14905.888592304698	56.8
15122.699734421185	56.7
15342.664467217943	56.5
15565.828660727671	56.4
15792.238852178061	56.2
16021.942255696367	56.1
16254.986772155136	55.9
16491.42099916115	55.7
16731.294241189662	55.5
16974.65651986603	55.3
17221.558584396902	55.1
17472.051922153143	54.9
17726.188769406665	54.7
17984.022122223458	54.5
18245.605747515034	54.3
18510.99419425065	54.1
18780.242804832582	53.9
19053.40772663689	53.6
19330.545923722028	53.3
19611.71518870775	52.7
19896.974154826825	51.9
20186.382308152035	51.6
