20    65.06617727691835
20.290906698750476    65.08068088235436
20.586044732869844    65.09452916569434
20.885475648548283    65.10683752336598
21.189261887185914    65.11667210236173
21.49746679841394    65.12336201694661
21.810154653305165    65.12686982312522
22.12739065777668    65.12798873769333
22.449240966187475    65.12761410336367
22.77577269513385    65.12605836811551
23.107053937445478    65.1234059514342
23.44315377638505    65.1201410138601
23.784142300054445    65.11728481648258
24.130090616010463    65.11501819592812
24.481070866093134    65.11278868651496
24.837156241469714    65.10988867451117
25.1984209978975    65.10601424011645
25.56494047120865    65.10157143432774
25.936791093020236    65.09697840006459
26.3140504066728    65.0919512763125
26.69679708340074    65.08579449101269
27.08511093873791    65.07794093982363
27.47907294916184    65.06850510609723
27.878765268980047    65.05835231676653
28.284271247461966    65.04765692442633
28.695675446220072    65.03599475382963
29.11306365684382    65.02294392662422
29.536522918790062    65.00869357040887
29.966141537533712    64.99415426826475
30.402009102982383    64.97953077856417
30.844216508158908    64.9644288560561
31.29285596815558    64.94846026843398
31.74802103936409    64.9318400842747
32.20980663898519    64.91546338179478
32.67830906482211    64.89940934076174
33.153626015361866    64.88297943547573
33.63585661014871    64.86522699546958
34.125101410453844    64.84547668888284
34.62146244024586    64.82386115615188
35.12504320746613    64.80136340706626
35.635948725613716    64.77829896756427
36.15428553564419    64.75439154072505
36.68016172818701    64.72937602542014
37.21368696608603    64.70360604533036
37.754972507267915    64.67813308836982
38.30413122794313    64.653167056631
38.86127764614443    64.62811804205285
39.4265279456077    64.60214059948893
40.000000000000206    64.57466008436941
40.58181339750116    64.5459060210642
41.1720894657399    64.51691900349049
41.77095129709678    64.48792229171794
42.37852377437204    64.45832620480726
42.9949335968281    64.42726449145903
43.62030930661056    64.39413180302003
44.25478131555359    64.35914876786426
44.89848193237519    64.32340957224703
45.55154539026795    64.28727680197768
46.21410787489121    64.25046782269818
46.88630755277036    64.21270135264872
47.56828460010916    64.17435003600472
48.260181232021196    64.13653006104799
48.962141732186545    64.0994614479282
49.674312482939705    64.06251558393785
50.39684199579528    64.02479900427505
51.129880942417586    63.985719240001714
51.873582186040764    63.94556124883844
52.628100813345895    63.90550044190037
53.393594166801776    63.865855500082425
54.17022187747612    63.82609527879824
54.95814589832399    63.78541302125702
55.75753053796041    63.743294618056055
56.56854249492426    63.7001073764758
57.39135089244048    63.65711421649633
58.226127313687975    63.61467507401239
59.073045837580466    63.572258618790464
59.932283075067765    63.529038836957504
60.804018205965114    63.48448503572065
61.68843301631817    63.43897322132601
62.58571193631152    63.39380355933346
63.49604207872855    63.349341996735085
64.41961327797075    63.305033445980804
65.35661812964459    63.26001898235299
66.3072520307241    63.21374605314538
67.27171322029778    63.166601793860224
68.25020282090806    63.11993170756816
69.2429248804921    63.07411280190379
70.25008641493265    63.028567482506105
71.27189745122783    62.982403287585456
72.30857107128878    62.935045431432606
73.36032345637442    62.886894581710365
74.42737393217246    62.83934700830616
75.50994501453623    62.792791421830664
76.60826245588666    62.74662369451863
77.72255529228926    62.699911601794525
78.85305589121582    62.652052041184525
80.00000000000082    62.603455924293165
81.16362679500274    62.55557009243575
82.34417893148023    62.508789702983265
83.541902594194    62.46247491485986
84.75704754874454    62.41564522770032
85.98986719365665    62.36766695290031
87.24061861322157    62.318972392478024
88.50956263110764    62.2710892051621
89.79696386475084    62.22446519072266
91.10309078053635    62.178493037428304
92.42821574978288    62.1322408153433
93.77261510554118    62.08517039832868
95.13656920021877    62.03788148196482
96.52036246404286    61.992119291697044
97.92428346437356    61.948448392578065
99.34862496587989    61.906202555083375
100.79368399159105    61.86413823982286
102.25976188483567    61.8210413817274
103.74716437208203    61.77634208230767
105.25620162669229    61.73079207854753
106.78718833360406    61.68639932640939
108.34044375495276    61.64391784122227
109.9162917966485    61.60277243927222
111.51506107592134    61.56174198241285
113.13708498984903    61.51960054741563
114.78270178488147    61.47577313002478
116.45225462737648    61.431064571427775
118.14609167516147    61.38760351712331
119.86456615013608    61.346185512625865
121.60803641193078    61.3062062061457
123.3768660326369    61.26639795273535
125.17142387262359    61.22551844996348
126.99208415745765    61.18305378055572
128.83922655594208    61.13999900404008
130.71323625928977    61.09879498444772
132.61450406144883    61.06046889846584
134.5434264405962    61.02451040958646
136.50040564181674    60.989561099188656
138.48584976098482    60.95400121265344
140.50017282986593    60.916505580691044
142.5437949024563    60.876659367113355
144.61714214257822    60.83570963725856
146.7206469127495    60.7964501796909
148.8547478643456    60.76010898612189
151.01989002907314    60.72621728502089
153.216524911774    60.69336597701719
155.4451105845792    60.65985429894622
157.70611178243232    60.62431208786514
160.00000000000236    60.58639972269038
162.3272535900062    60.54767178978421
164.6883578629612    60.5115073872104
167.08380518838874    60.4797651706875
169.51409509748981    60.45263919737962
171.97973438731407    60.42939173819902
174.4812372264439    60.40883118409868
177.01912526221608    60.3895745958979
179.5939277295025    60.370170929106365
182.20618156107355    60.349179811220935
184.85643149956664    60.32531055208014
187.54523021108326    60.29772928896506
190.27313840043846    60.26663379057155
193.04072492808663    60.23416208615883
195.84856692874806    60.204339286454356
198.69724993176072    60.17933165684759
201.58736798318304    60.15939356362731
204.5195237696723    60.14381643938584
207.49432874416505    60.131570841449985
210.5124032533856    60.121678512119686
213.57437666720915    60.113382667753214
216.68088750990657    60.106186346477244
219.83258359329807    60.0998151292255
223.03012215184378    60.0941421406037
226.2741699796992    60.08909632894259
229.5654035697641    60.08456327787745
232.90450925475412    60.080283277737095
236.2921833503241    60.07575539221148
239.72913230027333    60.070169650406875
243.21607282386276    60.06241224615085
246.75373206527502    60.05121847637487
250.34284774524843    60.035578268163995
253.9841683149166    60.01551491062808
257.67845311188546    59.99333313227687
261.42647251858085    59.973675963041764
265.22900812289896    59.958847373711286
269.08685288119375    59.94886612359153
273.0008112836349    59.94276754156231
276.97169952197106    59.93947994553842
281.00034565973334    59.938340888209204
285.0875898049141    59.93933994097197
289.23428428515797    59.94314070272312
293.44129382550057    59.950870857679355
297.7094957286928    59.963598546996685
302.0397800581479    59.98136299923159
306.4330498235497    60.00163589251368
310.89022116916016    60.0191668955392
315.41222356486645    60.03142321181921
320.00000000000654    60.03849392764403
324.6545071800142    60.041597432918856
329.3767157259242    60.042158736214674
334.16761037677935    60.0413490782721
339.02819019498156    60.03993816983939
343.95946877463007    60.03832615655232
348.9624744528898    60.036662560629665
354.03825052443415    60.0350005430059
359.187855459007    60.03346435942371
364.4123631221491    60.03241925894883
369.71286299913527    60.032622489548174
375.0904604221685    60.035299397906435
380.54627680087896    60.04203116910229
386.08144985617537    60.0542707732567
391.6971338574982    60.07224958801672
397.3944998635236    60.09305750656323
403.1747359663683    60.110434466642204
409.0390475393468    60.1218526474684
414.9886574883323    60.12841837365033
421.0248065067734    60.13301610547757
427.1487533344206    60.139123434028754
433.3617750198154    60.14988956396292
439.6651671865984    60.16693748080798
446.06024430368984    60.188378817448246
452.54833995940066    60.20869600367754
459.13080713953053    60.22665089990004
465.8090185095106    60.24460164505786
472.58436670065066    60.265152207225064
479.45826460054917    60.28767955810572
486.432145647728    60.30752141541307
493.50746413055253    60.324329647247254
500.6856954904994    60.34138469066464
507.9683366298358    60.36214333621231
515.3569062237735    60.38660887847813
522.8529450371643    60.41038238391263
530.4580162458005    60.43334007792443
538.1737057623901    60.458043715777606
546.0016225672724    60.48466930880678
553.9433990439449    60.50915263408015
562.0006913194694    60.532007110566866
570.1751796098309    60.556439638678015
578.4685685703187    60.582912678665295
586.8825876510039    60.607206917468304
595.4189914573883    60.62992249634479
604.0795601162986    60.6545008272768
612.8660996471021    60.68141454470326
621.780442338323    60.70605307084296
630.8244471297356    60.72883321798366
640.0000000000159    60.75299378692203
649.3090143600314    60.77834396381023
658.7534314518515    60.79913357648015
668.3352207535618    60.81541091512492
678.0563803899662    60.831758693737875
687.9189375492632    60.85239018402773
697.9249489057827    60.87605127934566
708.0765010488715    60.894748829551105
718.3757109180171    60.90682085107294
728.8247262443015    60.91628565044075
739.425725998274    60.92882622382786
750.1809208443404    60.94835274104255
761.0925536017613    60.97252131372138
772.1628997123541    60.991732964398125
783.3942677149998    61.00370131478758
794.7889997270506    61.01259212675927
806.34947193274    61.024557601812816
818.0780950786972    61.04406368699018
829.9773149766683    61.06904246733666
842.0496130135506    61.089767424377904
854.2975066688449    61.104925344278094
866.7235500396347    61.120003857874266
879.3303343732008    61.14091362405573
892.1204886073838    61.16734059281407
905.0966799188055    61.19082731025143
918.2616142790653    61.21182116761408
931.6180370190256    61.236570598847294
945.1687334013056    61.26743197829752
958.9165292011028    61.29893928923154
972.8642912954606    61.334049644923745
987.0149282611097    61.37682243525625
1001.3713909810035    61.42331097762666
1015.9366732596762    61.47295605912657
1030.7138124475518    61.52195573752499
1045.7058900743334    61.57178417453324
1060.916032491606    61.62085693102308
1076.3474115247852    61.673119188933974
1092.0032451345498    61.72907971039747
1107.8867980878947    61.793211610286406
1124.0013826389438    61.8606378684512
1140.350359219667    61.92814330680287
1156.9371371406426    62.003178904634474
1173.765175302013    62.08263057335083
1190.837982914782    62.157705047928474
1208.1591202326028    62.22700814193275
1225.73219929421    62.301401000771534
1243.5608846766518    62.379301811626654
1261.648894259477    62.4521778996946
1280.0000000000375    62.51972441976056
1298.6180287200684    62.596464061765076
1317.5068629037087    62.68553376483436
1336.6704415071292    62.78231473068155
1356.112760779938    62.88208485462782
1375.8378750985323    62.982196938609576
1395.8498978115715    63.081759026837005
1416.153002097749    63.18076112483472
1436.7514218360407    63.27943628313557
1457.6494524886093    63.37796123767028
1478.8514519965543    63.47636040554799
1500.3618416886875    63.574483829777954
1522.1851072035295    63.67204069711081
1544.3257994247153    63.768816611317355
1566.788535430007    63.86531472069433
1589.5779994541087    63.96393959295094
1612.6989438654878    64.07006343759107
1636.156190157402    64.19037926297166
1659.9546299533442    64.32315680135432
1684.099226027109    64.45227304536174
1708.5950133376978    64.58279376957516
1733.4471000792773    64.72350601049862
1758.6606687464096    64.86692538514934
1784.2409772147755    65.01600601695384
1810.193359837619    65.1678430407878
1836.5232285581387    65.33040365072671
1863.2360740380593    65.49336604409766
1890.3374668026197    65.65054840418878
1917.833058402214    65.8205972762638
1945.7285825909298    66.00512343281504
1974.0298565222283    66.19828590249831
2002.7427819620161    66.40031958613407
2031.8733465193618    66.61731223358095
2061.4276248951132    66.84574418938278
2091.411780148677    67.06065991942656
2121.832064983222    67.26547491665862
2152.694823049581    67.4782670091388
2184.0064902691106    67.7018658120594
2215.7735961758003    67.90942072484516
2248.002765277899    68.10041213494483
2280.7007184393456    68.29067629835562
2313.874274281297    68.49463794966164
2347.530350604038    68.7047995553425
2381.6759658295764    68.87931451636157
2416.318240465218    69.01800058541255
2451.4643985884327    69.16210776914863
2487.1217693533167    69.31439516004033
2523.2977885189675    69.45336020452733
2560.0000000000887    69.56658943887129
2597.236057440151    69.66688680777808
2635.0137258074315    69.73893698225883
2673.340883014273    69.78989550088279
2712.225521559891    69.83409932047924
2751.6757501970797    69.87806944586458
2791.699795623158    69.91894161141569
2832.3060041955137    69.94555315003151
2873.502843672097    69.95478854193091
2915.2989049772345    69.9683857033904
2957.7029039931244    69.9708067819546
3000.723683377391    69.96993104483487
3044.370214407075    69.9745352438347
3088.6515988494466    69.9754425501379
3133.57707086003    69.96495267224863
3179.1559989082334    69.96112877939066
3225.3978877309914    69.9392143052965
3272.3123803148205    69.90275172767703
3319.9092599067053    69.85787674863629
3368.198452054235    69.7922322194673
3417.190026675413    69.69804259711044
3466.8942001585724    69.60444024272365
3517.3213374928373    69.50137154274167
3568.4819544295697    69.39746000429417
3620.386719675257    69.26013037329241
3673.0464571162966    69.10335313810177
3726.472148076138    68.96117033946982
3780.6749336052594    68.84230227185758
3835.6661168044484    68.69569470997494
3891.45716518188    68.52416551005638
3948.059713044477    68.3444389698522
4005.4855639240527    68.16236092230929
4063.746693038744    67.98370299149514
4122.855249790247    67.8264601566503
4182.823560297375    67.69493513100586
4243.664129966465    67.53195150291947
4305.389646099183    67.3485393252102
4368.012980538242    67.18267436801275
4431.5471923516225    67.04545200364782
4496.00553055582    66.88040474582381
4561.401436878714    66.7134024758321
4627.748548562617    66.57575042488254
4695.060701208099    66.42834934859378
4763.351931659176    66.2902962027162
4832.63648093046    66.14068185095853
4902.928797176889    66.02729181607306
4974.243538706657    65.93277055322078
5046.595577037959    65.81578406288611
5120.000000000202    65.66200855750002
5194.472114880326    65.54157572533434
5270.027451614888    65.44220196064025
5346.6817660285715    65.34568165728831
5424.451043119808    65.27066002615628
5503.351500394186    65.23112067493375
5583.399591246343    65.15153377516083
5664.612008391055    65.04835552994452
5747.005687344222    64.96533024488154
5830.597809954497    64.92281753332978
5915.405807986278    64.86173918629234
6001.447366754812    64.81535185516384
6088.740428814181    64.75024508622924
6177.303197698925    64.72586767313481
6267.154141720092    64.69874411199983
6358.3119978165005    64.62808719259361
6450.795775462017    64.59825311768994
6544.624760629676    64.59066302567231
6639.818519813445    64.58245005344963
6736.396904108505    64.57249196460202
6834.380053350861    64.56256725774189
6933.788400317181    64.55337842898312
7034.642674985712    64.5454186497017
7136.963908859177    64.53928862794244
7240.773439350552    64.53587165063199
7346.092914232631    64.53739152210574
7452.944296152315    64.54516448879913
7561.349867210557    64.53757294046078
7671.332233608935    64.48937387424034
7782.914330363799    64.48116615085226
7896.119426088994    64.43292261301535
8010.971127848146    64.37360537128394
8127.49338607753    64.32705775325545
8245.710499580537    64.29515335545968
8365.647120594791    64.2556495885258
8487.328259932974    64.15369952575023
8610.77929219841    64.04417261412617
8736.025961076528    63.947522719290845
8863.094384703289    63.860975712765715
8992.011061111683    63.78338676966454
9122.802873757471    63.71586283282168
9255.497097125279    63.66126148007586
9390.121402416245    63.597663414800415
9526.7038633184    63.486651583142404
9665.272961860968    63.45375708298052
9805.857594353829    63.437617130983945
9948.487077413367    63.37726520187499
10093.19115407597    63.40750313587464
10240.000000000457    63.46843232079306
10388.944229760706    63.49957262827256
10540.05490322983    63.64214595275461
10693.363532057198    63.83344742354504
10848.902086239672    64.00359581262653
11006.703000788428    64.27802909584834
11166.799182492743    64.55226520912197
11329.224016782166    64.69594947631765
11494.0113746885    64.78300710779814
11661.195619909053    64.72738435586326
11830.811615972614    64.53455587172597
12002.894733509682    64.27639511947876
12177.48085762842    64.02384442104311
12354.606395397908    63.822100882912814
12534.308283440243    63.68359141415838
12716.62399563306    63.61965449402332
12901.591550924093    63.661916340912335
13089.249521259411    63.64331597587635
13279.637039626952    63.634831421768105
13472.793808217073    63.47580653326972
13668.760106701786    63.25427799926931
13867.576800634426    62.845990826081135
14069.285349971487    62.41684559249626
14273.927817718419    61.929788942225265
14481.54687870117    61.34567637803559
14692.18582846533    60.83746874172076
14905.888592304698    60.29109975340088
15122.699734421185    59.8423800112543
15342.664467217943    59.36146329651122
15565.828660727671    58.9808614742287
15792.238852178061    58.54951985289146
16021.942255696367    58.12676534455383
16254.986772155136    57.735074362825955
16491.42099916115    57.440127190751
16731.294241189662    57.07346642631339
16974.65651986603    56.70948439858653
17221.558584396902    56.34678732225
17472.051922153143    55.905719291398114
17726.188769406665    55.55495144329781
17984.022122223458    55.21784773267794
18245.605747515034    54.88268541401145
18510.99419425065    54.555048362014105
18780.242804832582    54.2257038253792
19053.40772663689    53.814212898753155
19330.545923722028    53.392045470555736
19611.71518870775    52.68148137609897
19896.974154826825    51.79365743762152
20186.382308152035    51.28481866394235
