
Frequency	dB	Unweighted
20	65.4
20.290906698750476	65.4
20.586044732869844	65.4
20.885475648548283	65.5
21.189261887185914	65.5
21.49746679841394	65.5
21.810154653305165	65.5
22.12739065777668	65.5
22.449240966187475	65.5
22.77577269513385	65.6
23.107053937445478	65.6
23.44315377638505	65.6
23.784142300054445	65.6
24.130090616010463	65.6
24.481070866093134	65.6
24.837156241469714	65.6
25.1984209978975	65.6
25.56494047120865	65.7
25.936791093020236	65.7
26.3140504066728	65.7
26.69679708340074	65.7
27.08511093873791	65.7
27.47907294916184	65.7
27.878765268980047	65.7
28.284271247461966	65.7
28.695675446220072	65.7
29.11306365684382	65.7
29.536522918790062	65.7
29.966141537533712	65.8
30.402009102982383	65.8
30.844216508158908	65.8
31.29285596815558	65.8
31.74802103936409	65.8
32.20980663898519	65.8
33.153626015361866	65.8
33.63585661014871	65.8
34.125101410453844	65.8
34.62146244024586	65.8
35.12504320746613	65.8
35.635948725613716	65.8
36.15428553564419	65.8
37.21368696608603	65.7
37.754972507267915	65.7
38.30413122794313	65.7
38.86127764614443	65.7
39.4265279456077	65.7
40.000000000000206	65.7
40.58181339750116	65.7
41.1720894657399	65.6
41.77095129709678	65.6
32.67830906482211	65.8
36.68016172818701	65.8
42.37852377437204	65.6
42.9949335968281	65.6
43.62030930661056	65.6
44.25478131555359	65.5
44.89848193237519	65.5
45.55154539026795	65.5
46.21410787489121	65.4
46.88630755277036	65.4
47.56828460010916	65.4
48.260181232021196	65.3
48.962141732186545	65.3
49.674312482939705	65.3
50.39684199579528	65.2
51.129880942417586	65.2
51.873582186040764	65.1
52.628100813345895	65.1
53.393594166801776	65.1
54.17022187747612	65.0
54.95814589832399	65.0
55.75753053796041	64.9
56.56854249492426	64.9
57.39135089244048	64.8
58.226127313687975	64.8
59.073045837580466	64.8
59.932283075067765	64.7
60.804018205965114	64.7
61.68843301631817	64.6
62.58571193631152	64.6
63.49604207872855	64.5
64.41961327797075	64.5
65.35661812964459	64.4
66.3072520307241	64.4
67.27171322029778	64.3
68.25020282090806	64.3
69.2429248804921	64.2
70.25008641493265	64.2
71.27189745122783	64.1
72.30857107128878	64.1
73.36032345637442	64.0
74.42737393217246	64.0
75.50994501453623	64.0
76.60826245588666	63.9
77.72255529228926	63.9
78.85305589121582	63.8
80.00000000000082	63.8
82.34417893148023	63.7
83.541902594194	63.6
84.75704754874454	63.6
85.98986719365665	63.6
87.24061861322157	63.5
88.50956263110764	63.5
89.79696386475084	63.4
91.10309078053635	63.4
92.42821574978288	63.3
93.77261510554118	63.3
95.13656920021877	63.3
96.52036246404286	63.2
97.92428346437356	63.2
99.34862496587989	63.2
100.79368399159105	63.1
102.25976188483567	63.1
103.74716437208203	63.0
105.25620162669229	63.0
106.78718833360406	63.0
108.34044375495276	62.9
109.9162917966485	62.9
111.51506107592134	62.9
113.13708498984903	62.8
114.78270178488147	62.8
116.45225462737648	62.8
118.14609167516147	62.7
119.86456615013608	62.7
121.60803641193078	62.7
123.3768660326369	62.6
125.17142387262359	62.6
126.99208415745765	62.6
128.83922655594208	62.5
130.71323625928977	62.5
132.61450406144883	62.5
134.5434264405962	62.5
136.50040564181674	62.4
138.48584976098482	62.4
140.50017282986593	62.4
142.5437949024563	62.3
144.61714214257822	62.3
146.7206469127495	62.3
148.8547478643456	62.2
151.01989002907314	62.2
153.216524911774	62.2
155.4451105845792	62.1
157.70611178243232	62.1
160.00000000000236	62.1
162.3272535900062	62.0
164.6883578629612	62.0
167.08380518838874	62.0
169.51409509748981	61.9
171.97973438731407	61.9
174.4812372264439	61.9
177.01912526221608	61.9
179.5939277295025	61.8
182.20618156107355	61.8
184.85643149956664	61.7
187.54523021108326	61.7
190.27313840043846	61.7
193.04072492808663	61.6
195.84856692874806	61.6
198.69724993176072	61.5
201.58736798318304	61.5
204.5195237696723	61.4
207.49432874416505	61.4
210.5124032533856	61.3
213.57437666720915	61.3
216.68088750990657	61.3
219.83258359329807	61.2
223.03012215184378	61.2
226.2741699796992	61.1
229.5654035697641	61.1
232.90450925475412	61.0
236.2921833503241	61.0
239.72913230027333	60.9
243.21607282386276	60.9
246.75373206527502	60.8
250.34284774524843	60.7
253.9841683149166	60.7
257.67845311188546	60.6
261.42647251858085	60.5
265.22900812289896	60.5
269.08685288119375	60.4
273.0008112836349	60.4
276.97169952197106	60.3
281.00034565973334	60.3
285.0875898049141	60.2
289.23428428515797	60.2
293.44129382550057	60.2
297.7094957286928	60.1
302.0397800581479	60.1
306.4330498235497	60.1
310.89022116916016	60.1
315.41222356486645	60.0
320.00000000000654	60.0
324.6545071800142	60.0
329.3767157259242	60.0
334.16761037677935	59.9
339.02819019498156	59.9
343.95946877463007	59.9
348.9624744528898	59.9
354.03825052443415	59.8
359.187855459007	59.8
364.4123631221491	59.8
369.71286299913527	59.8
375.0904604221685	59.8
380.54627680087896	59.8
386.08144985617537	59.8
391.6971338574982	59.8
397.3944998635236	59.8
403.1747359663683	59.8
409.0390475393468	59.8
414.9886574883323	59.8
421.0248065067734	59.8
427.1487533344206	59.8
433.3617750198154	59.8
439.6651671865984	59.8
446.06024430368984	59.8
452.54833995940066	59.8
459.13080713953053	59.9
465.8090185095106	59.9
472.58436670065066	59.9
486.432145647728	59.9
493.50746413055253	60.0
500.6856954904994	60.0
507.9683366298358	60.0
515.3569062237735	60.0
522.8529450371643	60.0
530.4580162458005	60.1
538.1737057623901	60.1
546.0016225672724	60.1
553.9433990439449	60.2
562.0006913194694	60.2
570.1751796098309	60.2
578.4685685703187	60.2
586.8825876510039	60.3
595.4189914573883	60.3
604.0795601162986	60.3
612.8660996471021	60.4
621.780442338323	60.4
630.8244471297356	60.4
640.0000000000159	60.5
649.3090143600314	60.5
658.7534314518515	60.5
668.3352207535618	60.6
678.0563803899662	60.6
697.9249489057827	60.7
708.0765010488715	60.7
718.3757109180171	60.8
728.8247262443015	60.8
739.425725998274	60.8
750.1809208443404	60.8
761.0925536017613	60.9
772.1628997123541	60.9
783.3942677149998	60.9
794.7889997270506	61.0
806.34947193274	61.0
818.0780950786972	61.0
829.9773149766683	61.1
842.0496130135506	61.1
854.2975066688449	61.2
866.7235500396347	61.2
879.3303343732008	61.2
892.1204886073838	61.3
905.0966799188055	61.3
918.2616142790653	61.4
945.1687334013056	61.5
972.8642912954606	61.6
987.0149282611097	61.7
1001.3713909810035	61.8
1015.9366732596762	61.9
1030.7138124475518	61.9
1045.7058900743334	62.0
1060.916032491606	62.1
1076.3474115247852	62.2
1092.0032451345498	62.3
1107.8867980878947	62.4
1124.0013826389438	62.5
1140.350359219667	62.6
1156.9371371406426	62.7
1173.765175302013	62.8
1208.1591202326028	63.0
1225.73219929421	63.1
1243.5608846766518	63.2
1261.648894259477	63.3
1280.0000000000375	63.4
1298.6180287200684	63.5
1317.5068629037087	63.6
1356.112760779938	63.9
1375.8378750985323	64.0
1395.8498978115715	64.1
1416.153002097749	64.2
1436.7514218360407	64.3
1457.6494524886093	64.4
1478.8514519965543	64.5
1500.3618416886875	64.6
1522.1851072035295	64.7
1544.3257994247153	64.8
1566.788535430007	64.9
1589.5779994541087	65.0
1612.6989438654878	65.1
1636.156190157402	65.2
1708.5950133376978	65.5
1733.4471000792773	65.6
1758.6606687464096	65.7
1784.2409772147755	65.9
1810.193359837619	66.0
1836.5232285581387	66.1
1863.2360740380593	66.2
1890.3374668026197	66.4
1917.833058402214	66.5
1945.7285825909298	66.6
1974.0298565222283	66.8
2002.7427819620161	66.9
2031.8733465193618	67.1
2061.4276248951132	67.3
2091.411780148677	67.5
2121.832064983222	67.7
2152.694823049581	67.8
2215.7735961758003	68.1
2248.002765277899	68.2
2280.7007184393456	68.4
2313.874274281297	68.5
2347.530350604038	68.7
2381.6759658295764	68.8
2416.318240465218	68.9
2451.4643985884327	69.0
2487.1217693533167	69.0
2523.2977885189675	69.1
2560.0000000000887	69.1
2597.236057440151	69.1
2635.0137258074315	69.1
2673.340883014273	69.1
2712.225521559891	69.0
2751.6757501970797	69.0
2791.699795623158	68.9
2832.3060041955137	68.8
2873.502843672097	68.7
2915.2989049772345	68.6
2957.7029039931244	68.4
3000.723683377391	68.2
3044.370214407075	68.1
3088.6515988494466	68.0
3133.57707086003	67.8
3179.1559989082334	67.7
3225.3978877309914	67.7
3319.9092599067053	67.6
3368.198452054235	67.6
3466.8942001585724	67.6
3517.3213374928373	67.7
3568.4819544295697	67.7
3620.386719675257	67.7
3673.0464571162966	67.7
3726.472148076138	67.8
3780.6749336052594	67.8
3835.6661168044484	67.8
3891.45716518188	67.8
3948.059713044477	67.8
4005.4855639240527	67.7
4122.855249790247	67.8
4182.823560297375	67.8
4243.664129966465	67.8
4305.389646099183	67.8
4368.012980538242	67.9
4496.00553055582	67.9
4627.748548562617	68.0
4695.060701208099	68.1
4763.351931659176	68.1
4832.63648093046	68.1
4902.928797176889	68.0
4974.243538706657	67.9
5120.000000000202	67.4
5270.027451614888	66.7
5346.6817660285715	66.2
5424.451043119808	65.8
5503.351500394186	65.4
5583.399591246343	65.1
5664.612008391055	64.7
5747.005687344222	64.3
5830.597809954497	64.0
5915.405807986278	63.8
6001.447366754812	63.6
6088.740428814181	63.4
6177.303197698925	63.3
6267.154141720092	63.3
6358.3119978165005	63.2
6450.795775462017	63.2
6544.624760629676	63.2
6639.818519813445	63.3
6736.396904108505	63.4
6834.380053350861	63.5
6933.788400317181	63.6
7034.642674985712	63.7
7136.963908859177	63.8
7240.773439350552	63.9
7346.092914232631	63.9
7452.944296152315	64.0
7561.349867210557	64.1
7671.332233608935	64.1
7782.914330363799	64.2
7896.119426088994	64.2
8010.971127848146	64.2
8127.49338607753	64.2
8245.710499580537	64.2
8365.647120594791	64.1
8487.328259932974	64.0
8736.025961076528	63.8
8863.094384703289	63.7
9122.802873757471	63.4
9255.497097125279	63.3
9390.121402416245	63.2
9526.7038633184	63.0
9665.272961860968	62.8
9805.857594353829	62.7
9948.487077413367	62.6
10093.19115407597	62.4
10240.000000000457	62.3
10388.944229760706	62.2
10540.05490322983	62.1
10693.363532057198	62.0
10848.902086239672	61.8
11006.703000788428	61.8
11166.799182492743	61.8
11329.224016782166	61.6
11494.0113746885	61.6
11661.195619909053	61.6
11830.811615972614	61.7
12002.894733509682	61.7
12177.48085762842	61.8
12354.606395397908	61.9
12534.308283440243	62.0
12716.62399563306	62.3
12901.591550924093	62.5
13089.249521259411	62.7
13279.637039626952	63.0
13472.793808217073	63.2
13668.760106701786	63.4
13867.576800634426	63.5
14069.285349971487	63.5
14273.927817718419	63.5
14481.54687870117	63.2
14692.18582846533	63.0
14905.888592304698	62.6
15122.699734421185	62.3
15342.664467217943	62.0
15565.828660727671	61.8
15792.238852178061	61.6
16021.942255696367	61.4
16254.986772155136	61.3
16491.42099916115	61.2
16731.294241189662	61.0
16974.65651986603	60.5
17221.558584396902	59.7
17726.188769406665	57.2
17984.022122223458	55.7
18245.605747515034	54.2
18510.99419425065	52.6
18780.242804832582	51.0
19053.40772663689	49.5
19330.545923722028	47.8
19611.71518870775	45.9
19896.974154826825	44.0
20186.382308152035	42.5
