20    66.7514714211535
20.290906698750476    66.78131969073473
20.586044732869844    66.81047012365357
20.885475648548283    66.83798242611692
21.189261887185914    66.86286147459805
21.49746679841394    66.88437812118782
21.810154653305165    66.90244405722866
22.12739065777668    66.91781052800636
22.449240966187475    66.93133949835806
22.77577269513385    66.94331737877715
23.107053937445478    66.95380827492541
23.44315377638505    66.96328015162138
23.784142300054445    66.97274080454159
24.130090616010463    66.98235925181028
24.481070866093134    66.99157208595483
24.837156241469714    66.99966113559552
25.1984209978975    67.0063120368448
25.56494047120865    67.01192040193902
25.936791093020236    67.01689394030201
26.3140504066728    67.02093842662775
26.69679708340074    67.0233480887813
27.08511093873791    67.02354589019268
27.47907294916184    67.0216367483366
27.878765268980047    67.01847687683711
28.284271247461966    67.01423203888709
28.695675446220072    67.00847005046955
29.11306365684382    67.00076164900138
29.536522918790062    66.99128923587797
29.966141537533712    66.98095735148225
30.402009102982383    66.9699654145463
30.844216508158908    66.9579145584907
31.29285596815558    66.94441266009505
31.74802103936409    66.92967163711481
32.20980663898519    66.91458416468139
32.67830906482211    66.89922777297413
33.153626015361866    66.88290304407532
33.63585661014871    66.86466317456657
34.125101410453844    66.84383345870172
34.62146244024586    66.82054791967875
35.12504320746613    66.7957917019672
35.635948725613716    66.76988321100492
36.15428553564419    66.7425497647008
36.68016172818701    66.71353060022327
37.21368696608603    66.68318438883074
37.754972507267915    66.65256835886476
38.30413122794313    66.62189882712136
38.86127764614443    66.59059295392385
39.4265279456077    66.55781299371012
40.000000000000206    66.52299260847442
40.58181339750116    66.48637021032758
41.1720894657399    66.44899583488117
41.77095129709678    66.41110270937544
42.37852377437204    66.37211161595773
42.9949335968281    66.33116723185981
43.62030930661056    66.2876755711935
44.25478131555359    66.24186902755355
44.89848193237519    66.19485392269488
45.55154539026795    66.1470053157957
46.21410787489121    66.09805335125544
46.88630755277036    66.04772979906312
47.56828460010916    65.99642059597052
48.260181232021196    65.94525543187375
48.962141732186545    65.89446800629202
49.674312482939705    65.84344353299095
50.39684199579528    65.79130249083813
51.129880942417586    65.7374664427026
51.873582186040764    65.68223443813244
52.628100813345895    65.6267960129971
53.393594166801776    65.57148397987407
54.17022187747612    65.51578130794512
54.95814589832399    65.45889531263516
55.75753053796041    65.40032589281151
56.56854249492426    65.34045427895822
57.39135089244048    65.28055720936402
58.226127313687975    65.22100831480965
59.073045837580466    65.16128981929891
59.932283075067765    65.10058910661505
60.804018205965114    65.0383887103856
61.68843301631817    64.97507767864151
62.58571193631152    64.91196902191744
63.49604207872855    64.84944132438615
64.41961327797075    64.78695191804991
65.35661812964459    64.72365407138619
66.3072520307241    64.65900719085431
67.27171322029778    64.59341013042574
68.25020282090806    64.5282198652283
69.2429248804921    64.46382462372173
70.25008641493265    64.39965777715697
71.27189745122783    64.33483757094292
72.30857107128878    64.26879966567937
73.36032345637442    64.20195491263861
74.42737393217246    64.1357095014186
75.50994501453623    64.07046179779717
76.60826245588666    64.0056170644905
77.72255529228926    63.94025220302688
78.85305589121582    63.87377297336839
80.00000000000082    63.806598886952095
81.16362679500274    63.740185123697984
82.34417893148023    63.67493491999953
83.541902594194    63.610216256098816
84.75704754874454    63.54505619731853
85.98986719365665    63.47882836735208
87.24061861322157    63.41197212950139
88.50956263110764    63.34602195525171
89.79696386475084    63.28143221117775
91.10309078053635    63.21760190904396
92.42821574978288    63.15360520179697
93.77261510554118    63.08890980829901
95.13656920021877    63.02412103400919
96.52036246404286    62.9609894819046
97.92428346437356    62.90008486500826
99.34862496587989    62.840745874995754
100.79368399159105    62.78173366970027
102.25976188483567    62.721838660094505
103.74716437208203    62.66049520534614
105.25620162669229    62.59845908451175
106.78718833360406    62.53774208284871
108.34044375495276    62.47910183502003
109.9162917966485    62.42196656951579
111.51506107592134    62.36511835611417
113.13708498984903    62.30733427810718
114.78270178488147    62.2480421392612
116.45225462737648    62.18804939322959
118.14609167516147    62.12948710540415
119.86456615013608    62.073153051650856
121.60803641193078    62.018444924072845
123.3768660326369    61.96409693829752
125.17142387262359    61.908868472352154
126.99208415745765    61.852247112571625
128.83922655594208    61.79522924857882
130.71323625928977    61.7402569043913
132.61450406144883    61.688358250052055
134.5434264405962    61.63902377932984
136.50040564181674    61.59089574442646
138.48584976098482    61.54235490578981
140.50017282986593    61.49207645721139
142.5437949024563    61.43964577743915
144.61714214257822    61.38631000250974
146.7206469127495    61.33486285142049
148.8547478643456    61.28653211008301
151.01989002907314    61.24084866902217
153.216524911774    61.196402962917716
155.4451105845792    61.151493638835554
157.70611178243232    61.10474982446802
160.00000000000236    61.05583107403001
162.3272535900062    61.00629103813092
164.6883578629612    60.95950777233591
167.08380518838874    60.91733878743843
169.51409509748981    60.87997689757609
171.97973438731407    60.846683036857804
174.4812372264439    60.816264169972406
177.01912526221608    60.78733584631531
179.5939277295025    60.75844542909099
182.20618156107355    60.72815087685877
184.85643149956664    60.695159758100296
187.54523021108326    60.65863640049002
190.27313840043846    60.61877669898811
193.04072492808663    60.57771674905389
195.84856692874806    60.53947967155427
198.69724993176072    60.506229689894035
201.58736798318304    60.478219080117505
204.5195237696723    60.45473714009968
207.49432874416505    60.43475225168274
210.5124032533856    60.41728394453391
213.57437666720915    60.40157318876055
216.68088750990657    60.3871207460566
219.83258359329807    60.373649894081495
223.03012215184378    60.36103143056644
226.2741699796992    60.349191956507376
229.5654035697641    60.33801469078132
232.90450925475412    60.3272375444673
236.2921833503241    60.316357190339794
239.72913230027333    60.30456125764272
243.21607282386276    60.29073353400553
246.75373206527502    60.27360690632931
250.34284774524843    60.25216889023155
253.9841683149166    60.22644036420524
257.67845311188546    60.19872364917452
261.42647251858085    60.17365937259071
265.22900812289896    60.15354910983684
269.08685288119375    60.13840923375279
273.0008112836349    60.127272697453904
276.97169952197106    60.119065455453175
281.00034565973334    60.113122710962806
285.0875898049141    60.10943170129188
289.23428428515797    60.10865370800658
293.44129382550057    60.111914116027066
297.7094957286928    60.120278786431335
302.0397800581479    60.13378468801233
306.4330498235497    60.149901260460325
310.89022116916016    60.16337595628249
315.41222356486645    60.17167378589547
320.00000000000654    60.17488166635555
324.6545071800142    60.17421584288365
329.3767157259242    60.171099204532
334.16761037677935    60.166700898232385
339.02819019498156    60.16178856711003
343.95946877463007    60.15676031577307
348.9624744528898    60.15176365235416
354.03825052443415    60.14684975092805
359.187855459007    60.14214090783022
364.4123631221491    60.13800044034136
369.71286299913527    60.135183692381304
375.0904604221685    60.13491413438932
380.54627680087896    60.138771103014555
386.08144985617537    60.14820574773105
391.6971338574982    60.163447653242756
397.3944998635236    60.181584947368954
403.1747359663683    60.196355829911745
409.0390475393468    60.20523076935602
414.9886574883323    60.209314406552714
421.0248065067734    60.21148954472803
427.1487533344206    60.21523214427825
433.3617750198154    60.223689805214704
439.6651671865984    60.2384839340736
446.06024430368984    60.25772460999416
452.54833995940066    60.275892733832634
459.13080713953053    60.29174866139547
465.8090185095106    60.307649050871504
472.58436670065066    60.326196412903826
479.45826460054917    60.34676628453962
486.432145647728    60.36469497103566
493.50746413055253    60.37963294963748
500.6856954904994    60.39485928752563
507.9683366298358    60.41382942570294
515.3569062237735    60.436545328873294
522.8529450371643    60.458606752568286
530.4580162458005    60.47988862952333
538.1737057623901    60.50295143983154
546.0016225672724    60.52796993639068
553.9433990439449    60.55087865377295
562.0006913194694    60.572189783573656
570.1751796098309    60.595109013106644
578.4685685703187    60.62009760293046
586.8825876510039    60.64293505279415
595.4189914573883    60.66422032833664
604.0795601162986    60.68739367653045
612.8660996471021    60.71292657641905
621.780442338323    60.73620730340973
630.8244471297356    60.7576515304957
640.0000000000159    60.780496925589695
649.3090143600314    60.80455154722238
658.7534314518515    60.82406409967363
668.3352207535618    60.83908175241305
678.0563803899662    60.8541861002466
687.9189375492632    60.87358929588404
697.9249489057827    60.89603611245863
708.0765010488715    60.91353227692158
718.3757109180171    60.92441467856241
728.8247262443015    60.93270049092452
739.425725998274    60.9440715696516
750.1809208443404    60.9624369346946
761.0925536017613    60.98545153662571
772.1628997123541    61.003515223724975
783.3942677149998    61.01434042816995
794.7889997270506    61.022091704793986
806.34947193274    61.03292002821391
818.0780950786972    61.05129009625124
829.9773149766683    61.075132719745824
842.0496130135506    61.094720078215396
854.2975066688449    61.10873762501054
866.7235500396347    61.122671624143734
879.3303343732008    61.142431330242374
892.1204886073838    61.16770124793131
905.0966799188055    61.19002243290967
918.2616142790653    61.20984073676452
931.6180370190256    61.23340299998976
945.1687334013056    61.263063944806206
958.9165292011028    61.2933558384188
972.8642912954606    61.32723400842517
987.0149282611097    61.36875598327909
1001.3713909810035    61.41397313655812
1015.9366732596762    61.46232422194765
1030.7138124475518    61.51000516641954
1045.7058900743334    61.558487895018715
1060.916032491606    61.60618561685987
1076.3474115247852    61.65704103699214
1092.0032451345498    61.711560304572394
1107.8867980878947    61.77421377345733
1124.0013826389438    61.84012150136759
1140.350359219667    61.90606521266093
1156.9371371406426    61.97949259796836
1173.765175302013    62.05728607170904
1190.837982914782    62.13064864463123
1208.1591202326028    62.198182158010205
1225.73219929421    62.27074351396126
1243.5608846766518    62.34674636005797
1261.648894259477    62.41765315760463
1280.0000000000375    62.48315384226485
1298.6180287200684    62.55776549534145
1317.5068629037087    62.64461901976433
1336.6704415071292    62.73908911122103
1356.112760779938    62.83644664214212
1375.8378750985323    62.93403682229268
1395.8498978115715    63.030959475934
1416.153002097749    63.12719569548224
1436.7514218360407    63.22296885201428
1457.6494524886093    63.318445153605914
1478.8514519965543    63.41363754898164
1500.3618416886875    63.50838356862733
1522.1851072035295    63.60237872593186
1544.3257994247153    63.69539365881464
1566.788535430007    63.78791510847993
1589.5779994541087    63.88232962596657
1612.6989438654878    63.98398960373313
1636.156190157402    64.09956621612973
1659.9546299533442    64.2273050982168
1684.099226027109    64.35105660187476
1708.5950133376978    64.47585699776523
1733.4471000792773    64.6104605903792
1758.6606687464096    64.74734661950568
1784.2409772147755    64.8894287088087
1810.193359837619    65.03375682415695
1836.5232285581387    65.18824769473832
1863.2360740380593    65.34252303855072
1890.3374668026197    65.49033772106733
1917.833058402214    65.65026718658048
1945.7285825909298    65.82384224151306
1974.0298565222283    66.00513184628181
2002.7427819620161    66.19426932061992
2031.8733465193618    66.39722771817648
2061.4276248951132    66.61035776267667
2091.411780148677    66.8085573477255
2121.832064983222    66.99507619852308
2152.694823049581    67.18780473702634
2184.0064902691106    67.38936094022166
2215.7735961758003    67.57265568821546
2248.002765277899    67.73690143343659
2280.7007184393456    67.89763494387059
2313.874274281297    68.06894862588202
2347.530350604038    68.24298004366482
2381.6759658295764    68.37748800670748
2416.318240465218    68.47187306683219
2451.4643985884327    68.56695896894308
2487.1217693533167    68.66509268279663
2523.2977885189675    68.74441080074567
2560.0000000000887    68.79224674495963
2597.236057440151    68.82134106645493
2635.0137258074315    68.81661787801312
2673.340883014273    68.78592134194683
2712.225521559891    68.74489886351247
2751.6757501970797    68.7021786149204
2791.699795623158    68.65792793591864
2832.3060041955137    68.6049441642467
2873.502843672097    68.54479197000161
2915.2989049772345    68.50412929182272
2957.7029039931244    68.47185116719176
3000.723683377391    68.45895956845342
3044.370214407075    68.47537544902497
3088.6515988494466    68.51082045892042
3133.57707086003    68.55449007042522
3179.1559989082334    68.61999951573536
3225.3978877309914    68.67763228608031
3272.3123803148205    68.7262034322945
3319.9092599067053    68.76784900703404
3368.198452054235    68.78715478642597
3417.190026675413    68.77422616549659
3466.8942001585724    68.75688293291442
3517.3213374928373    68.72438661991985
3568.4819544295697    68.68512820777917
3620.386719675257    68.60660423126056
3673.0464571162966    68.50304716727466
3726.472148076138    68.40886862633708
3780.6749336052594    68.33320916416774
3835.6661168044484    68.22544812430631
3891.45716518188    68.08882691608507
3948.059713044477    67.94046980117191
4005.4855639240527    67.7865919495837
4063.746693038744    67.6333008939172
4122.855249790247    67.49889393264579
4182.823560297375    67.3879439113634
4243.664129966465    67.2435146188429
4305.389646099183    67.07684902715418
4368.012980538242    66.92611130685945
4431.5471923516225    66.8025634163163
4496.00553055582    66.64988519312111
4561.401436878714    66.494076934344
4627.748548562617    66.36655951895187
4695.060701208099    66.22833651105299
4763.351931659176    66.09859656628484
4832.63648093046    65.95651269112291
4902.928797176889    65.84994438771187
4974.243538706657    65.76160318529972
5046.595577037959    65.6502163970462
5120.000000000202    65.50151683659698
5194.472114880326    65.38568905647456
5270.027451614888    65.29049949362255
5346.6817660285715    65.19779063317677
5424.451043119808    65.1262546614159
5503.351500394186    65.08992185334868
5583.399591246343    65.01330952147117
5664.612008391055    64.91292223416728
5747.005687344222    64.8325545924616
5830.597809954497    64.79261907078285
5915.405807986278    64.7340934113693
6001.447366754812    64.69029366070407
6088.740428814181    64.62787230338097
6177.303197698925    64.6063443484118
6267.154141720092    64.58230301107689
6358.3119978165005    64.51503085252949
6450.795775462017    64.48895257534092
6544.624760629676    64.48555315053689
6639.818519813445    64.4820202402013
6736.396904108505    64.47727084616983
6834.380053350861    64.47310015899313
6933.788400317181    64.47019658963859
7034.642674985712    64.46899990741831
7136.963908859177    64.47001035376023
7240.773439350552    64.47395828909484
7346.092914232631    64.4828610011681
7452.944296152315    64.49777974010111
7561.349867210557    64.4968063138014
7671.332233608935    64.45439270125686
7782.914330363799    64.45084649976411
7896.119426088994    64.4058950632628
8010.971127848146    64.3483316784707
8127.49338607753    64.30193151810586
8245.710499580537    64.26861272645067
8365.647120594791    64.22628713713223
8487.328259932974    64.12035470350264
8610.77929219841    64.00599561611321
8736.025961076528    63.9040041257725
8863.094384703289    63.811942366655884
8992.011061111683    63.72896942643818
9122.802873757471    63.6564442055709
9255.497097125279    63.597414167659004
9390.121402416245    63.53008624552318
9526.7038633184    63.41611085265749
9665.272961860968    63.38103675017421
9805.857594353829    63.36347981356421
9948.487077413367    63.30242409002048
10093.19115407597    63.33260380608631
10240.000000000457    63.39404282762861
10388.944229760706    63.42618005472225
10540.05490322983    63.57015767303652
10693.363532057198    63.76319555569204
10848.902086239672    63.93534362362517
11006.703000788428    64.21197841134534
11166.799182492743    64.4885641402058
11329.224016782166    64.63469999309766
11494.0113746885    64.72427216046424
11661.195619909053    64.67119437210627
11830.811615972614    64.48091455128356
12002.894733509682    64.22528450939734
12177.48085762842    63.97522929585798
12354.606395397908    63.77593247823913
12534.308283440243    63.63981057491768
12716.62399563306    63.578194303392586
12901.591550924093    63.6227042958207
13089.249521259411    63.60627577147667
13279.637039626952    63.599884402165195
13472.793808217073    63.44287285983832
13668.760106701786    63.223277581757074
13867.576800634426    62.816844055748845
14069.285349971487    62.389473911017454
14273.927817718419    61.90411527506367
14481.54687870117    61.32162545657956
14692.18582846533    60.81496733457428
14905.888592304698    60.27007682387942
15122.699734421185    59.82276681526449
15342.664467217943    59.34319343255494
15565.828660727671    58.96387089521189
15792.238852178061    58.53374684768452
16021.942255696367    58.112150495799604
16254.986772155136    57.72156048627748
16491.42099916115    57.42765926041206
16731.294241189662    57.0619914888134
16974.65651986603    56.698951479523494
17221.558584396902    56.33714732665511
17472.051922153143    55.89692489999329
17726.188769406665    55.546957005816
17984.022122223458    55.21060915918262
18245.605747515034    54.876160064855426
18510.99419425065    54.54919493694791
18780.242804832582    54.22048225136018
19053.40772663689    53.809584220830935
19330.545923722028    53.387971718413716
19611.71518870775    52.67792556835932
19896.974154826825    51.790582852790564
20186.382308152035    51.282190536996055
